17.2
35.0
224.7
341.9
971.4
995.4
1150.0
1569.7
1887.8
1954.3
2674.8
2834.3
2859.9
2943.6
3141.2
3209.5
3225.3
3276.2
3480.0
3594.8
3714.0
3797.4
4173.1
4446.4
4461.5
4527.6
4970.5
5127.9
5457.3
5842.4
5869.8
5881.1
5934.7
5994.0
6149.2
6498.6
6772.1
6971.4
7046.2
7075.9
7675.3
7748.2
7893.4
7958.8
8250.7
8731.7
8829.4
8924.9
8941.8
9029.5
9261.2
10492.4
10805.0
10990.2
11403.3
11774.4
11817.4
11848.2
11871.0
12458.5
12513.2
12618.2
12631.9
12688.9
12918.9
13550.8
13948.5
14150.4
14332.7
14699.2
14837.8
15024.9
15030.0
15419.0
15699.2
15823.1
15890.9
16120.0
16557.1
16723.1
16795.7
17401.9
17608.8
17660.0
17938.6
17984.5
18198.2
18293.3
18605.2
18890.4
18982.9
19102.6
19187.3
19196.5
19279.3
20054.8
20138.9
20144.1
20245.7
20633.0
20653.8
20799.0
21298.8
21809.8
22029.2
22134.4
22295.2
22318.3
22529.7
22791.4
22896.9
