111.5
586.6
926.4
1089.0
1178.2
1289.9
1391.9
1463.1
1502.4
1858.7
1863.7
1987.4
2079.6
2217.2
2231.6
2231.7
2490.0
2512.9
2552.3
2773.1
2803.5
2895.2
2937.2
3082.4
3285.3
3427.6
3438.4
3441.2
3582.7
3628.7
3944.4
4256.0
4310.3
4625.3
4652.7
4697.9
4703.4
5031.0
5074.6
5172.7
5548.4
5564.7
5976.1
6110.4
7721.7
7901.7
7905.8
7957.7
8472.7
8737.8
8857.0
8858.7
8889.3
8890.2
8899.1
9049.0
9051.7
9109.6
9144.0
9347.4
9680.6
9890.7
10180.1
10240.4
10244.5
10265.9
10358.4
10428.5
10432.8
10473.2
10790.3
10832.1
10849.6
10892.4
10966.1
11058.7
11058.8
11771.6
11934.9
11960.7
12005.7
12439.1
12871.0
13093.3
13118.8
13193.2
13449.5
13671.0
13707.9
14045.0
14097.4
14225.8
14345.9
14548.6
14857.6
14904.5
14906.8
14941.8
15036.2
15111.4
15143.7
15657.4
15716.4
15897.6
16328.1
16574.2
16706.3
16807.2
17162.4
17594.4
17623.6
18006.0
18078.1
18353.0
18497.1
18571.2
18916.6
18973.7
19011.1
19311.1
20387.2
21091.8
21098.3
21220.0
21407.0
22164.0
22988.1
