371.1
445.0
702.8
707.1
763.1
951.6
1111.6
1138.8
1765.9
1831.8
2131.1
2377.3
2697.1
2711.6
2771.3
2976.9
3324.0
3749.7
3844.6
3871.3
3963.3
4233.0
4364.0
4410.8
5954.2
6086.5
6185.6
6578.1
6580.6
7465.1
7531.4
7575.9
7880.1
7929.8
8001.1
8062.8
8148.1
8170.3
8253.4
8591.2
8635.9
8646.3
9017.3
9448.5
9650.2
9826.7
10382.3
10530.6
10622.9
10912.3
11023.2
11327.5
11984.3
12494.6
12512.9
12648.6
12790.5
12813.9
13168.1
13221.4
13230.5
13553.4
13677.9
14057.3
14277.2
14469.1
14633.1
14704.3
14712.5
14775.2
14797.7
15329.8
15363.9
16140.7
16150.0
16156.2
16292.3
16839.1
17322.2
17383.5
17433.9
17515.9
17669.3
18029.1
18123.1
18939.6
19507.9
19658.9
19760.0
19821.5
19852.6
19880.3
19902.4
20130.4
20335.3
20656.6
21240.3
21461.6
21543.7
21749.7
21874.5
21951.5
22452.1
22752.9
22918.4
