160.3
516.7
612.5
638.7
889.0
908.3
1020.1
1157.2
1203.5
1701.4
1740.3
1785.1
1821.4
2064.8
2336.3
2498.6
2742.7
2764.7
2805.5
2957.6
3002.4
3104.6
3430.8
3547.0
3561.3
3752.1
3766.2
3987.9
4067.1
4451.2
4606.3
4699.0
4920.6
5101.3
5190.8
5209.0
5308.2
5563.0
5735.0
5738.9
5858.7
6212.2
6648.3
6687.4
6751.3
6946.0
7125.9
7507.3
8009.2
8066.7
8188.8
8846.8
8977.1
9359.8
9385.4
9545.9
9568.8
9572.6
9746.0
10034.9
10300.6
10314.6
10447.2
10456.2
10911.9
11135.2
11174.5
11261.1
11301.9
11686.6
12176.2
12246.5
12267.5
12626.4
12745.3
12871.3
12916.8
12918.4
12923.7
12955.2
13021.5
13325.3
13570.3
13888.5
14176.0
14538.8
14808.1
15016.3
15505.4
15852.1
15871.1
16120.6
16469.5
16545.0
16667.0
17039.2
17125.0
17371.9
17490.8
17514.3
17870.3
18077.0
18293.5
18673.6
18695.8
19205.9
19565.0
19570.5
19749.2
19776.0
19939.5
19962.6
19966.6
20245.4
20269.1
20582.5
20782.3
21051.5
21200.3
21266.2
21324.9
21627.1
21792.5
22434.9
22451.7
22486.4
22560.5
