74.7
171.2
176.4
1043.0
1055.8
1404.4
1408.1
1917.8
2442.6
2461.7
2464.5
2571.6
2654.5
2764.3
2947.2
3193.4
3598.0
3625.8
3794.5
3816.3
4270.0
4366.9
5320.0
5328.7
5407.4
5521.2
5635.1
6497.8
6735.8
6779.0
6861.5
6888.5
6963.1
7080.8
7142.4
7433.4
7436.7
7498.6
7510.3
7526.5
7730.1
7755.5
7766.3
8036.1
8059.5
8062.1
8178.6
8186.7
8268.5
8391.4
8465.7
8471.5
8505.6
9151.0
9250.6
9277.0
9486.1
10127.4
10201.0
10202.1
10609.4
11188.0
11335.7
11342.1
11801.1
12053.0
12126.8
12439.1
12571.7
12639.0
12695.5
12762.6
13091.5
13302.0
13336.9
13403.7
13645.2
13804.3
13813.0
13940.0
14024.5
14054.7
14351.6
14654.0
14707.4
15228.9
15229.5
15453.1
15497.6
15556.7
16106.3
16418.4
16976.9
17801.9
17875.5
17883.9
17937.4
18013.5
18445.1
18657.3
19313.9
19423.3
19497.6
19597.7
19637.7
19686.7
19711.3
20541.5
20803.9
20940.5
21028.1
21601.2
21720.6
21928.0
22300.5
22913.1
22969.6
22991.9
