147.8
178.5
508.6
826.9
842.0
1054.3
1142.0
1233.0
1751.9
1781.9
2049.7
2061.2
2314.0
2669.3
2685.7
2687.9
2748.3
2884.0
3043.6
3086.1
3223.2
3364.0
3444.6
3477.6
3882.1
4142.4
5094.2
5133.7
5550.2
5567.6
5721.7
6136.9
6221.1
6239.4
6528.1
6553.6
6900.7
7048.8
7195.0
7207.4
7441.1
7496.5
7630.4
7910.5
8001.5
8215.1
8402.2
8983.7
9061.1
9897.2
10016.7
10905.9
11058.3
11163.3
11426.4
11494.0
11610.8
11694.5
11750.9
11760.4
12319.6
12911.6
13466.2
13527.3
13675.9
13770.8
14030.9
14329.9
14463.0
14688.2
14913.5
15087.1
15100.1
15126.7
15196.7
15199.5
15528.4
15535.4
16526.9
16870.1
17278.7
17386.6
17386.7
17876.3
17898.4
18391.1
18525.8
18736.6
19296.1
19313.1
19318.5
19333.6
19335.1
19374.7
19931.8
20090.2
20492.2
20714.9
20790.5
21068.7
21463.9
21950.4
22403.0
22426.3
22465.9
22775.0
22779.2
22792.8
