235.3
726.1
792.3
1467.6
1538.8
1540.0
1585.3
1645.6
1648.6
1661.1
1896.9
1963.9
2232.4
2243.7
2261.4
2270.8
2313.4
2843.0
3225.5
3285.8
3556.4
3763.5
3817.1
4009.0
4009.3
4279.1
4414.2
4897.6
5193.8
5443.7
5512.1
5634.6
6015.0
6099.0
6324.7
7065.8
7095.6
7516.0
7782.1
8031.8
8220.4
8269.3
8489.1
8506.8
8527.9
8654.5
8816.3
9212.6
9462.3
9865.5
9904.9
10471.4
10648.6
10814.8
10921.6
11091.5
11110.2
11216.8
11461.6
11939.2
11971.2
12003.6
12096.7
12419.1
12431.4
12525.0
12815.4
13037.4
13178.4
13266.1
13356.4
13688.6
13843.6
13973.1
13994.5
14116.7
14309.4
14311.3
14528.2
15127.2
15134.0
15187.5
15455.8
15613.1
15723.4
16526.2
16736.9
16832.0
16862.0
17196.1
17476.6
17717.3
17849.4
17866.4
17962.3
18098.6
18363.0
18615.8
18820.0
19067.9
19159.4
19179.0
19293.9
19382.0
19428.2
19879.1
20357.2
20780.4
21292.4
21588.2
22299.6
22370.3
22374.5
22894.3
22946.2
22981.0
