115.6
434.7
733.5
1441.3
1455.3
1518.4
1567.6
1792.8
2111.1
2237.9
2276.5
2400.8
2703.4
2899.8
3061.9
3476.5
3573.8
3817.1
3832.8
3840.0
4427.0
4437.3
4715.2
4758.1
4776.7
4951.6
5199.6
5241.6
5333.2
5387.2
5530.7
5792.2
5884.5
6184.8
6267.9
6521.8
6902.7
6974.4
7062.5
7070.5
7160.7
7221.4
7308.3
7337.6
7850.6
7862.7
7980.4
8062.4
8468.7
8637.6
9095.1
9255.5
9589.8
9597.3
9764.2
9837.1
9925.6
10264.2
10511.7
10733.9
10991.6
11733.5
11884.1
12024.1
12086.6
12159.8
12347.8
12348.2
12365.2
12580.5
12611.9
12684.3
13372.2
13584.7
14209.6
14443.2
15498.6
15803.2
15811.0
16121.4
16441.1
16579.0
16641.8
16658.9
16953.8
16964.1
17021.6
17440.9
17470.9
17705.6
17763.8
18132.6
18222.0
18385.5
18469.4
18489.8
18539.5
18610.2
18726.9
18728.9
18910.2
19209.8
19227.4
19458.9
19478.4
19649.6
19728.7
19936.5
19972.6
20222.9
20305.8
20415.1
20486.9
20671.9
20792.3
21186.8
21191.5
21229.3
21326.1
21469.7
22102.1
22646.9
22720.1
22916.0
22989.1
