265.1
265.3
289.6
433.4
439.5
571.6
587.1
1023.1
1091.5
1379.7
1455.0
1692.9
1965.7
2384.4
3119.0
3297.9
3429.5
3492.5
3756.3
3852.4
3891.7
4276.0
4665.5
5258.9
5259.6
5875.5
6006.9
6113.3
6466.3
6644.7
6659.4
6895.8
7078.0
7322.4
7456.1
7596.7
7792.3
7912.3
7919.9
8044.9
8196.4
8233.2
8415.5
8489.2
8724.9
9131.9
9216.9
9455.0
9478.1
9588.2
9741.6
9947.0
9969.3
10235.6
10255.7
11087.1
11103.5
11172.1
11521.6
11610.0
11874.6
11876.6
12023.7
12036.1
12293.5
12373.7
12610.2
13150.5
13177.0
13188.2
13306.4
13367.8
13438.2
13445.1
14037.2
14117.0
14199.4
15357.5
15416.6
15611.9
15618.0
16033.4
16127.1
16347.4
16798.1
17186.5
17206.7
17904.7
17915.2
18720.3
19343.1
19519.5
19775.6
19780.5
19805.7
19876.1
20035.1
20097.1
20140.4
20186.9
20249.1
20394.3
20471.5
20487.6
20700.7
20803.8
20905.8
21021.7
21060.5
21390.1
21442.7
21702.4
22377.2
22379.1
22599.2
22919.1
