40.6
593.4
765.0
870.2
958.2
1675.3
1766.4
2108.5
2120.1
2663.9
2722.4
2735.3
2986.8
3043.2
3124.3
3898.6
4300.5
4406.0
4512.6
4934.8
5189.9
5308.9
6098.8
6831.3
6855.4
6869.3
7350.9
7377.6
7461.5
7487.9
7744.0
7854.3
7917.1
8912.2
9787.0
9832.2
9878.7
10256.8
10627.1
10746.1
11306.7
11643.0
12181.7
12516.6
12603.6
12683.3
12814.3
12896.3
13499.9
13553.9
13558.8
13563.6
13567.8
14022.0
14039.4
14264.6
14713.5
14735.0
14817.2
14876.1
15307.1
15997.7
16198.0
16505.7
17006.4
17010.3
17366.3
17703.2
17851.4
17856.1
17874.0
18114.1
18173.4
18550.4
18721.6
18979.7
19034.8
19529.3
19791.6
20046.3
20471.4
20531.6
20676.7
20884.6
20942.5
21015.1
21240.0
21288.7
21297.7
21379.8
21404.8
21909.5
22027.3
22315.7
22516.8
22557.5
22631.0
22734.7
22933.4
22949.2
22993.1
