255.6
612.3
1066.6
1132.4
1165.0
1448.0
1610.2
1661.3
1795.0
2168.1
3179.3
3482.0
3506.7
3592.8
3675.2
3774.5
4045.3
4279.8
4425.4
4545.0
4778.8
4821.8
5108.8
5547.7
5886.3
5991.9
6135.7
6413.7
6781.2
6878.3
7458.1
7682.7
7816.5
7896.1
8038.2
8676.9
8822.7
8961.4
9208.8
10043.4
10117.1
10798.7
10886.9
10936.2
11035.3
11093.2
11152.7
11431.8
11456.5
11965.6
12489.6
12538.1
12574.2
12620.3
12656.5
13047.1
13069.3
13267.8
13450.8
13473.2
13713.4
14111.9
14605.3
14783.5
14967.6
15192.0
15319.6
15393.5
15464.1
15546.8
15669.3
15690.8
15744.9
15883.2
15889.8
16002.6
16666.1
16973.6
17047.5
17112.7
17372.2
17389.0
17510.8
17705.7
17755.2
17803.8
18224.5
18428.1
18748.7
18810.3
19279.4
19288.3
19535.2
19575.4
19731.0
19737.6
19997.4
20359.1
20935.4
21099.1
21289.9
22109.8
22496.1
22933.0
