61.5
446.7
453.4
778.5
1058.9
1077.7
1238.7
1270.3
1593.1
2055.2
2437.6
2458.8
2690.0
2775.8
3464.0
3643.2
3668.3
3786.7
4248.6
4265.7
4268.8
4364.2
4380.0
4388.3
4906.1
5025.4
5249.0
5531.0
5572.9
5582.4
5703.3
5934.6
6002.2
6140.7
6722.3
6821.2
6850.0
7001.1
7088.1
7662.6
7998.5
8545.9
8964.7
9396.7
9419.2
9497.9
9581.0
9924.9
10004.4
10053.2
10201.5
10660.1
10676.3
11083.7
11100.6
11306.8
11512.2
11865.7
11984.5
12122.9
12155.9
12239.0
12519.2
12741.7
12841.8
12899.8
12908.1
13377.6
13581.2
13686.4
13779.5
13803.0
14255.8
14322.0
14517.1
14614.4
15022.6
15105.2
15305.2
15336.3
15802.5
16057.6
16092.3
16217.4
16322.8
16372.0
16380.0
16580.9
16693.8
17062.7
17582.8
17625.5
17790.0
17815.3
18390.0
18599.6
18796.6
19021.8
19264.3
19303.8
19354.2
19364.8
19429.3
19448.4
19471.7
19683.7
19688.6
19896.9
20941.7
21070.9
21754.5
21847.7
22420.5
22749.7
22846.5
22969.0
