6.6
82.1
84.0
92.8
386.6
466.7
564.5
700.0
751.8
898.9
997.4
1041.1
1444.0
2156.9
2332.8
2759.8
2781.4
2993.4
3056.0
3312.7
3757.6
4311.3
4552.7
4591.7
4849.4
4854.8
5055.3
5229.6
5561.5
5615.7
5998.5
6020.9
6030.8
6039.8
6781.1
6806.1
6968.0
7174.2
7295.0
7398.0
7528.3
7743.4
7777.2
8224.5
8276.4
8319.4
8745.2
9077.5
9148.7
9203.7
9348.6
9459.6
9663.9
9696.6
9727.4
9754.9
10180.4
10655.0
10693.2
10880.1
11001.3
11068.4
11125.7
11228.9
11346.2
11600.0
12141.2
12206.0
12376.8
12730.5
12751.2
12821.2
13491.9
13530.6
13579.2
13963.3
14064.1
14157.4
14416.6
14977.1
15123.9
15143.4
15255.0
15573.3
15579.3
15755.4
15832.8
15905.2
15920.9
15928.7
15936.4
15964.5
16361.5
16382.0
16740.1
16798.4
16928.7
17453.9
17604.5
17719.0
17748.8
18416.3
18533.8
18727.1
18740.4
19414.2
19510.9
19736.5
20191.0
20309.0
20374.5
20574.1
20744.7
20828.9
21085.5
21936.9
22019.6
22297.5
22406.6
22529.3
22690.1
22845.4
22970.3
