641.5
1067.7
1212.5
1275.8
1348.9
1568.4
1576.6
1642.3
1677.0
1848.0
1888.7
1912.0
2087.7
2158.7
2712.3
2715.1
2752.6
3177.2
3721.3
3750.1
3811.5
3930.6
3948.5
4032.3
4209.4
4554.4
4977.8
5388.7
5586.5
5776.1
5874.8
5912.9
5926.1
6038.8
6194.5
6279.9
6742.3
6844.9
6980.6
7026.1
7546.0
7656.2
7811.0
7872.5
7976.4
8161.5
8248.4
8261.8
8446.2
8462.4
8828.6
9051.5
9112.8
9381.3
9882.4
9985.8
10156.2
10202.5
10454.1
10528.4
10584.3
10881.7
10917.0
10935.0
11132.3
11410.9
11414.1
11488.6
11492.9
12107.0
12207.0
12344.7
12374.7
12715.4
12872.0
13008.7
13657.4
14023.9
14342.3
14569.7
14713.1
14814.3
15306.7
15683.7
15945.4
16102.9
16567.0
16703.6
18317.2
18390.1
18569.9
18656.8
18685.2
18804.0
18804.2
18970.5
19030.5
19788.0
19962.6
20199.0
20410.7
20640.0
20693.2
20849.5
21221.1
21377.7
21903.4
22133.6
22279.7
22293.6
22617.1
22991.5
