30.8
188.5
591.2
700.3
933.8
1006.9
1077.4
1190.4
1310.0
1349.5
1636.2
1730.7
1833.4
1866.6
2045.7
2474.5
2715.2
2848.9
3063.5
3092.0
3889.7
4154.6
4417.0
4720.7
4885.3
5042.7
5072.4
5427.1
5694.6
5784.3
5991.8
6276.8
6290.1
6346.4
6615.0
7087.1
7216.6
7307.0
7515.4
7581.3
7736.1
7996.7
8199.2
8485.1
8722.8
8736.2
8833.8
9135.8
9299.8
9461.8
9707.0
10011.6
10061.4
10115.4
10196.1
10726.9
10791.7
11117.5
11139.0
11154.3
11896.9
12192.3
12522.7
12845.7
13045.3
13266.1
13335.5
13514.0
13538.9
13773.5
14039.6
14049.7
14229.0
14356.9
14546.0
15160.5
15406.0
15495.3
15673.9
16095.6
16101.9
16490.7
16505.4
16584.1
16744.3
17041.0
17132.9
18035.2
18240.4
18722.6
19087.2
19551.7
19652.3
19886.1
20104.0
20190.3
20527.8
20734.3
20877.4
21083.1
21105.5
21153.9
21417.9
21780.3
22434.4
22637.1
22771.9
22806.7
22940.5
