473.5
769.5
801.9
1265.4
1349.6
1466.0
1862.2
1881.7
1925.7
1945.5
2021.2
2043.8
2101.1
2465.6
2826.9
3946.2
4790.3
4791.7
4875.1
4991.9
4996.0
5012.3
5036.8
5164.2
5176.3
5713.3
5731.2
5797.8
5829.6
6743.8
6900.1
7286.0
7323.7
8153.8
8178.1
8183.0
8411.7
8713.2
8718.6
8915.3
9195.1
9392.0
9518.6
9524.7
9552.9
9700.7
9735.5
10042.6
10177.1
10201.2
10619.9
10640.3
10757.5
10853.2
10872.7
11480.3
11541.7
11661.9
11759.3
11881.6
12176.9
12314.3
12509.5
12547.4
12556.0
12796.0
12909.7
13184.7
13234.4
13300.1
13484.6
13736.1
13935.7
14120.9
14168.2
14276.5
14440.2
14590.7
14743.7
14869.0
14982.2
15007.1
15079.0
15307.7
15308.0
15329.4
16559.9
16903.8
17021.0
17050.8
17088.0
17149.4
17171.8
17249.7
17311.1
17936.4
17953.5
18516.1
18557.4
18630.6
19583.0
19784.8
19998.0
20258.8
20580.3
21063.2
21075.3
21247.4
21358.3
21492.8
21813.3
21857.9
22400.7
22673.0
22750.6
22768.9
