182.5
246.0
322.9
356.1
463.5
893.6
953.4
991.2
1457.4
1981.1
1994.1
2222.5
2367.9
2494.6
3122.0
3324.5
3466.7
3545.5
3629.1
3665.3
4126.2
4187.6
4455.4
4569.8
4753.8
5331.3
5448.2
5517.5
5659.3
5874.3
6002.9
6246.5
6559.4
6719.7
6970.2
7245.5
7455.3
7464.5
7549.6
7686.1
7895.0
7996.8
8268.9
8295.8
8317.0
8434.9
8675.0
8740.8
8935.8
8973.6
9084.1
9351.6
9468.3
9773.6
9964.0
10044.5
10083.3
10333.6
10417.6
11111.1
11233.6
11250.6
11374.6
11634.0
11694.6
11765.2
11833.0
11895.0
11910.6
12080.6
12726.7
13400.8
13477.9
13710.4
13830.2
13834.4
14334.3
14605.9
14738.6
14748.9
15210.1
15267.8
15331.1
15426.9
15583.9
15597.1
16047.7
16230.2
16340.1
16657.4
16787.4
16789.0
16921.3
17001.1
17052.3
17102.8
17681.4
18355.9
18359.5
18445.8
18853.4
18981.0
19043.2
19241.1
19432.8
19443.7
19484.3
19598.1
19635.7
19909.2
20115.2
20282.2
20491.7
21108.7
21113.5
21282.0
21379.4
21383.6
22107.1
22316.3
22450.8
22472.6
22517.6
22576.4
22658.0
22687.0
22718.6
22786.0
22879.6
