147.5
375.6
646.7
688.9
718.0
1044.3
1466.3
1693.7
1744.7
2131.5
2951.7
3019.3
3044.7
3313.1
3672.0
3685.4
3739.9
3947.7
4417.2
4718.2
4795.9
4833.7
4909.8
4988.5
5214.3
5288.1
5600.2
5698.0
5895.6
5968.2
5998.9
6122.5
6181.3
6419.5
6542.9
6806.2
7186.3
7838.6
8202.3
8384.3
8711.8
9649.8
10046.8
10093.2
10288.0
10480.8
10588.1
10730.3
10874.6
10911.2
11498.7
12156.4
12263.6
12266.2
12326.0
12417.6
12670.6
12876.1
12998.1
13003.8
13130.8
13342.5
13606.6
14236.2
14291.4
14327.7
14411.7
14573.7
15178.4
15228.5
15491.9
15577.7
15996.1
16181.2
16219.2
16591.4
17170.4
17360.0
17484.3
17706.7
18188.1
18220.4
18513.0
19194.2
19290.4
19422.4
19963.6
20369.8
20561.6
20655.0
21049.7
21528.1
21539.3
21597.4
22178.3
22521.7
22657.2
22737.4
