54.4
236.7
544.5
677.1
686.5
757.2
778.8
1328.8
1558.6
2022.7
2188.8
2189.4
2378.2
3495.1
3500.1
3531.0
3614.2
3779.6
3794.3
3901.8
3964.2
4120.5
4454.1
4526.9
4569.2
4716.4
4816.1
4952.2
5039.6
5420.8
5594.9
5959.0
6028.5
6896.2
6922.6
7037.5
7115.5
7320.1
7373.5
7439.5
7736.8
7896.7
8091.8
8627.0
8697.6
8788.0
9018.3
9059.1
9491.4
9594.8
10720.4
10742.9
10888.1
11049.2
11522.1
11671.4
11834.7
11954.4
12109.1
12158.4
12224.2
12550.6
13117.3
13245.5
13705.3
13726.1
13915.9
13927.4
14086.7
14224.5
14272.8
14630.3
14953.6
14987.6
15138.5
15409.5
15560.6
15701.4
15828.0
15846.8
16485.9
16835.7
17098.3
17235.4
17249.7
17690.9
18335.9
18416.9
19065.1
19206.2
19785.6
20144.6
20425.5
20798.9
21175.8
21456.0
21491.2
22188.9
22808.9
22911.6
