95.5
464.7
605.5
814.6
818.8
902.4
1084.2
1334.9
1524.2
1661.9
1780.8
1985.7
2018.9
2107.2
2116.9
2189.0
2477.6
2910.3
3394.8
3840.6
3907.9
3979.3
4163.3
4270.5
4915.7
5062.6
5444.4
5452.1
5454.4
5475.7
5733.5
5739.6
5854.6
5912.7
5955.0
6525.0
6627.2
6719.1
6759.2
6775.1
6913.5
7497.5
7838.7
8090.6
8384.0
8732.5
8767.9
8771.7
8800.4
8818.5
8914.0
9005.8
9155.1
9623.0
9769.2
9868.0
9871.7
11285.7
11978.4
11985.1
12103.3
12220.6
12568.9
12783.9
12856.3
13177.9
13390.0
13458.3
13459.4
13555.4
13574.1
13639.6
13682.6
13757.7
13862.2
14158.3
14479.2
14604.6
14740.5
14913.0
14948.4
15196.3
15457.9
15605.4
15615.0
15764.0
15831.8
16431.1
16726.7
16753.3
16920.2
17052.6
17081.9
17389.9
17530.0
17716.4
18089.4
18271.7
18320.5
18407.7
18409.6
18506.6
18766.6
18835.9
18975.1
19131.7
19306.7
19514.1
19524.1
20010.0
20026.7
20109.1
20748.0
20869.5
20919.6
20957.3
21065.6
21229.7
21756.6
21851.5
22069.3
22216.8
22293.1
22750.6
22841.2
22860.4
22921.8
