218.0
287.8
416.2
445.8
667.3
875.3
1172.2
1250.8
1507.8
1740.4
1848.5
1956.2
2649.6
2893.6
3095.9
3899.3
4131.7
4172.5
4718.8
4790.8
5131.9
5408.0
5437.5
6067.6
6068.3
6162.8
6325.0
6442.2
6463.2
6501.6
6552.9
6598.6
7026.0
7028.4
7264.8
7504.9
7640.0
7757.7
7771.5
7917.4
7946.9
8191.0
8281.6
8523.4
8654.3
8848.3
8873.1
9465.0
9508.6
9630.0
9756.6
10225.3
10383.5
10459.8
10497.7
10908.1
10959.2
11107.6
11128.8
11182.4
11432.5
11721.9
11857.4
11921.1
12422.8
12617.7
12779.3
12915.5
13105.5
13137.0
13166.5
13412.8
13464.1
13547.8
13653.2
14661.9
14884.1
14964.7
15265.8
15499.7
15553.0
15708.5
15920.0
15975.0
16116.5
16356.9
16369.4
16371.1
16916.8
16941.2
17124.9
17589.5
17685.9
17816.7
17956.1
18260.1
18382.1
18408.8
18492.0
18901.9
18962.3
19026.3
19306.4
19357.7
19393.0
19432.7
19669.6
19709.0
19745.9
20086.3
21607.9
22090.9
22318.9
22533.4
22824.4
22846.1
22966.4
22990.1
