55.4
340.9
557.1
623.9
721.6
790.2
1001.2
1608.4
1846.2
1877.3
1890.2
2322.9
2519.8
2528.9
2736.1
2785.9
3172.4
3332.4
3374.0
3414.0
3434.1
3784.3
3798.8
4325.9
4357.8
4367.8
4400.2
4642.9
4829.6
5194.7
5570.3
5980.8
6105.7
6688.0
7161.5
7165.7
7318.6
7439.7
7511.1
7730.8
8256.2
8340.9
8446.8
8619.6
8705.9
8818.8
9119.5
9348.6
9637.1
9747.8
10293.8
10478.8
11493.4
11906.1
12094.7
12468.5
12550.4
12914.3
13218.5
13287.6
13438.7
13443.3
14016.9
14238.2
14926.5
15710.2
15779.5
16521.2
16605.5
16651.6
16713.2
16773.1
16809.7
16992.0
17099.4
17454.5
17568.6
17730.9
17784.1
17786.3
18024.5
18380.3
18774.7
18882.7
19362.8
19496.9
19687.6
19698.1
20545.3
20846.9
20874.7
20890.3
20950.8
20958.9
21090.3
21305.8
21397.8
21877.3
21941.7
21942.3
21994.7
22102.6
22272.2
22474.1
22829.7
22830.8
22836.4
