0.8
19.4
504.5
597.3
846.5
987.8
1044.9
1337.4
1849.4
1863.8
1911.3
1972.4
2039.6
2059.2
2141.0
2146.5
2654.6
2751.6
2790.3
2893.4
2935.4
3429.1
3436.9
3695.8
3941.8
3957.7
5327.9
5727.9
5945.4
5987.3
6059.4
6071.9
6506.1
6710.8
6762.2
7159.7
7188.5
7227.7
7282.3
7478.0
7902.7
7964.4
8075.0
8154.8
8172.4
8374.7
8429.8
8717.2
8721.5
8895.1
8950.2
9065.9
9101.4
9184.2
9232.9
9370.9
9377.1
9605.1
9724.6
9782.9
10106.6
10269.1
10663.7
10941.3
11002.9
11260.3
11420.9
11526.1
12130.3
12183.0
12223.7
12666.3
12713.8
12917.8
13079.8
13323.9
13386.9
13429.5
13454.1
13613.1
13765.6
14067.4
14392.8
14547.9
14682.1
14802.2
14876.8
14988.9
15271.1
15518.2
15599.3
15630.1
15947.4
15952.3
16138.0
16320.6
16378.2
16451.4
16508.8
16999.3
17063.8
17129.0
17167.0
17298.4
17556.2
18022.5
18054.3
18744.9
18916.7
19377.5
19460.0
19646.8
19667.2
19869.9
20281.3
20994.5
21066.6
21756.8
22541.6
22544.5
