4.6
102.7
109.3
134.8
237.5
420.5
459.8
488.1
610.9
627.3
788.1
899.5
1907.7
2074.9
2153.8
2437.1
2613.7
3386.7
3517.2
3521.7
3671.5
4327.7
4670.4
4906.2
4992.4
5665.8
6021.1
6187.7
6385.1
6676.9
6917.8
7131.3
7282.5
7362.0
7514.9
7515.9
7538.9
7562.0
7731.1
7864.7
7867.9
8421.3
9202.8
9204.6
9519.5
9539.3
9779.2
9849.0
9913.6
10375.5
10624.3
10869.8
10952.5
10970.4
11129.6
11221.2
11386.8
11541.8
11785.7
11898.1
11901.9
12077.6
12249.1
12300.0
12416.8
12446.2
12477.7
12679.1
12760.2
13146.2
13197.2
13290.9
13354.6
13449.1
13457.2
13593.6
13956.3
14135.9
14319.3
14625.4
15295.1
15351.9
15443.9
16570.9
16590.2
16625.3
16830.1
17082.2
17220.6
17284.7
17296.3
17310.2
17556.1
17939.8
18407.5
18541.2
18590.9
18769.8
18858.1
19113.7
19358.1
19569.3
19962.6
21069.2
21089.8
21130.5
21205.2
21274.1
21396.0
21433.9
21523.4
21622.1
21919.1
21955.4
21978.1
22309.1
22326.3
22558.3
22723.1
