98.9
208.2
350.5
457.7
534.6
575.8
769.7
787.2
1278.1
1503.4
1733.3
1823.9
1917.3
2000.0
2774.0
2879.5
3155.9
3187.1
3384.2
3420.6
3466.7
4190.2
4338.1
4898.9
4911.5
5273.2
5431.0
5474.9
6109.7
6291.9
6401.2
6507.3
6866.5
6883.0
6886.4
6913.8
7090.4
7120.2
7486.3
7913.8
8250.9
8263.7
8389.1
8445.8
8458.5
8838.6
9229.6
9251.6
9968.8
10210.7
10476.6
10500.5
10539.6
10651.5
11174.3
11224.6
11327.0
11362.6
13016.3
13034.3
13213.8
13714.7
13785.1
13973.4
14147.6
14182.1
14390.9
14427.9
14790.7
14803.1
14991.8
15051.0
15156.5
15547.4
15602.1
15818.4
15952.1
16192.1
16488.6
16839.4
16974.9
17311.9
17431.6
17524.3
17592.7
17862.0
18566.9
18949.3
18961.4
19005.4
19021.2
19027.0
19315.1
19356.6
19505.6
19939.0
20110.3
20131.9
20161.6
20203.5
20497.3
20647.2
20675.2
20752.5
20801.9
20941.8
21375.5
21401.7
21560.1
21579.2
21623.0
21739.4
21992.8
22003.8
22138.1
22144.0
22328.6
22454.2
22729.7
22894.9
