39.4
65.0
72.7
319.4
338.2
742.0
1043.8
1252.9
1673.8
1942.8
2072.2
2594.5
2703.1
2753.0
3060.7
3278.6
3304.4
3322.6
3832.9
3835.4
3933.6
4428.8
4590.2
4611.4
4711.0
4748.1
5051.2
5318.5
6252.7
6784.4
6954.3
7045.4
7122.6
7285.7
7535.9
7601.2
7782.2
7930.5
8130.6
8161.4
8980.3
9001.2
9011.1
9206.6
9234.6
9721.5
9842.1
10010.3
10190.6
10333.6
10402.1
10569.3
10628.6
11644.4
11713.3
12005.0
12011.9
12187.5
12542.9
12558.3
12593.6
12758.0
12768.4
12795.3
12913.2
12960.3
12966.2
13007.1
13020.8
13107.5
13621.7
13945.4
14115.0
14218.9
14245.8
14251.5
14397.4
14463.2
14576.4
14644.9
14704.9
14705.6
14910.0
15013.5
15034.3
15530.0
16072.7
16149.1
16349.3
16513.7
16693.0
16870.1
16938.2
17065.7
17526.2
18146.3
18582.2
19196.6
19436.4
19463.1
19625.7
19675.9
19748.2
19822.7
19835.1
19857.2
19975.2
20076.1
20124.4
20427.9
21350.7
21577.6
22070.9
22751.4
22890.0
