259.4
455.6
688.3
912.5
916.6
1052.4
1090.2
1389.8
1413.3
1464.7
1538.3
1692.6
2113.0
2225.5
2311.9
2458.4
2504.7
2554.9
2941.3
3268.0
3805.2
4114.6
4319.7
4321.2
4387.0
4506.7
5147.2
5182.7
5213.4
5498.5
5832.1
5937.8
5938.7
5949.6
5963.9
6055.2
6149.2
6573.6
6586.7
6587.6
6658.3
6730.0
6867.6
6922.7
6974.0
7346.4
7453.1
8053.6
8143.2
8444.8
8460.6
8754.0
8832.5
9210.0
9382.2
9553.6
9830.2
10044.3
10072.5
10175.4
10241.0
10961.2
11020.4
11113.0
11185.1
11320.9
11331.1
11533.7
12082.1
12127.8
12710.1
12714.2
13452.0
13815.9
14074.6
14434.6
14654.9
15213.1
15233.3
15586.2
16198.8
16304.3
16527.7
16771.1
17049.1
17066.8
17149.4
17379.7
17576.4
17740.1
17805.8
17931.1
17935.8
18017.1
18244.6
18267.7
18323.7
18387.1
18483.2
18718.3
18719.3
18885.9
18946.7
19357.6
19887.4
20165.8
20169.4
20244.4
20698.9
20899.8
21231.8
21242.0
21256.9
21543.9
21672.4
21697.8
21987.4
22512.1
22513.3
22755.2
