249.5
881.1
1591.5
2247.7
2454.2
2856.2
3403.3
3460.9
3484.0
3620.4
3724.7
4168.6
4597.5
5456.0
5600.8
5605.5
5647.3
5678.5
5867.5
5900.6
6240.6
6256.8
6330.4
6555.5
6572.2
6695.3
6825.3
6848.3
6859.9
6981.2
7144.7
7152.3
7159.0
7528.4
7647.2
7685.1
8494.9
8732.0
9188.6
9648.3
10082.3
10095.3
10172.6
10233.6
11032.7
11315.5
11471.4
12047.0
12416.6
12527.6
12560.1
12700.1
12705.5
12763.4
12791.0
12980.9
13020.1
13095.5
13328.0
13596.2
13793.2
13888.4
14210.3
14419.1
14477.5
14495.5
14719.9
14857.6
15017.1
15565.2
15635.6
15730.8
15735.6
15739.1
16337.1
16410.2
16426.6
16455.1
16593.0
16985.2
17122.5
17625.0
17655.0
18195.0
18646.8
18855.6
19398.7
19506.7
19613.9
19677.9
19705.1
19718.7
19790.9
20288.1
20741.1
20914.4
21212.2
21253.2
21419.4
22482.9
22586.0
22671.5
22812.3
22880.0
