255.9
592.8
614.5
806.9
997.7
1062.5
1125.9
1593.4
2089.0
2173.7
2269.9
2387.8
3092.0
3685.2
3810.2
3904.4
4048.0
4095.8
4242.6
4402.6
5253.9
5306.3
5521.2
5784.5
5973.0
7236.8
7312.3
7380.3
7686.6
7828.5
8267.5
9048.0
9228.4
9247.0
9260.7
9581.7
9692.0
9727.6
10088.8
10499.5
10505.2
10619.2
10662.1
10691.5
10911.4
11073.5
11302.9
11358.6
11470.7
12123.4
12856.3
13103.8
13106.7
13163.0
13615.2
13716.6
14267.6
14528.1
15012.0
15576.9
15820.1
16061.2
16282.2
17222.4
17353.7
17473.6
17598.8
17624.0
17898.1
18058.4
18179.2
18479.4
18644.7
18706.9
19351.5
19647.6
19668.3
19785.4
19799.0
19882.9
20197.1
20678.3
20929.8
21286.9
21501.2
21691.7
21699.7
21782.7
22042.8
22293.1
22763.7
