314.2
396.2
524.1
666.4
730.4
849.7
1178.3
2121.9
2171.5
2668.4
2679.1
2875.5
3015.7
3096.4
3146.6
3177.4
3439.9
3529.3
4011.9
4083.1
4658.6
4811.4
5053.0
5197.9
5207.4
5569.5
5679.3
5733.3
5755.1
6166.2
6280.8
6296.3
6322.3
6641.8
6997.8
7277.1
7307.1
7488.6
7549.3
7558.4
7586.8
7991.3
7999.0
8203.1
8270.4
8332.4
8841.6
8965.1
9059.2
9631.9
10016.0
10275.9
10762.9
11069.7
11261.0
11348.0
11501.3
11558.4
11617.7
12089.5
12353.1
12642.3
12651.4
12971.9
13117.0
13582.9
13651.4
13816.2
14144.9
14233.4
14417.5
14475.3
14786.5
15040.6
15179.9
15293.7
15651.8
15701.1
16116.3
16517.8
16613.0
16882.4
17065.3
17225.9
17296.4
17529.8
17594.4
17796.4
17983.3
18211.4
18276.1
19548.0
19853.7
19880.2
20328.8
20363.3
20419.8
20781.6
20851.2
21002.5
21294.4
21339.4
21478.6
21482.1
21532.9
22035.5
22249.9
22611.7
