218.7
451.3
761.3
1655.9
1755.7
1800.1
1943.8
2146.8
2282.5
2336.2
2423.9
2613.3
2930.9
3090.1
3133.6
3269.6
3287.0
3367.5
3412.5
4103.4
4151.0
4365.4
4684.9
5296.2
5450.4
5462.0
5649.2
5957.7
6084.5
6222.2
6415.7
6680.0
7118.0
7128.9
7376.1
7392.7
7619.7
7789.6
7946.5
8129.9
8432.9
8516.0
8555.0
8594.9
8738.8
8978.3
9237.7
9257.9
9505.8
9511.5
9543.2
9671.9
9986.7
10143.5
10235.6
10271.4
10278.8
10577.7
11106.0
11130.3
11160.8
11437.8
11597.9
11610.3
11723.9
11780.6
12149.3
12150.3
12649.8
12729.5
12796.2
12823.7
12870.3
12905.9
12960.7
13276.3
13345.7
13419.3
13528.4
13679.2
14395.3
14631.0
14765.4
14951.4
15058.0
15108.7
15240.9
15337.2
16283.8
16662.0
16671.1
16682.4
16743.4
17383.1
17460.1
17590.2
17635.4
17644.9
17709.4
18033.1
18064.5
18069.6
18567.6
18592.6
18648.2
18898.1
18913.2
19205.2
19428.8
20368.5
20492.3
20591.0
20945.8
20972.8
21044.7
21295.6
21297.6
21330.7
21492.0
22461.3
22518.0
