83.9
500.6
582.6
854.0
936.6
1150.8
1351.5
1446.4
1965.1
2100.4
2249.7
2280.8
2461.8
2811.6
2846.2
2969.1
3053.2
3067.9
3326.8
3333.7
3562.4
3584.9
3628.3
3728.9
4539.6
4691.3
5147.8
5224.9
5240.5
5658.5
6013.9
6069.5
7095.3
7105.0
7320.0
7427.0
7740.1
7958.9
8063.6
8581.7
8626.2
8708.9
8717.3
8734.6
9196.7
9248.6
9317.2
9654.5
9814.6
9846.4
9997.3
10078.7
10298.2
10334.5
10433.6
11328.2
11338.1
11620.5
11739.2
12028.0
12097.3
12385.6
12429.7
12595.5
12964.2
13379.3
13480.3
13520.5
13568.9
13574.0
13623.4
13837.9
14033.1
14186.1
14311.2
14841.9
15030.0
15530.6
16156.9
16509.2
16720.4
16745.9
17019.0
17020.1
17091.2
17140.2
17177.3
17490.6
17520.0
17571.2
17589.7
17607.2
17977.8
18062.4
18249.0
18256.9
18422.2
18574.9
18629.9
18673.8
18959.2
18984.9
19032.5
19327.0
19440.6
19477.4
19694.4
19873.5
20132.9
20417.9
20460.5
20561.8
20615.8
20622.3
20900.0
21082.8
21092.8
21179.3
21284.1
21461.5
21706.7
21752.6
21931.7
21973.7
22047.6
22177.7
22335.6
22428.8
