207.2
496.3
653.1
696.2
696.8
900.0
1059.4
1152.0
1224.8
1689.1
1849.1
1853.9
1928.6
2125.5
2561.4
2916.4
3003.2
3143.2
3155.4
3446.5
3463.8
3465.9
3564.3
3646.3
3765.1
4460.0
4686.8
4718.0
4813.9
5020.1
5161.0
5268.3
5583.4
5830.2
5875.1
5877.5
6007.4
6086.7
6097.5
6104.8
6187.2
6219.3
6346.5
6772.4
6928.0
7255.0
7310.0
7534.0
7808.4
8189.4
8227.5
8461.4
8901.0
9756.1
10260.4
10307.7
10329.0
10937.0
10996.2
11237.5
11246.4
11373.6
11561.5
11945.0
12108.6
12481.1
12540.0
12702.4
12884.7
12964.1
13193.4
13564.2
13912.9
13930.5
14137.9
14222.0
14395.7
14602.1
14792.1
14979.0
15125.7
15161.4
15280.1
15320.5
15371.1
15434.3
15838.0
15845.9
15897.2
16376.8
16412.4
16657.6
16774.0
17125.7
17190.5
17620.8
17942.6
17952.7
18546.1
18630.4
18648.2
19003.2
19358.3
19436.3
19465.7
19507.5
20461.0
20515.6
20794.4
20987.1
21030.5
21062.6
21077.4
21430.5
21844.4
21853.3
21985.6
22106.4
22239.7
22433.8
22557.1
22642.6
22894.4
22983.3
