35.3
181.0
822.4
1022.6
1303.9
1691.8
1876.3
1918.1
2928.9
3653.6
3657.5
3675.7
3720.1
3790.9
4100.6
4616.2
4692.2
4783.2
4787.3
4796.6
4973.3
5102.7
5326.6
5644.0
5768.1
5863.9
5937.4
5963.9
6474.1
6504.1
6654.7
8076.3
8157.1
8337.2
8756.2
8905.3
9054.8
9146.9
9213.2
9505.6
9879.8
9963.3
10034.0
10126.4
10569.4
10878.6
11114.6
11161.0
11258.2
11488.0
12106.4
12213.4
12306.9
12428.3
12516.4
13103.7
13207.2
13546.7
13559.8
14016.6
14079.2
14182.7
14262.0
14860.3
14996.4
15122.4
15160.7
15238.9
15266.8
15738.5
15919.1
16060.5
16192.6
16335.3
16528.5
16684.8
16704.5
16967.8
17136.9
17293.1
17461.5
18025.4
18122.7
18297.5
18557.0
18635.5
18731.7
19130.6
19324.8
19593.3
20029.4
20668.2
20944.7
20974.2
21477.0
22212.4
22332.7
22352.1
22580.4
22597.6
22758.9
22977.2
