207.7
306.5
481.2
703.7
966.2
1128.4
1310.9
1580.8
1796.2
1877.2
2456.2
2596.0
2805.2
2885.5
2891.1
3256.2
3276.0
3375.5
3448.2
3465.1
3517.6
3545.9
3797.5
3909.7
4437.8
4674.6
4738.8
4831.0
4898.6
5001.2
5183.8
5284.7
5525.1
6416.6
6586.2
6602.6
6701.3
6759.5
6761.1
6886.0
7001.1
7053.7
7296.5
7325.3
7911.2
8831.1
8845.0
8913.6
8947.2
9013.2
9467.9
9528.6
9610.9
9881.9
10145.7
10337.2
10388.4
10436.4
10571.4
10796.3
11589.6
12009.3
12137.8
12238.6
12674.6
12820.1
13079.4
13329.9
13438.9
13509.0
13676.9
14172.8
14216.2
14227.7
14672.3
15054.5
15092.1
15192.5
15287.9
15388.0
15422.6
15860.1
15887.7
15892.6
15987.5
16319.7
16551.3
16730.2
16785.8
16796.9
17343.8
17411.4
17713.4
17879.8
17921.2
18309.9
18928.6
19011.7
19033.1
19086.9
19170.2
19603.7
19999.2
20213.4
20669.0
20723.7
20734.7
20985.0
21190.5
21326.1
21509.7
21663.6
21786.2
21903.7
21926.0
22653.0
22710.2
22906.0
