34.7
89.0
149.4
180.6
283.3
357.6
418.7
482.8
894.2
937.8
939.4
1166.2
1287.2
1382.3
1587.1
1766.8
2480.7
2495.3
2788.0
2812.9
2911.3
3145.7
3202.5
3674.0
3828.8
4673.1
4760.0
5000.1
5083.4
5402.4
5499.9
5591.6
5709.7
5813.2
6266.4
6480.6
6488.3
6525.9
6564.9
6895.8
6905.0
7026.7
7059.1
7237.5
7324.7
7812.5
7969.6
8034.1
8237.5
8268.8
8397.5
8451.9
8721.3
8884.2
8964.8
9212.3
9425.7
9835.7
9891.8
9925.9
10167.8
10456.2
10534.6
10711.8
10993.8
11013.0
11178.4
11386.3
11751.3
12306.6
12479.6
12991.3
13093.2
13093.5
13622.0
13758.1
13910.5
13980.5
13993.6
14007.2
14280.6
14619.7
14732.9
14798.1
14849.0
14886.3
14967.5
14976.8
15562.1
15778.2
15873.9
16016.5
16143.6
16411.5
16467.9
16893.3
16987.2
17355.8
18119.3
18162.6
18406.7
18418.4
18521.0
18572.7
19228.3
19346.1
19374.6
19959.2
20018.3
20028.7
20171.3
20568.3
20574.4
20819.5
20847.2
20908.5
20954.4
21447.9
21807.2
21984.8
22428.7
22503.5
22557.0
22667.5
22756.0
22784.9
