62.4
331.1
650.3
929.0
972.7
1362.4
1815.3
1871.8
1934.3
2141.4
2341.3
2422.1
2522.9
2717.7
2891.6
2922.7
2944.0
3111.0
3386.1
3406.0
3449.2
3459.7
3534.9
3636.8
3651.1
3657.8
3666.0
3802.2
4118.9
4419.4
4443.0
4609.9
4621.0
4746.6
4842.1
5229.7
5268.7
5437.4
5643.1
5880.1
5946.1
6060.5
6096.8
6441.1
6686.8
6690.6
6717.3
6823.2
6832.0
6837.9
7010.3
7233.8
7665.5
7891.9
8003.4
8007.4
8044.8
8092.7
8823.2
9183.2
9309.9
9378.0
9852.0
10127.3
10279.0
10323.7
10669.9
10823.6
11057.1
11230.5
11275.2
11727.8
12194.1
12424.8
12521.7
12745.6
12912.3
13273.3
13497.9
13673.7
14298.1
14435.6
14529.5
14684.2
14735.3
14834.6
15008.9
15218.8
15378.0
15414.3
15920.5
16245.1
16673.1
16835.7
17223.4
17326.2
17353.8
17558.5
17692.1
18386.9
18485.3
18528.2
19310.1
19368.9
19522.7
19951.9
19970.7
20180.4
20620.5
20688.1
20763.6
21226.8
21574.3
21686.9
21793.2
22357.6
22927.0
22987.9
