301.8
380.4
493.7
510.9
761.6
2431.0
2516.9
2576.1
2970.9
3184.5
3391.6
4506.0
4696.3
4930.0
5302.9
5752.3
5836.6
6171.3
6344.0
6415.4
6541.4
6578.1
6646.4
6716.3
7174.2
7188.4
7485.1
7507.4
7797.3
8138.9
8154.7
8400.3
8405.6
8417.8
8526.7
8580.9
8829.1
8852.9
9238.0
9571.8
9588.5
10072.6
10309.6
10361.3
10394.6
10667.5
10857.0
11420.3
11473.1
11594.2
11811.8
12216.2
12553.3
12557.6
12630.4
12645.2
13435.0
15505.0
15546.4
15563.4
15578.9
15646.0
15686.0
15759.9
16009.9
16030.1
16074.9
16225.9
16344.8
16547.5
16835.5
16984.2
17026.6
17043.1
17138.3
17183.1
17190.8
17238.5
17408.4
17582.5
17688.1
17768.3
18063.2
18445.7
18855.9
18929.7
18955.2
19533.8
19583.1
19733.3
20002.1
20182.5
20213.8
20240.9
20780.3
21098.3
21104.8
21164.2
21550.2
21587.2
22987.8
