255.9
885.2
887.4
1095.0
1439.2
1546.1
1951.6
1997.3
2253.0
2350.0
2519.3
2640.7
2759.3
2929.2
2954.0
3443.1
3624.2
3683.3
3731.1
3788.0
3846.7
3875.3
4092.5
4161.6
4171.6
4240.7
4836.4
4873.4
5609.5
5807.1
6155.0
6404.7
6609.0
6804.2
7302.9
7328.4
7577.4
7693.9
7889.3
7920.8
8004.3
8183.4
8344.8
8453.4
8738.8
9106.6
9396.3
9453.0
9833.4
10016.1
10085.3
10362.7
10418.9
10604.8
10776.2
11053.2
11152.2
11315.9
11736.9
11928.9
12147.2
12265.6
13018.2
13497.6
13781.9
13898.4
14214.0
14462.1
14770.8
14940.1
15028.1
15113.2
15344.0
15680.2
15698.1
15718.4
16201.5
16232.0
16326.5
16600.2
16617.9
16624.1
16709.5
16838.0
17436.3
17533.4
18114.3
18212.2
18782.2
18828.3
18907.4
19086.5
19158.0
19795.1
20148.7
20232.7
20273.2
20305.0
20326.6
20350.0
20530.1
20591.6
20806.0
20862.3
21234.7
21243.9
21278.3
21378.9
21731.3
21969.8
22057.1
22741.6
22989.4
