81.3
172.7
474.0
696.4
940.8
968.9
1516.7
1705.1
1935.4
1971.8
2597.1
2867.4
2868.4
2880.0
3005.4
3081.9
3123.3
3400.3
3547.1
3550.7
3731.7
3756.4
4080.2
4093.7
4280.7
4321.6
4462.6
4587.6
4849.1
5249.7
5372.8
5493.1
5775.0
5860.3
5918.4
6046.2
6591.6
6645.2
6836.9
6851.7
7191.6
7225.2
7673.7
7944.8
8445.5
8556.9
8976.2
9548.8
9663.0
9812.8
9996.8
10108.2
10881.7
11241.0
11311.5
11437.1
11687.8
11967.2
12018.0
12488.5
12743.2
12916.7
13121.7
13164.4
13413.9
13826.5
14238.9
14270.3
14409.0
14449.2
14558.1
14731.5
14843.4
14986.4
15020.9
15161.4
15249.3
15273.3
16010.8
16077.3
16568.8
16582.7
16607.7
16610.2
16898.9
17239.9
17427.7
17669.2
17720.0
17862.9
18111.9
18706.2
18782.0
19102.3
19144.6
19342.3
19476.9
19579.6
19698.5
19829.7
19927.4
20019.7
20046.2
20126.0
20149.7
20345.9
20756.3
20829.0
20883.3
21004.8
21030.9
22361.4
22450.4
22637.5
22763.6
