1516.6
1802.2
1834.9
2060.5
2190.7
2279.1
3289.8
3314.3
3472.9
4005.6
4270.0
4329.9
4354.7
5046.8
5263.3
5667.4
6030.9
6110.9
6232.9
6406.3
6619.4
6644.6
6961.3
7067.2
7859.3
8338.9
8662.0
9051.7
9280.0
9456.7
9485.5
9955.4
9963.6
10828.3
10888.7
10963.2
11316.2
11478.6
11608.4
11664.1
11746.6
12037.6
12243.6
12277.0
12378.7
12399.9
12494.6
12595.3
12643.5
12835.9
13062.3
13103.5
13227.4
13333.1
13381.3
13434.4
13488.1
13793.9
13847.3
13889.4
13928.2
13947.1
14187.3
14274.4
14335.7
14442.7
14801.2
15173.1
15238.5
15475.0
15672.7
15863.0
16229.9
16490.0
16670.8
16928.9
16972.9
17097.6
17362.9
17382.4
17502.6
17854.9
17863.7
19021.7
19293.6
19301.0
19365.0
19485.1
19555.9
20454.1
20801.9
20949.7
21158.1
21283.3
21540.3
21562.3
21625.6
21812.1
21999.6
22025.8
22118.9
22164.1
22483.8
22767.2
