15.3
132.8
143.3
297.4
1542.4
1737.2
1853.3
2163.1
2251.1
2358.8
2386.2
3042.9
3121.5
3877.9
3941.5
3991.0
4252.2
4294.4
4540.0
4627.2
4977.1
5525.5
5603.6
5778.8
6031.7
6146.0
6436.3
6770.3
7002.5
7076.4
7133.0
7506.5
7532.4
7586.9
7729.7
7749.6
8248.3
8330.4
8603.6
8641.6
8697.9
9213.5
9248.2
9772.7
10538.7
10564.5
10650.3
10675.5
10856.4
11865.2
12128.8
12352.7
12379.1
12396.6
12444.8
12676.0
13360.8
14056.0
14571.2
14986.9
15065.2
15322.5
15473.2
16048.3
16062.9
16105.1
16250.2
16421.3
16582.0
16596.0
16986.2
17465.6
17510.9
18387.7
18962.3
19205.5
19330.9
19670.5
19846.7
20047.3
20058.2
20179.8
20188.6
20524.5
20554.4
20597.5
20730.8
20868.2
21097.9
21212.6
21261.8
21451.9
21475.0
21701.9
21840.6
21901.4
22058.0
22095.8
22205.4
22331.9
22727.9
22948.6
22979.4
