390.3
718.7
855.2
1064.2
1079.9
1104.7
1249.9
1408.9
2291.8
2360.6
2490.8
2510.7
2651.3
2759.2
2829.0
2874.5
3061.8
3104.7
3157.0
3174.7
3267.6
3306.4
3429.5
3670.4
3977.0
4351.4
4550.2
4595.3
4627.8
4708.6
4801.9
4803.2
4943.1
5361.9
5424.1
5789.7
5822.2
5895.2
5909.1
6154.6
6172.5
6879.3
6958.0
7007.8
7351.0
7723.7
8422.6
8789.0
8875.6
9533.7
9768.8
9818.2
9832.0
10423.1
10783.0
11031.8
11264.4
11449.9
11989.2
12011.9
12302.7
12424.8
12514.6
12523.6
12660.7
12898.2
12947.0
13255.9
13383.4
13404.2
13987.4
14363.6
14500.7
15901.8
16072.4
16671.5
16733.1
16788.6
16796.2
16828.2
16924.1
17080.4
17289.6
17351.0
17379.0
17401.7
17514.9
17531.9
17819.9
18101.6
18276.5
18348.1
18460.4
18574.7
19011.5
19082.4
19157.7
19167.4
19258.0
19622.9
20111.3
20173.8
20377.4
20603.4
21225.4
21387.1
21591.0
21607.0
21932.4
21981.2
22193.1
22351.7
22571.3
22628.1
22769.2
