316.2
491.7
686.0
715.6
766.2
1109.4
1198.5
1596.0
1734.8
2073.4
2098.8
2443.2
2939.5
3047.8
3094.7
3251.6
3770.5
3858.4
3883.0
4148.4
4174.1
4441.4
4556.5
4731.2
4983.7
5085.8
5293.4
5631.0
5695.3
5855.1
6227.8
6246.5
6467.8
6506.7
6935.0
7051.2
7377.5
7462.1
7469.7
7532.0
7627.7
7707.9
7877.2
7970.8
8207.8
8219.2
8844.3
8998.9
9277.3
9286.3
9306.2
10106.0
10386.8
10471.8
10516.5
10613.0
10667.1
10885.3
12087.0
12271.5
12421.2
12713.5
13091.3
13102.8
13364.9
13679.3
13722.5
13814.1
14243.7
14374.0
14455.2
14483.1
14640.0
14702.0
14723.1
14826.7
14986.0
15484.5
16009.5
16636.9
16777.3
16792.8
16896.9
16909.5
17398.3
17895.3
18128.5
18366.8
19129.8
19494.0
19928.2
20122.8
20626.3
20706.8
20760.3
21124.5
21203.0
21487.0
21763.5
21839.9
21848.9
22172.5
22445.9
22998.7
