212.8
270.9
663.2
800.9
941.4
965.5
2036.6
2537.6
2560.7
2747.2
3072.6
3164.0
3712.7
3870.0
4181.4
4343.3
4438.8
4442.2
4596.7
4856.5
5020.4
5510.2
5676.6
5717.3
5760.3
6021.2
6045.0
6779.8
6908.3
7739.9
7878.0
8493.1
8719.8
8857.4
8991.1
9049.0
9080.3
9150.2
9719.2
9773.9
9984.9
10147.3
10164.0
10344.1
11200.9
11316.8
11470.1
11864.1
11932.6
12328.2
12452.5
12557.5
13288.1
13620.3
13769.4
13856.6
13915.1
13952.5
14041.1
14194.1
14490.9
14805.0
14937.9
15333.9
15392.3
15713.5
15766.0
15930.0
16380.2
16861.9
16955.9
17388.5
17633.2
18044.5
18359.0
18363.3
18426.2
18468.3
18493.7
18520.2
18649.6
18771.0
18817.6
19529.7
19556.3
19586.0
20446.1
20447.4
20478.8
20481.8
20729.5
20815.6
21243.4
21644.5
21659.5
22119.0
22240.4
22309.4
22415.1
22594.4
22636.0
22723.0
22747.5
