26.5
113.1
141.0
510.6
554.2
570.7
848.7
1296.3
1516.4
1674.7
1708.1
1738.3
1972.9
1990.3
2363.0
2634.0
2979.2
3408.2
3595.1
3625.3
5254.2
5292.5
5301.0
5308.3
5401.7
5611.6
5894.2
6294.7
6345.8
7102.1
7443.1
7533.1
7696.7
7991.9
8181.8
8354.9
8714.3
8842.7
8976.9
9134.5
9477.1
9815.8
10446.2
10560.7
10728.1
10878.3
10890.5
10988.2
11016.8
11017.1
11131.7
11132.0
11399.9
11409.1
11653.0
11667.1
12095.3
12342.4
12395.1
12460.5
12679.1
12796.1
13258.0
13842.5
13862.1
13939.5
14031.0
14148.6
14452.7
14517.9
14749.0
14766.3
14922.8
15039.9
15202.5
15261.1
15410.3
15442.0
15768.5
16695.4
16717.9
16989.8
17340.7
17511.9
17556.0
17715.7
17905.2
18238.8
18251.1
18279.0
18714.8
18905.0
19193.9
19303.3
19375.6
19400.2
19566.4
19936.9
20276.0
20538.1
20582.2
20709.2
20835.4
21138.7
21145.4
21488.4
21519.2
22631.7
22858.7
