609.1
1273.8
1424.1
1560.9
1592.9
1777.1
2560.6
2918.0
2947.5
3258.6
3424.9
3660.8
3836.2
3946.6
4010.2
4113.0
4246.1
4277.8
5006.0
5039.0
5164.6
5251.5
5556.2
5824.5
5851.3
6124.7
6273.0
6429.8
6692.2
7179.5
7185.9
7195.3
7315.9
7393.6
8029.1
8161.9
8280.6
8541.6
8622.1
8772.5
8814.1
8979.1
9061.3
9138.8
9163.1
9342.5
9413.5
9547.0
9602.4
9851.7
10019.0
10353.3
10499.1
10690.5
11117.4
11380.1
11525.3
11716.6
11742.3
11851.8
11956.1
12193.4
12371.2
12382.2
12647.0
12991.0
13125.2
13435.4
13742.3
14015.5
14135.8
14258.5
14499.1
14677.2
14692.0
14727.9
14812.7
14816.8
14872.6
14881.2
15252.9
15412.7
15506.2
16381.2
16401.8
16771.9
17042.1
17244.7
17445.7
17851.5
17973.3
18110.0
18167.7
18236.1
18284.0
18516.9
18983.1
19445.2
19897.9
20090.7
20444.9
20564.2
20629.1
20794.9
21048.6
21730.1
21978.4
22049.7
22062.3
22238.0
22255.7
22526.1
22535.1
22628.5
22934.7
