94.4
151.3
796.4
1114.7
1232.6
1598.0
1796.0
1929.7
1940.1
2091.9
2107.4
2964.3
2979.7
3253.9
3336.9
3539.2
3811.4
4013.2
4076.6
4092.6
4305.3
4635.7
4647.7
4697.7
5050.4
5122.3
5934.6
5986.6
6088.9
6245.3
6420.7
6594.8
7179.6
7208.7
7232.4
7717.0
7718.2
8061.3
8286.7
8386.5
8458.9
8554.3
8609.6
8997.2
9074.3
9155.8
9337.1
9339.6
9541.1
10349.6
10401.3
10413.4
10476.3
10555.7
10557.6
10753.0
10781.1
11475.7
11965.5
12272.1
12422.7
12565.1
12807.6
13099.8
13285.4
13368.1
13976.1
14312.4
14375.3
14788.8
14821.4
15143.9
15153.7
15670.6
15694.9
16415.7
17024.1
17337.7
17537.9
17640.9
18022.9
18049.0
18565.9
18739.9
18975.4
19164.6
19812.1
19838.5
20053.0
20147.6
20186.9
20218.9
20460.0
20507.4
20620.7
20663.1
20709.5
20774.4
21141.8
21191.5
21282.2
21719.8
21924.7
21996.2
22029.0
22196.8
22221.3
22229.2
22509.3
22901.1
