33.0
37.5
45.9
58.2
61.2
237.4
414.6
1325.5
2012.2
2039.6
2127.9
2214.3
2378.2
2534.4
2618.3
2633.4
2759.0
2833.0
2965.7
3431.9
3481.9
3493.9
3861.6
3908.6
3976.9
4178.6
4308.5
4599.2
4699.7
4725.1
5088.4
5237.3
5271.0
5320.5
5398.8
6045.5
6161.5
6392.7
6417.5
6693.8
6730.5
6886.9
7091.7
7169.1
7715.4
7866.6
7974.0
8106.6
8212.7
8539.6
8774.2
9191.9
9231.4
9255.8
9397.8
9560.0
9963.5
9985.4
10283.1
10536.5
10581.8
11609.6
11819.9
11908.2
11954.9
12123.0
12238.9
12397.3
12671.7
12719.4
12910.0
13058.7
13107.5
13268.7
13406.9
13419.6
13593.9
14462.5
14486.3
14501.0
14512.3
14871.5
14949.3
15361.1
15681.6
15943.1
16372.1
16679.3
16728.2
16780.6
16823.0
16842.9
17161.1
17209.4
17292.2
17296.4
17594.9
17802.1
17836.6
18070.5
18200.0
18645.6
18681.5
18857.6
19276.3
19470.8
19493.6
19792.7
20125.5
20255.5
20648.7
20744.9
20808.2
20815.6
20826.2
20895.4
21300.3
21362.1
21533.6
21719.8
22086.5
22406.6
22440.2
22477.7
22561.7
22837.5
