320.9
333.4
468.3
556.3
560.8
688.0
821.7
985.1
1101.8
1878.8
1966.9
2121.7
2225.3
2329.7
2413.0
2993.4
3005.1
3194.6
3306.2
3376.6
3575.6
3632.5
3699.3
3907.0
4439.6
4619.3
4785.9
5472.8
5568.2
6072.9
6166.3
6362.8
6390.3
6909.6
7086.5
7089.6
7163.0
7227.1
7237.6
7515.1
7536.4
7599.5
7875.9
8088.3
8399.7
8602.9
8629.3
8640.4
8670.6
8959.6
9020.3
9320.3
9534.7
9697.0
10095.9
10122.4
10510.6
10514.3
10738.5
11119.7
11398.4
11401.1
11665.1
11877.0
12280.8
12286.3
12313.4
12695.2
12814.7
13185.9
13239.9
13346.8
13584.6
13778.6
14019.6
14034.8
14127.4
14479.9
14501.4
14707.7
14723.1
14807.2
14877.9
15245.4
15391.4
15437.0
15526.4
15598.4
15902.7
16127.5
16417.5
16504.7
16573.2
16610.3
16713.5
17217.6
17313.7
17391.8
17595.8
17662.4
17676.1
17691.8
17789.9
17877.6
18411.9
18506.5
18956.4
19259.2
19397.9
19597.1
19647.8
19857.0
20006.5
20201.5
20369.3
20392.8
20851.6
21220.4
21304.5
22091.9
22096.8
22115.4
22516.7
22737.6
