385.2
780.4
879.7
959.7
1025.8
1506.2
1534.4
1833.6
2434.7
2488.1
2698.0
2725.8
2779.2
3013.4
3084.9
3469.8
4036.3
4041.6
4118.1
4301.0
4379.0
4508.8
4660.8
5177.2
5844.2
6369.9
6491.9
6793.7
6998.0
7258.2
7408.3
7553.8
7565.1
7578.5
7580.5
7767.5
7850.8
7877.5
7924.7
7935.6
7964.8
8313.4
8669.5
9241.7
9364.0
9724.4
9810.9
11551.3
11640.9
11751.5
11825.0
11922.6
11937.0
12296.9
13210.5
13310.9
13326.7
13376.2
13794.5
13937.1
14031.4
14242.1
14581.5
14750.8
15004.2
15015.0
15054.3
15357.5
15628.0
15663.8
16867.9
16989.9
17037.8
17119.1
17311.1
17415.9
17597.8
17739.3
18329.6
18474.9
18685.7
18810.5
18924.7
19139.1
19202.2
19245.9
19365.5
19974.0
20203.8
20204.9
20324.8
20422.1
20635.0
20658.6
20996.5
21320.9
21512.9
21633.7
21974.8
22504.9
22630.0
22651.7
22732.3
22801.2
