19.5
86.5
138.7
165.1
362.7
551.3
615.3
987.9
1205.6
2033.3
2071.9
2358.0
2392.0
2408.1
3457.5
3692.5
3811.3
3950.7
4167.4
4465.7
4571.3
4623.1
4749.2
4853.1
5177.4
5186.5
5196.3
5306.6
5330.4
5667.6
5704.3
5709.7
5937.4
6043.0
6113.3
6133.4
6249.6
6580.2
6928.6
6943.9
7066.1
7501.8
7899.4
7951.9
8003.2
8094.5
8237.5
8312.5
8476.4
8564.0
8789.5
8989.4
9181.1
9366.6
9534.6
9787.6
10001.4
10172.3
10291.9
10622.7
10726.9
10756.3
10953.6
11078.4
11117.6
11560.2
11603.9
11824.5
11887.2
11976.8
12422.5
13224.9
13248.7
13392.6
13420.8
13560.6
13885.1
14304.5
14707.0
14953.2
15071.1
15555.7
16056.3
16214.6
16322.3
16640.0
17178.0
17277.9
18106.9
18264.5
18656.4
19098.9
19647.8
20155.8
20447.8
20900.5
20907.3
21122.3
21144.8
21689.8
22065.7
22164.9
22252.9
22350.9
22434.6
22601.9
22735.2
