175.0
433.3
538.7
604.7
633.8
771.4
837.4
954.8
1208.0
1314.5
1575.7
1770.5
1824.2
1825.8
1884.0
1950.5
1955.1
2669.2
2957.6
2959.4
3067.2
3101.8
3496.1
3835.5
4109.3
4467.2
4837.6
4841.5
4889.8
5247.0
5823.6
5917.3
6032.4
6073.8
6670.9
7136.2
7146.6
7656.1
7758.1
7788.7
7998.8
8042.2
8510.8
8716.4
8917.4
9006.8
9051.1
9559.9
9800.9
9918.5
10247.7
10599.2
10984.8
11166.7
11206.8
11376.8
11573.6
13298.7
13328.3
13479.8
14192.3
14298.5
14419.9
14604.3
14627.1
14847.2
15210.9
15298.2
15321.1
15480.9
15518.3
15763.6
15780.9
16303.6
16484.1
16515.8
16529.1
17734.2
18829.7
18890.7
19147.1
19244.4
19303.5
19423.2
19514.0
19666.1
19716.0
19856.6
19887.8
19912.8
20188.8
20506.0
20707.3
20802.6
20826.8
20939.8
20960.7
21178.9
21260.2
21328.6
21839.5
22014.5
22170.6
22250.3
22283.7
22320.8
22479.1
22786.8
22818.1
