13.6
95.7
160.4
395.6
736.4
749.2
773.8
1152.9
1225.7
1269.1
1744.2
2061.3
2556.5
2585.1
2638.0
2670.3
2747.3
2851.9
2943.4
3305.3
3465.1
4072.9
4967.8
5112.2
5230.5
5460.7
5615.2
5768.3
5796.5
5841.5
5876.3
6002.2
6171.4
6555.4
6589.2
6705.3
6711.7
6799.1
7104.8
7345.8
7506.3
7647.9
7849.8
7897.4
8378.2
8811.9
8927.1
8977.7
9180.1
9787.9
9841.7
10380.0
10475.8
10519.6
10601.9
10663.8
10782.9
10810.5
10999.6
11717.7
11890.1
12070.3
12176.1
12407.9
12434.3
12460.9
12617.2
13240.1
13497.1
13544.5
13575.1
13995.8
14116.1
14572.6
14576.9
14678.1
14732.3
15244.3
15562.8
15833.5
15929.4
16064.6
16075.3
16347.5
16360.4
16580.7
17017.6
17347.7
17435.2
17960.4
18121.7
18500.6
18522.7
18963.3
18970.9
19296.5
19309.4
19413.8
19821.6
19875.6
19985.4
20871.3
21167.6
21354.7
21425.9
21528.6
21652.2
21987.0
22049.1
22247.0
22378.0
22504.4
22904.3
