555.7
651.2
960.3
995.6
1020.0
1229.2
1275.0
1334.0
2086.2
2256.9
2279.0
2299.2
2429.2
2519.7
2680.2
2744.7
3709.3
3962.6
3985.3
4411.1
4533.2
4553.7
4784.2
4933.0
5037.5
5178.4
5291.3
5388.9
5782.0
5904.0
6185.0
6671.6
6689.0
6779.9
6865.8
6910.4
7315.0
7360.4
7458.3
7484.8
8181.7
8752.5
8840.6
8851.6
9030.1
9182.2
9213.9
9613.1
9656.9
9772.3
9823.2
10203.2
10533.5
10660.9
10763.6
11032.3
11322.5
11337.5
11344.5
11614.3
11853.5
12108.8
12648.0
12709.1
12854.1
12977.9
13536.1
13543.6
13593.9
13744.5
13824.7
13919.1
14140.5
14232.6
14463.3
15218.3
15238.6
15396.1
15638.3
15803.1
15943.3
16415.7
16797.9
16929.2
17121.7
17365.6
17696.9
17705.5
18073.6
18201.6
18226.7
18311.0
18610.6
18706.0
19193.5
19239.8
19440.4
19952.0
19983.4
19993.2
19997.7
20608.9
21029.5
21463.2
21604.6
21773.7
21989.9
22071.9
22174.4
22635.3
22831.5
