226.4
240.0
779.7
1480.1
1588.8
2094.3
2423.1
2449.2
2700.4
2726.4
3104.4
3316.2
3344.6
3348.7
3420.9
3478.7
3578.4
3648.9
3834.3
4062.7
4144.9
4597.9
4717.7
4811.1
4955.4
4962.5
6280.7
6835.5
6910.0
7093.6
7626.7
7891.9
8124.8
8235.7
8314.3
8600.3
8852.1
9668.7
9702.0
9955.4
10021.9
10321.5
10361.7
10434.2
10502.5
10675.7
10751.9
11216.9
11289.6
11659.0
11926.8
11930.9
11983.1
12370.0
12476.7
12670.1
12687.3
12967.0
13555.3
13771.6
13834.3
13970.7
14067.4
14584.6
14668.6
14980.0
15184.0
16162.1
16254.1
16381.9
16897.3
16921.7
17096.2
17759.6
17869.0
18037.3
18193.6
18231.5
18505.9
19071.8
19642.2
19888.1
19894.9
20158.4
20177.3
20202.7
20247.1
20275.2
20511.4
20767.7
20910.8
20963.3
21194.6
21272.8
21402.9
21541.0
21600.1
22134.4
22186.4
22212.8
22266.7
22333.1
22497.7
22727.7
