385.9
401.5
768.8
1421.8
1962.6
2129.1
2161.2
2235.7
2676.8
3015.0
3741.5
3988.6
3997.1
4161.9
4207.2
4286.1
4297.7
4383.2
4623.6
4902.3
4948.7
5244.4
5777.3
6746.1
6886.4
7389.3
7541.5
8958.3
8961.9
9101.0
9191.2
9779.3
10461.0
10516.0
10524.7
10832.1
10869.4
11246.0
11289.9
11418.4
11536.9
11903.5
12176.3
12226.8
12233.2
12439.7
12439.8
12758.0
13025.4
13037.3
13194.8
13287.0
13319.1
13347.2
13742.9
14123.5
14439.2
14589.9
14638.6
14680.2
14750.4
14932.4
15103.0
15218.0
15218.4
15500.0
15750.3
16175.1
16541.7
16684.2
16865.6
16938.8
17436.0
17828.6
18015.0
18064.1
18160.3
18305.9
18618.1
19169.5
19290.3
19317.0
19399.3
19595.8
19818.0
20166.8
20424.8
21032.7
21166.2
21782.9
21893.8
22010.3
22263.5
22301.5
22730.2
22730.6
