1168.5
1263.0
1288.0
1412.6
1527.0
1558.2
1610.8
2099.3
2197.3
2253.4
2262.1
2701.5
2710.7
3161.2
3261.9
3297.2
3326.0
3330.4
3766.0
4138.5
4338.1
4356.9
4721.7
5214.3
5410.0
5429.8
6225.4
6249.1
6444.6
6453.8
6953.4
7067.9
7788.7
8127.4
8330.1
8479.4
8671.3
8947.4
8972.4
9167.0
9357.3
9448.4
9507.6
9530.7
9572.6
9610.2
9850.6
10094.6
10279.4
10347.0
10537.9
10569.5
10619.7
10854.1
11155.1
11314.1
11393.7
11487.0
11515.3
11516.7
11617.2
11689.0
11733.2
11803.3
12228.3
12418.1
12452.7
13381.4
13485.0
13505.2
13568.4
13686.1
13723.6
13753.5
13868.4
13890.5
14018.6
14190.2
14302.2
14746.4
15010.6
16089.0
16112.2
16343.3
16368.4
16546.7
16887.4
17210.9
17284.4
17426.9
17714.3
17725.4
17733.0
17756.1
18006.8
18134.2
18158.8
18323.7
18665.8
18943.5
19223.1
19428.0
19848.0
20320.4
20365.2
20478.8
20830.0
20931.6
21036.8
21081.4
21280.3
21328.3
21377.7
21556.0
21562.6
21971.5
21987.8
22289.7
22379.5
22403.9
22639.7
22966.3
