138.7
217.7
450.8
694.5
785.6
888.9
963.8
975.3
1114.2
1229.0
1265.3
1924.4
2569.2
3253.9
3625.8
3673.6
4056.3
4415.6
4504.1
4790.9
4814.6
4998.4
5030.7
5383.8
5493.3
5721.7
5934.5
6138.4
6177.5
6577.0
6665.5
6917.5
7298.8
7482.9
7664.5
7723.2
7882.2
8023.7
8281.0
8313.9
8506.1
8710.8
9657.9
9796.9
10012.6
10369.8
10955.1
11646.3
11646.8
11668.4
11674.5
11694.6
11748.8
11914.3
11936.2
12305.4
12493.9
12573.2
12821.3
12961.7
13067.5
13175.0
13245.3
13695.0
14030.7
14119.9
14206.4
14229.5
14587.9
15434.9
15668.4
15702.7
16169.6
16372.8
16601.0
16728.1
17587.5
18009.9
18102.0
18127.4
18280.1
18290.0
18625.4
18787.6
19105.9
19365.6
19637.3
19774.0
19873.8
19944.3
20184.2
20258.1
20321.2
20626.2
20858.1
21106.1
21128.1
21239.1
21731.8
22035.5
22117.5
22191.4
22300.4
22431.1
22879.2
22903.6
