58.7
85.2
141.3
462.2
746.6
813.1
1186.7
1368.7
1532.6
1577.4
1657.6
1811.9
2001.3
2005.5
2371.3
2378.4
2816.7
3085.0
3396.1
3516.2
3546.1
3641.5
3644.1
3722.2
3800.9
4390.2
4497.4
4923.6
5334.0
5829.1
5839.2
6172.5
6225.0
6473.2
6545.1
6545.2
6910.8
7296.0
8070.6
8161.1
8274.7
8339.2
8685.1
8838.3
9330.6
9545.7
9867.4
10005.7
10034.8
10348.7
10841.9
10857.1
11020.1
11533.1
11660.0
11758.8
11807.8
11858.8
12203.0
12362.6
12605.7
13083.5
13230.1
13618.2
13630.0
13692.4
13860.6
14144.3
14408.3
14477.0
14669.9
15042.1
15448.3
15587.5
15871.7
15954.2
16103.9
16188.1
16240.0
16525.5
16630.4
16727.6
17262.8
17314.9
17551.4
17590.3
17622.5
17712.1
17820.1
17882.3
17939.0
18289.1
18782.3
18909.9
18931.0
18947.2
19035.1
19135.9
19264.0
19302.1
19670.9
19808.4
20019.1
20080.6
20233.3
20351.4
20471.5
20750.5
21130.6
21307.5
22438.6
22643.5
22658.4
22672.6
22697.7
22951.9
22998.7
