217.8
686.4
843.6
1023.0
1406.2
1435.4
1617.5
1662.4
1792.9
2021.1
2379.4
2722.5
3131.2
3146.7
3163.4
3713.2
3928.1
3979.8
4012.2
4808.8
5242.7
5371.2
5703.7
5881.2
6159.6
6213.9
6257.1
6276.1
6477.5
6500.4
7128.6
7141.8
7359.7
7609.4
8230.6
8540.7
8579.9
8773.3
9022.7
9285.4
9320.9
9859.2
10100.5
10692.6
11060.7
11256.0
11354.3
11424.8
11714.4
12131.4
12312.0
12359.3
13262.8
13323.2
13481.6
13684.9
14112.7
14212.0
14340.0
14763.0
14911.4
14996.6
15562.4
15671.0
15688.4
15870.5
15957.0
16031.6
16363.5
16373.6
16383.9
16907.6
17411.3
17464.3
17465.7
17523.6
17870.1
18397.7
18660.5
18669.3
19118.1
19289.9
19325.9
19477.4
19596.1
19821.7
19849.0
20021.1
20321.5
20359.7
20374.9
20608.9
20851.8
21014.1
21249.6
21707.9
22282.0
22283.1
22428.7
22583.7
22707.9
22741.6
22913.8
22950.2
