89.6
163.7
511.6
567.6
887.0
918.0
986.5
1025.0
1106.4
1964.3
2061.7
2124.4
2394.6
2667.5
2836.7
3079.4
3332.8
4430.9
4525.6
4622.5
4749.6
4806.3
4917.4
5045.7
5148.9
5206.7
5426.3
5455.3
5592.2
5790.4
6397.1
6542.5
6596.9
6745.8
7103.4
7133.3
7134.4
7195.3
7254.3
7314.1
7582.1
7624.0
7678.0
7868.7
7869.3
7985.4
8226.6
8525.8
8894.2
8918.9
9428.9
9480.8
10066.6
10068.1
10272.6
10280.9
10347.2
10436.9
10438.6
10524.2
10731.7
10752.8
11051.6
11073.5
11194.6
11260.3
11583.9
11695.1
11784.8
11864.4
12402.8
12505.2
12545.5
12837.3
12852.4
13029.1
13032.4
13364.1
13492.5
13642.1
13805.5
13825.8
13863.1
14212.4
14490.2
14608.7
14782.7
14916.4
15209.2
15452.6
15525.7
15642.7
15823.7
15834.4
15962.8
16150.7
16217.6
16272.8
16284.8
16794.1
16900.3
17365.9
17493.7
17714.9
17933.2
18348.2
18396.6
18666.9
18775.6
19072.0
19088.0
19519.1
19541.4
19555.2
19807.8
19950.5
20315.0
20522.7
20834.8
20969.9
21094.5
21390.1
22024.7
22128.9
22136.0
22176.1
22215.3
22841.1
