131.6
559.9
706.3
954.4
1091.2
1205.5
1223.8
1249.7
1391.1
1559.8
1572.3
1711.3
1748.0
2183.5
2736.8
2969.6
3641.6
3688.2
3702.3
3754.2
3895.5
4994.0
5035.2
5089.3
5091.8
5227.9
5449.4
5719.3
5748.6
5877.3
5935.1
6059.8
6160.5
6260.9
6264.0
6496.1
6501.8
6710.8
6883.9
6915.8
7176.8
7204.3
7374.7
7646.5
8753.6
8779.4
8910.1
9092.8
9120.9
9294.9
9749.4
9894.2
9985.3
10206.9
10689.7
10769.7
10792.7
10864.2
10878.3
11428.8
11667.9
11775.3
12149.9
12200.2
12290.5
12475.8
12576.3
12765.4
12860.5
13619.6
13944.7
13971.9
14165.7
14388.1
15269.0
15287.4
15301.1
15844.9
15886.1
16014.4
16019.0
16506.6
17039.9
17992.3
18415.7
18598.1
18814.6
19007.6
19518.0
19519.8
19735.1
19880.9
19976.4
20128.3
20150.1
20457.4
20643.8
20810.0
20902.7
21176.8
21352.6
21401.7
21487.1
21519.4
21646.9
21882.1
21950.8
22917.1
