119.9
251.1
417.1
812.6
1177.2
1343.3
1530.6
1641.8
1768.4
1771.2
1801.2
1935.7
2723.6
2859.4
3112.8
3841.8
3898.3
4129.2
4263.0
4319.3
4757.9
5085.0
5102.5
5286.7
5385.3
5723.2
5966.0
6044.6
6308.2
6751.5
7631.3
7650.5
7856.1
7859.4
7906.8
8403.9
8706.5
8791.8
8848.7
9100.2
9204.3
9209.9
9217.5
9792.9
10151.3
10159.1
10213.7
10415.7
10595.0
10728.2
10757.3
11186.2
11361.4
11391.8
11550.4
11633.6
11910.4
11983.6
12028.8
12140.2
12245.4
12291.3
12435.0
12524.8
12574.4
12601.9
12641.7
12699.0
12815.4
13226.6
13358.6
13384.0
13601.1
13704.9
13768.8
13902.1
14364.4
14494.1
14532.7
14749.6
14787.5
15358.6
15529.3
15644.2
15680.4
15752.2
16328.4
16362.3
16399.5
16582.2
16677.5
16683.3
17627.2
17764.4
17864.3
17973.1
18018.1
18310.5
18339.0
18577.3
18649.7
19207.6
19782.8
19877.5
20303.0
20689.7
21112.3
21136.4
21345.4
22151.5
22204.0
22225.0
22866.8
22894.5
