16.0
133.9
413.9
431.3
764.9
1004.6
1500.0
1669.8
1750.3
1988.4
1996.9
2069.1
2346.0
2466.5
2488.9
2572.0
2640.8
2647.8
2754.6
2761.4
2982.9
3243.9
3247.9
3257.8
3258.0
3486.1
3775.9
3846.2
4078.9
4384.1
4474.7
4617.3
4784.7
5042.8
5051.1
5473.3
6174.4
6252.1
6417.3
6650.8
6701.1
6726.0
6812.1
6921.8
7042.9
7184.3
7375.6
7430.9
7517.8
7556.9
7605.7
7901.8
7904.0
8160.9
8455.6
8721.9
8916.6
8991.7
9091.5
9327.6
9411.7
9435.7
9535.6
9623.2
9765.7
9960.9
10036.5
10464.8
10988.5
11158.2
11168.3
11629.6
12000.6
12011.7
12027.8
12234.2
12631.3
12913.9
12954.9
13052.3
13065.3
13614.0
13831.0
14034.0
14098.4
14185.5
14503.4
14660.3
14676.1
14824.3
14879.8
15250.6
15485.3
15608.0
15645.7
16011.1
16161.9
16252.8
16289.3
16828.8
17223.7
17584.6
17791.6
17917.0
18183.3
18531.3
18560.2
18651.4
18932.4
18967.6
19530.1
19656.8
19727.7
19947.6
20081.6
20312.3
20340.6
20647.2
20748.3
20796.8
20966.4
21397.9
21769.8
22179.1
22300.3
22396.7
22600.3
22798.8
22844.6
22903.8
22991.2
