478.8
812.0
926.3
1104.5
1808.9
2148.0
2521.2
2528.2
3094.0
3127.8
3388.4
3389.4
4094.1
4240.8
4334.6
4346.0
4367.5
4689.1
4708.8
4751.9
4944.0
5167.5
5401.1
5901.1
5998.4
6539.4
6709.5
6932.3
7046.4
7341.7
7552.0
7761.4
7970.5
8137.1
8398.3
8531.0
8554.9
9154.5
9375.3
9425.7
10135.6
10256.4
10299.1
10609.0
11210.0
11569.4
12014.0
12016.9
12310.1
12358.1
12740.6
12767.0
13293.2
13453.7
13562.6
13713.4
13820.1
14258.1
14398.1
14459.3
14512.5
14896.8
15054.3
15149.4
15537.1
15665.0
15678.1
15766.4
16294.2
16335.0
16535.5
16794.0
17253.8
17429.7
17509.5
17961.2
18082.0
18158.3
18240.2
18582.2
18696.3
18796.5
18924.6
19079.1
19227.3
19248.2
19801.0
19931.8
19998.5
20243.4
20246.5
20270.4
20583.3
20625.2
20981.6
21048.2
21272.3
21359.8
21829.4
22096.1
22144.6
22152.9
22222.5
22303.7
22361.7
22479.8
22487.5
22613.3
22973.3
