216.6
541.0
709.2
794.0
809.1
1290.2
2028.6
2065.6
2182.2
2293.5
2336.4
2388.0
2391.3
2470.8
2909.3
3206.1
3715.4
3950.4
4279.3
4286.7
4369.7
4954.8
4996.1
5055.5
5123.3
5211.9
5267.8
5622.9
6047.0
6246.7
6553.9
6705.1
7321.1
7354.8
7543.9
7665.1
7815.6
7988.8
8064.7
8179.2
8269.0
8293.2
8312.1
8460.9
8531.0
8625.1
8644.2
8952.8
9082.6
9205.7
10122.5
10206.2
10304.8
10696.3
10877.6
11022.4
11237.7
11300.9
11310.5
11670.5
11849.9
11998.3
12040.0
12468.5
12480.0
12516.2
12756.3
12805.3
12899.3
13380.6
13419.7
13481.7
13579.2
13818.7
13889.3
14198.3
14291.1
14598.8
14599.6
14613.4
15112.8
15340.6
15465.6
15533.2
15851.2
16069.1
16385.0
17009.6
17139.8
17145.1
17242.7
17252.9
17427.6
17971.5
18202.0
18314.3
18625.3
18839.7
19004.9
19189.3
19272.1
19305.4
19422.0
20532.9
20545.9
20666.1
20695.2
20741.2
20933.3
21017.1
21146.9
21296.3
21432.6
21462.5
21553.4
21670.4
21898.9
22027.3
22418.1
