34.9
354.8
751.8
984.3
1314.9
1590.7
1686.4
1756.1
1879.4
2193.9
2216.7
2306.4
2804.4
2819.2
3581.3
3609.6
4248.2
4327.3
4543.6
4854.4
5327.4
5381.8
5801.2
5892.3
6160.8
6739.1
7041.2
7130.8
7233.0
7751.2
7768.5
7838.9
7850.7
7864.8
8153.9
8200.8
8317.6
8547.2
8650.9
8719.9
9702.1
9741.4
10133.3
10324.8
10428.7
10765.5
10769.5
10802.5
11034.1
11035.0
11811.1
11963.4
12329.4
12353.1
12452.5
12620.3
12733.7
12754.4
12897.8
12943.6
12948.2
13025.7
13481.3
13739.2
14076.5
14192.7
14242.6
14735.2
14835.9
14903.9
14928.4
15088.7
15203.9
15465.3
15560.5
16102.4
16315.9
16352.6
16785.6
17255.6
17344.1
17511.8
17545.9
17688.7
17936.0
18264.3
18455.5
18538.2
18648.0
18730.5
19155.3
19507.8
19591.5
19646.8
19820.0
19847.0
20387.3
20416.6
20425.9
20474.7
21485.1
21863.7
21970.1
22117.7
22584.5
22849.8
