113.0
161.1
354.9
391.8
602.2
617.4
726.6
1076.9
1197.8
2021.2
2142.5
2167.0
2215.9
2308.7
2525.8
2582.6
2652.0
2722.8
2829.9
2841.8
3102.7
3200.5
3260.1
3698.6
3875.2
4416.6
4515.3
4590.6
4668.7
4807.8
4903.8
5203.5
5311.2
5415.3
5449.4
5557.6
5898.4
6136.2
6580.3
6698.1
6747.1
6921.3
7226.7
7311.4
7353.8
7650.1
7814.7
7881.5
8204.3
8440.6
8772.2
9118.5
9313.7
9425.9
9507.3
9545.6
9602.7
9877.9
9958.8
9990.9
10172.6
10225.7
10487.1
10584.0
10650.4
11323.2
11393.6
12176.2
12376.3
12514.3
12935.9
13097.7
13400.9
13445.4
13504.5
13595.9
13959.4
14031.9
14099.8
14354.8
14775.1
15247.8
15341.9
15468.2
15564.6
15633.0
15751.7
15874.7
16197.8
16310.8
16439.6
16611.4
16938.3
16952.7
17062.7
17223.0
17362.8
17399.1
17448.8
17697.6
18187.2
18499.1
18735.5
18758.5
18859.3
18893.4
19115.5
19161.3
19200.1
19226.7
19274.4
19678.4
20006.6
20035.6
20680.6
21474.8
21584.4
21952.8
22189.8
22344.5
22357.4
22547.8
22575.4
22731.6
22817.3
22985.4
