14.4
161.1
372.6
375.9
581.8
907.1
1046.3
1126.2
1477.9
1815.4
1968.7
2316.5
2395.4
2443.8
2598.3
2726.4
2937.9
3005.6
3407.8
3866.9
4116.1
4401.0
4661.0
4695.3
5563.2
5741.7
6189.9
6589.7
7278.7
7378.0
7434.9
7579.4
7589.8
7594.6
7620.7
7700.0
7766.0
8008.5
8076.9
8278.4
8512.6
8610.5
8640.8
8901.9
9286.6
9474.1
9557.2
9738.1
9856.2
9867.6
10119.2
10254.4
10304.1
10467.8
10607.9
11192.7
11513.9
12000.2
12063.8
12166.7
12484.8
12593.4
12616.1
12696.8
13318.0
13343.4
13509.3
13683.6
13862.7
13963.1
14040.9
14101.4
14114.0
14303.5
14562.2
14576.5
14661.1
15599.0
15698.1
15941.8
16018.1
16083.1
16757.8
16787.8
17066.9
17128.0
17220.6
17345.0
17741.6
17775.6
17875.6
18033.1
18222.9
18337.5
18526.8
18722.4
18728.8
19013.5
19142.8
19654.1
19881.9
19969.2
20025.9
20055.6
20093.1
20724.0
20736.1
21019.2
21344.8
21544.7
21714.5
21755.7
22030.7
22040.1
22482.4
22495.2
22613.7
22851.8
22879.6
