22.0
146.2
185.2
319.4
367.5
516.0
539.1
601.4
698.3
732.6
767.6
1208.8
1704.2
1891.7
2457.8
2825.9
3445.4
3523.7
3606.8
3682.6
3864.0
3907.8
3930.9
4043.5
4292.9
4850.9
5565.9
5836.7
6048.0
6055.7
6209.6
6326.5
6331.4
6508.9
6518.4
6719.3
6784.8
6858.9
7019.1
7514.4
7617.9
7835.2
8144.0
8230.3
8297.4
8542.6
8562.6
8923.6
8924.8
9203.3
9205.1
9731.5
9845.7
10395.6
10531.7
11174.7
11349.9
11364.7
11583.2
12086.9
12170.8
12284.3
12294.1
12867.4
13147.3
13225.4
13316.1
13614.3
13749.3
14077.9
14171.2
14422.5
14567.0
14930.2
15047.6
15361.5
15378.4
15532.9
15578.0
15630.2
15730.6
15754.2
16245.2
16343.1
16378.8
16746.3
17137.2
17813.3
18475.8
18544.5
18613.0
18843.3
18869.0
19209.2
19479.7
19542.7
19749.6
19884.1
19968.2
20838.0
20936.6
21203.2
21408.1
21673.8
22102.1
22217.4
22273.3
22741.6
22823.7
