70.5
345.1
495.5
694.7
1226.6
1291.1
1772.4
1903.2
2153.5
2194.4
2438.9
2618.5
2642.9
2951.3
3123.2
3218.2
3263.1
3392.4
3465.5
3701.2
4043.2
4193.0
4207.7
4640.2
4779.6
4885.9
5133.4
5174.9
5550.1
5743.3
5802.2
5837.2
6206.7
6402.6
6433.0
6490.0
6609.5
6855.9
6940.6
7396.0
7621.8
7825.7
7928.0
8132.4
8219.7
8415.0
8865.7
9111.5
9152.1
9208.4
9304.9
9350.8
9361.9
9755.5
9826.4
9863.1
9893.6
10250.7
10713.0
10775.1
10802.8
10886.9
11071.6
11353.8
11452.0
12090.2
12223.6
12258.7
12330.5
12694.7
12835.9
12892.6
13562.9
13604.5
13726.1
14087.7
14102.6
14734.9
14837.0
14917.7
15214.1
15414.9
15435.5
15810.8
15868.5
15940.7
16314.8
16475.3
16797.5
16846.6
16917.1
17062.3
17359.0
17532.5
17751.2
17903.4
18098.5
18111.0
18190.2
18199.9
18372.8
18738.9
18756.3
18775.5
19682.2
19686.4
19775.2
19856.6
20162.9
20286.7
20522.5
20804.5
21284.7
21534.4
21701.1
22065.2
22160.4
22594.4
22665.3
22676.7
22839.4
