53.9
308.6
366.9
480.4
490.9
580.6
1049.2
1119.7
1597.0
1964.2
1979.7
2081.9
2123.5
2164.5
2424.1
3430.4
3501.8
3823.7
3909.6
3957.7
4235.0
4331.0
4570.0
4835.4
4840.6
5072.9
5325.0
5354.4
5383.0
5406.1
5514.7
5721.0
5729.9
5832.6
6397.4
7004.2
7180.3
7284.1
7361.6
8081.3
8246.9
8450.8
8692.3
8715.8
8718.8
8782.4
9050.5
9498.1
9794.5
9830.0
10108.1
10172.4
10174.9
10188.9
10994.9
11121.8
11550.7
11669.3
12088.4
12223.2
12405.1
12775.0
12811.2
12850.6
13192.3
13562.9
13702.7
13734.4
14215.6
14525.8
14713.8
14767.4
15028.1
15036.5
16286.4
16560.2
16618.3
16699.4
16919.8
17082.6
17126.6
17309.6
17357.8
17427.2
17502.1
17628.6
17661.4
17973.1
18125.0
18377.0
18558.1
18740.4
19045.7
19127.7
19465.0
19594.6
19641.0
20058.2
20073.1
20246.0
20377.5
20464.8
20685.9
20702.3
21116.8
21258.4
21665.8
21779.5
21962.9
22241.9
22692.4
22994.9
