143.7
413.3
519.8
532.1
673.8
1257.6
1350.9
1455.2
1485.8
1670.6
1971.3
2065.6
2414.8
2455.9
2597.5
2822.4
2839.3
3103.7
3120.4
3196.9
3312.4
3726.3
3817.8
3905.0
3906.4
4410.7
4424.2
4767.3
5505.6
5688.8
5794.3
5803.4
5965.4
6009.5
6152.3
6443.0
6450.8
6495.6
6779.2
6855.9
6927.4
7160.2
7160.6
7188.8
7194.5
7276.3
7336.1
7515.6
7748.5
7925.2
7967.7
8727.4
8849.3
10074.1
10131.5
10406.6
10591.3
10630.6
10811.4
10859.9
10984.8
11444.4
11500.7
11651.4
12372.6
12577.2
12581.5
12721.1
12730.2
12938.5
13054.7
13141.3
13636.4
13733.7
14131.8
14206.2
14294.5
14405.7
14445.8
14551.9
14617.9
15341.4
15428.6
15453.6
15552.5
15701.8
15783.2
16296.1
16880.7
16918.8
17279.9
17487.5
17494.6
17683.2
17849.6
18191.8
18329.1
18909.8
19051.8
19094.4
19117.2
19233.8
19272.8
19674.6
19838.4
19904.2
19983.8
20061.3
20153.9
20486.4
21204.0
21634.7
21695.7
21705.8
21943.3
21954.4
22036.1
22113.5
22131.9
22595.3
22676.9
22721.5
22777.0
22931.9
22996.1
