43.9
64.3
155.9
230.8
299.6
302.5
303.7
344.6
615.5
901.4
1377.8
1791.0
1819.0
2006.4
2023.8
2300.5
2395.6
2426.8
2590.1
2621.0
2634.4
2912.1
3011.3
3106.4
3206.9
3306.9
3708.6
4197.0
4577.1
5023.7
5118.6
5188.3
5306.4
5368.3
5921.5
5950.8
6164.1
6276.3
6285.8
6590.5
6621.6
6655.7
6689.2
7154.6
7264.1
7289.5
7311.4
7323.5
7352.5
7373.6
7860.2
7886.3
7906.6
8011.8
8969.4
9152.0
9342.1
9550.6
9631.6
9950.3
10047.2
10049.0
10128.0
10206.3
10264.4
10451.1
10975.2
11457.0
11478.6
12147.9
12437.0
12965.0
13065.5
13115.5
13295.4
13304.6
13404.4
13615.6
13741.3
13783.5
13817.5
14345.8
14765.2
14781.8
14797.3
14830.4
15680.7
15746.6
15763.0
15774.1
15834.9
16244.3
16294.2
16349.8
16436.7
16583.4
16786.9
16954.3
17111.2
17134.6
17241.8
17319.9
17499.8
17654.6
17742.7
17847.3
18209.6
18272.5
18552.0
18871.7
19031.6
19871.2
19903.7
20101.0
20939.1
21190.3
21375.3
21585.6
21773.1
22143.4
22233.5
22512.2
22668.7
