242.8
572.6
641.1
697.2
752.4
874.8
1199.0
1326.0
1370.6
1416.7
1431.8
1566.5
1570.7
1742.0
1823.0
2105.6
2201.8
2457.8
2799.7
2827.9
2903.0
2917.1
2989.5
3080.2
3088.5
3295.8
3477.4
3582.0
3671.5
3685.8
3790.8
3887.3
4120.0
4765.4
5441.5
5519.1
5654.0
5838.2
6020.1
6089.4
6373.5
6459.4
6553.8
6708.5
6741.8
6806.8
7446.7
7470.2
7648.5
7809.4
7826.3
8052.9
8098.4
8608.7
8845.3
8906.0
9796.7
10019.5
10164.1
10461.7
10467.6
10609.8
10612.3
10672.7
10909.7
11009.0
11027.7
11183.3
11825.5
12262.8
12793.7
12818.7
13191.7
13367.3
13473.9
13570.7
13755.2
13781.7
14320.0
14371.9
14445.7
14464.0
14528.3
14589.1
14678.1
14689.8
15007.2
15432.0
15506.5
15656.1
15786.7
15991.6
16165.8
16233.7
16265.9
16331.3
16397.4
16464.5
16469.1
16512.2
16585.4
16663.4
16706.4
17145.4
17359.2
17712.8
18175.1
18289.8
18307.8
18326.4
18397.9
18557.6
18676.3
19085.3
19156.4
19390.7
19516.1
19829.8
20031.6
20195.7
20298.6
20912.0
21067.1
21128.9
21860.8
21900.7
21938.4
22163.6
22486.8
22896.5
