287.9
506.2
590.8
832.6
912.8
1018.1
1118.1
1121.6
1139.6
1498.9
1579.8
1731.3
1839.7
2008.6
2264.2
2279.5
2334.4
2388.4
2434.0
2447.2
2486.0
2554.1
2596.1
2790.3
3191.0
3987.9
4070.4
4137.7
4175.9
4350.3
4485.2
4489.4
4535.2
4680.7
4711.4
4711.8
4755.7
4824.3
4941.1
5110.3
5148.6
5573.1
5681.0
6136.4
6206.0
6642.0
6715.3
7211.2
7228.1
7270.5
7351.7
7470.0
7602.9
8352.3
8426.3
8487.5
9099.8
9242.8
9285.8
9315.0
9375.6
9495.0
9601.9
9765.2
9768.3
9787.5
10213.7
10230.4
10338.8
10505.3
10566.5
10846.7
10970.7
11091.1
11117.1
11746.1
11761.1
11781.0
11893.2
12392.7
12623.7
12993.6
13016.2
13297.7
13533.3
13553.7
14148.2
14231.4
14248.8
15423.2
15441.0
15601.9
15640.7
15806.9
15949.9
15953.1
16339.7
16585.5
16872.5
17349.5
17439.7
17589.8
17612.1
17745.7
18089.1
18143.5
18225.9
18469.8
18509.4
19317.6
19445.9
19537.9
19711.6
19794.5
19911.3
20290.1
20336.0
20407.7
20458.6
20594.5
20694.0
20743.7
21133.1
21258.8
21260.0
21301.1
21454.3
21733.9
21880.6
22634.8
22755.2
22774.6
22871.1
22931.7
22965.4
