257.1
826.7
1273.9
1501.0
1591.1
1770.0
1826.6
1910.7
1927.3
2056.5
2635.7
2858.1
2981.3
2993.5
3241.3
3603.8
4396.0
4428.1
4522.7
4647.7
4651.0
4802.6
5004.9
5080.3
5294.6
5436.1
5498.9
5799.1
5916.7
6249.4
6402.5
6477.3
6821.3
7149.6
7225.4
7254.9
7495.9
7567.9
7611.4
7620.1
7748.7
8330.5
8370.9
8531.1
8573.1
8605.2
9153.0
9883.2
10208.0
10224.8
10551.2
10611.5
10725.3
11029.7
11155.1
11799.4
12075.2
12391.3
12707.3
12780.0
12931.2
13191.6
13246.7
13405.5
13437.9
13605.1
13656.6
13724.6
13886.4
14016.2
14084.4
14326.5
14603.0
14626.7
15557.4
15903.8
16220.3
16338.7
16394.6
16679.2
16699.3
16929.4
16950.5
17696.5
17773.0
17896.8
17977.5
18429.8
18506.2
19211.0
19370.6
19398.0
19515.2
19737.3
19882.1
19915.4
20004.8
20092.7
21154.9
21203.7
21477.8
21679.1
21714.8
22046.7
22669.0
