59.2
153.7
353.6
381.0
533.5
642.9
1249.1
1540.5
1586.1
2112.8
2614.6
3023.3
3352.3
3440.7
3621.8
3717.7
3762.1
3834.7
3922.3
3936.9
4067.1
4098.9
4250.5
4298.8
4931.2
5190.3
5372.1
5436.9
5604.9
5620.8
5828.2
5878.4
6189.4
6373.5
6804.5
6987.1
7102.3
7450.9
7727.0
7983.5
8265.2
8445.2
8608.8
8964.4
9037.1
9273.1
9298.2
9493.1
9858.3
10222.1
10241.4
10435.3
10476.5
10623.3
10946.6
11104.4
11204.3
11442.0
11683.6
11807.0
12050.2
12290.2
12420.5
12578.5
12835.5
13394.9
13435.8
13524.9
13594.4
13737.7
14170.5
14331.1
14418.8
14844.8
15017.3
15076.2
15106.5
15138.4
15164.1
15352.1
16154.6
16509.9
16843.8
17268.6
17527.5
17715.8
17957.1
17976.5
18001.5
18004.2
18038.7
18271.6
18422.4
18457.8
18556.9
18701.4
18980.8
18989.2
18989.4
19289.6
19291.3
19307.4
19345.6
19404.5
19743.7
20069.9
20358.7
20448.1
20488.6
20697.8
20919.2
20990.3
21084.2
21103.0
21452.1
21815.8
21955.8
22530.4
