29.2
43.0
239.6
261.2
320.8
424.8
493.5
554.7
755.6
1222.0
1633.4
1683.8
1781.8
2043.4
2071.2
2239.9
2323.9
2672.1
3107.4
3108.3
3677.5
4069.0
4149.5
4174.4
4445.7
4524.9
4635.7
4708.2
4847.5
4874.4
5254.0
5370.8
5442.6
5814.5
6957.2
7075.7
7084.5
7335.7
7359.1
7625.8
7626.8
7790.0
7929.7
8340.1
8487.5
8498.0
8876.4
8984.2
9488.0
9665.0
9868.9
9886.3
9894.0
9974.2
10198.2
10315.1
10412.3
10428.8
10771.4
11403.0
11606.8
11629.0
11789.4
12121.0
12326.1
12457.9
12542.2
12603.9
12747.2
12779.4
13057.5
13140.0
13184.4
13187.7
13968.7
14504.6
14613.1
14788.3
15167.9
15224.5
15332.7
15499.3
15593.9
15834.7
16063.7
16317.0
16320.9
16423.7
16454.7
16887.6
17511.3
17665.9
18234.9
18693.0
19258.4
19633.7
19651.4
20439.8
20764.0
20781.2
20936.1
21735.8
21797.3
22014.1
22018.6
22067.3
22081.3
22236.1
22334.4
22617.3
22741.5
22753.2
