156.9
236.7
319.6
1101.1
1357.5
1418.8
1945.3
2463.7
2532.4
2577.0
2759.2
2916.2
3107.5
3137.8
3244.4
3599.5
3913.3
3941.7
4058.8
4303.6
4460.6
4972.2
5224.3
5674.9
5952.3
6091.6
6386.7
6686.7
6840.0
7067.7
7200.0
7337.0
7526.7
7580.9
8031.9
8204.4
8632.5
8739.3
8854.8
9233.4
9295.2
9844.0
10177.6
10186.0
10397.2
10445.8
10774.8
11202.7
11447.9
11533.1
11850.6
11983.7
12361.8
12494.2
12670.3
13302.6
13493.1
13494.4
13775.6
13881.2
14234.6
15327.1
15408.0
15610.9
15745.6
16083.1
16720.7
16920.2
17145.7
17466.4
17646.4
17721.3
17788.4
18176.0
18270.1
18304.2
18308.3
18637.9
18877.9
18944.9
19028.7
19194.5
19318.2
19551.3
19565.5
19567.2
19619.7
19884.9
20293.2
20692.4
21274.4
21280.6
21301.7
21369.7
21437.4
21842.1
22379.1
22782.5
22875.3
