260.1
335.0
919.8
1041.2
1283.9
1517.8
1595.5
1739.2
1888.4
2715.1
2779.8
2904.0
3022.2
3103.9
3223.1
3756.2
3802.9
3951.3
4244.7
4340.6
4534.1
4585.3
4663.8
4757.4
4826.3
5060.5
5264.6
5696.1
6343.5
6423.7
6554.3
6559.3
6625.5
6669.1
7245.3
8004.2
8608.3
8717.0
9090.1
9496.2
10017.1
10273.5
10604.5
10726.6
10738.5
10821.6
10833.6
10900.5
10960.8
11278.0
11392.5
11526.3
11648.3
11669.6
11670.9
12093.1
12103.2
12416.6
13010.3
13299.2
13940.3
14036.3
14054.8
14080.4
14425.7
14570.5
14857.4
15754.7
15785.3
16135.3
16447.1
16654.9
16669.1
16671.0
16839.7
16863.1
17030.7
17480.6
17493.9
17883.2
18168.9
18444.6
18604.9
18707.7
18716.7
18736.5
18868.0
19090.7
19125.0
19282.4
19575.3
19939.8
20189.7
20467.3
20986.0
20995.8
21302.8
21547.8
21705.0
21724.8
21764.5
21847.9
22989.2
