106.7
170.2
205.7
425.7
519.6
756.2
1456.6
1553.6
1769.8
1900.6
1933.0
1980.1
2006.5
2172.9
2173.2
2179.2
2397.5
2437.7
2595.3
2652.6
2921.8
3041.2
3129.6
3231.1
3574.5
3705.5
3768.7
3774.2
3830.8
3856.0
4414.6
4501.7
4507.6
4961.3
5069.2
5215.5
5493.9
5511.5
5589.8
5631.0
5847.5
5992.9
6474.6
6656.3
6736.0
6737.2
6822.3
6979.1
7019.4
7069.4
7504.8
7523.9
7628.3
7737.7
7737.9
7826.8
7905.3
8096.3
8200.6
8790.4
9760.1
9879.1
9892.0
10333.9
10474.9
10749.1
10837.6
10856.4
10959.7
10960.0
11376.7
11530.6
11561.9
11642.1
11697.8
11734.7
11844.2
11890.2
11937.3
12389.9
12628.4
13082.7
13231.4
13271.7
13438.5
13561.0
13565.4
14205.2
14208.8
14886.3
15212.7
15443.9
16064.2
16118.8
16325.4
16692.1
16802.9
16813.4
16874.6
17139.4
17159.4
17667.9
17974.0
18087.4
18567.5
18574.2
18800.0
19116.9
19124.9
19239.3
19671.9
20217.9
20323.4
20362.9
20429.8
20500.6
20546.9
20585.2
20624.9
20777.1
20824.4
20889.9
21537.6
21637.4
21852.9
21946.3
22026.4
22054.9
22275.9
22432.2
22524.2
22631.3
22976.3
