526.5
624.5
1018.1
1189.7
1329.9
1371.5
1597.2
1967.0
2105.2
2172.7
2527.9
2760.7
2868.7
2939.5
3064.1
3115.1
3211.1
3241.3
3382.1
3493.3
3669.6
3879.1
4007.3
4084.3
5030.4
5252.9
5357.8
5483.5
5563.6
5680.2
5707.9
5760.1
5858.4
5957.1
6042.4
6273.4
6522.3
6833.2
7178.2
7211.0
7337.6
7465.2
7993.5
8267.9
8427.8
8536.3
8569.8
8728.9
8761.7
8938.8
9336.9
9737.5
9790.7
10073.6
10240.0
11515.9
11808.9
11815.4
11932.5
12245.0
12314.6
12445.5
12541.1
12589.5
12808.6
12861.5
13000.1
13148.4
13429.4
13495.0
13789.2
14087.4
14528.4
14564.5
14670.7
15212.3
15285.3
15376.3
16188.6
16363.9
16540.6
16880.6
17259.3
17436.8
17545.5
17798.1
18108.9
18125.0
18135.6
18277.9
18346.7
18387.3
18520.4
18603.6
18698.9
18796.0
19228.3
19383.0
19424.0
19476.7
20083.1
20102.8
21074.9
21185.8
21544.1
21672.0
22082.6
22215.6
22304.3
22489.2
22514.7
22554.0
