175.6
229.0
564.8
586.2
710.0
1193.3
1241.9
1438.9
1767.8
1828.8
2173.0
2367.3
2383.7
2407.2
2530.8
2644.1
3533.2
3770.6
3859.6
3898.8
3904.5
4410.2
4445.0
4624.6
4677.9
4723.7
5104.3
5135.7
5152.3
5285.5
5340.9
5372.2
5721.4
5895.4
6304.7
6426.5
6494.3
6587.0
6655.6
7497.0
7959.2
8697.8
8895.0
8998.6
9460.3
9612.3
9902.1
10033.2
10109.2
10115.5
10195.3
10945.4
11362.1
11458.0
11930.8
12135.4
12971.7
13090.4
13150.5
13733.1
14180.4
14226.7
14566.2
14742.8
14910.7
15300.0
15356.6
15601.3
15601.9
15930.9
16081.0
16467.7
16509.9
16621.1
16775.3
16941.1
16947.9
17159.5
17200.3
17265.9
17337.9
18203.5
18493.5
18514.4
18523.9
18894.1
19620.9
20039.4
20413.7
20579.9
20722.4
20802.5
21124.5
21279.3
21457.6
21498.9
21570.6
21653.7
22318.3
22527.1
22711.1
