84.1
90.3
607.7
663.8
1402.1
1407.3
1515.4
1579.8
1584.4
1595.7
1637.4
1650.7
1717.0
1871.4
2125.4
2310.8
3015.4
3283.4
3594.6
3666.2
3731.6
3852.7
4083.4
4238.5
4541.5
4763.9
4924.2
5030.9
5258.2
5578.5
6275.6
6413.1
7272.5
7357.0
7387.0
7401.1
7546.1
7735.9
8221.5
8229.7
8252.7
8437.0
8671.0
8740.7
8789.0
8970.7
9328.2
10001.1
10142.1
10291.4
11195.9
11293.0
11295.7
11469.4
11503.1
11651.3
11786.9
12202.9
12536.4
12666.1
12745.7
12761.4
13199.4
13211.6
13411.5
13415.6
13418.8
13492.5
13513.8
13526.2
14435.2
14760.2
14805.3
14845.7
14889.1
15058.6
15353.8
15662.7
15734.2
15735.6
15813.4
16261.9
16343.3
16556.6
16649.3
17378.6
17468.0
17537.0
18123.8
18333.3
18408.2
19518.3
19610.2
19794.8
19989.4
20040.7
20114.8
20170.5
20198.5
20854.4
20866.9
21120.9
21142.3
21184.3
21346.2
21392.3
21764.0
21812.4
22170.3
22246.9
22621.6
22934.3
22974.7
