89.3
539.7
566.2
676.2
692.7
1159.7
1314.2
1328.5
1377.5
1435.9
1508.1
1534.7
2010.5
2156.7
2201.9
2212.4
2267.5
3025.4
3583.8
4045.1
4460.4
4500.0
4543.0
4602.2
5179.3
5254.9
5439.4
5569.4
5731.8
5748.0
5750.7
5992.7
6204.3
6261.7
6463.8
6498.6
6520.8
6551.9
6695.1
6849.4
6872.3
6934.3
7055.7
7165.2
7305.9
7320.3
7880.4
7906.4
8051.3
8202.9
8312.7
8530.2
8751.2
9394.1
9469.1
9603.9
9734.1
9744.5
9951.9
10212.4
10233.8
10555.8
10618.0
10816.7
10978.0
11669.1
11966.2
12293.9
12595.4
12815.0
12896.5
13098.8
13100.8
13284.0
13329.7
13530.3
13666.0
13759.8
13772.3
13821.0
13913.1
14098.0
14391.3
14899.0
15042.6
15046.1
15166.4
15738.2
15817.1
16430.5
16482.3
17279.9
17351.0
17781.8
17985.9
18133.9
18260.2
18691.1
18710.3
18761.1
18920.8
19139.6
19185.9
19615.2
19756.8
19942.5
20034.4
20156.1
20293.9
20439.4
20468.3
21175.7
21605.8
21627.3
21669.9
21868.1
21868.7
22080.8
22093.1
22355.1
22433.5
22523.7
22576.5
22744.1
22765.5
