64.3
346.3
831.2
841.1
859.4
1143.6
1222.9
1357.3
1890.7
2064.8
2067.0
2218.6
2315.0
2661.1
2742.3
2920.2
2958.0
3239.6
3246.9
3296.2
3325.3
3327.2
3440.1
3581.1
3605.0
3609.9
3932.0
3965.4
4246.7
4638.5
4847.2
5060.0
5302.6
5725.1
5835.8
5846.7
6035.0
6352.3
6553.5
7431.7
7481.7
7496.0
7866.4
7916.1
7921.0
8403.3
8597.8
8821.9
8939.7
9061.5
9079.9
9132.7
9382.1
9850.3
9915.0
10001.9
10175.4
10294.0
10773.4
11080.3
11089.2
11129.3
11168.2
11289.8
11415.8
11578.5
12195.1
12262.5
13090.1
13205.0
13432.9
13695.9
13734.9
14104.4
14625.7
14772.6
14898.2
14972.5
15136.5
15271.4
15560.9
15773.3
16020.0
16076.1
16254.9
16453.8
16724.8
16908.0
17167.9
17248.1
17404.2
17412.9
17467.9
17585.9
17710.1
17929.3
17981.6
18218.5
19577.5
19645.1
19852.9
20250.7
20835.9
20867.7
20922.8
20933.7
21031.4
21114.7
21336.1
21692.5
22283.7
22385.9
22484.3
22916.7
22956.9
22985.9
