266.2
581.5
932.6
988.3
1075.1
1241.6
1319.0
1356.2
1444.3
1656.3
1710.4
2041.7
2329.0
2442.2
2485.7
2586.6
3277.0
3362.7
3407.9
3409.9
3475.2
3798.5
3803.4
3891.2
3984.9
4154.5
4329.0
4574.1
4783.2
4837.1
5062.4
5112.8
5176.6
5761.9
5772.5
5891.3
5921.1
5942.5
5952.4
6220.8
6435.1
7017.9
7053.6
7402.3
7882.9
8018.7
8139.7
8439.9
8529.2
8880.3
8964.6
9191.8
9645.0
9753.9
9754.7
9985.9
10383.4
10499.0
10558.3
10665.7
11289.0
11386.0
11533.5
11554.0
11677.7
11709.9
11788.8
11824.5
12222.3
12546.2
12616.9
13069.8
13374.6
13453.7
13590.5
14399.3
14678.3
14899.0
15112.9
15179.1
15392.5
16020.6
16547.4
16768.1
16869.7
16903.8
17191.8
17333.7
17418.7
17472.6
18163.7
18310.4
18715.6
18751.3
18820.1
18840.4
19207.1
19300.5
19388.1
19401.2
19669.0
19682.7
20070.0
20627.2
20898.1
20970.7
20977.2
21096.4
21365.1
21573.8
21620.1
21646.3
21654.7
21930.0
21971.4
22106.9
22174.8
22955.7
