59.2
73.0
210.1
230.8
1253.3
1502.1
1610.7
1613.3
1813.6
1925.0
1995.9
2291.1
2477.2
2539.2
2868.5
2916.4
2940.4
3013.2
3328.3
3359.7
3513.0
3688.5
3956.1
4063.0
4781.2
4879.0
4880.7
5288.5
5294.5
5389.7
5547.3
5640.9
5734.8
7120.9
7234.8
7377.0
7711.6
7777.7
7987.0
8266.5
9173.2
9311.2
9476.1
9580.2
9588.8
9744.1
9891.9
10014.8
10362.0
10403.2
10504.8
10669.0
10829.9
10854.4
11038.8
11227.0
11299.9
11389.1
11464.1
11519.5
11917.7
11961.6
12078.7
12161.0
12314.3
12326.7
12346.0
12354.3
12371.1
12765.5
12793.7
12885.0
13034.2
13281.5
13654.2
13806.6
13885.6
14152.9
14550.5
14570.2
15021.8
15256.0
15327.5
15419.0
15420.9
15437.5
15451.3
15640.0
16383.3
16429.3
16517.8
16624.9
17118.4
18070.9
18252.0
18441.7
18554.7
18823.6
18884.7
18941.8
18949.4
19729.3
19908.6
20102.7
20495.7
20939.1
21162.3
21250.8
21491.0
21557.0
21771.2
21857.0
21874.5
22023.1
22034.0
22145.2
22152.5
22353.3
22705.1
22906.1
22981.5
