246.9
304.0
471.7
616.2
741.6
896.7
903.4
1530.3
1617.6
2147.6
2164.4
3080.6
3229.2
3256.2
3534.1
3557.5
3564.5
3779.6
3862.8
4070.0
4550.3
4599.1
5046.7
5297.6
5420.4
5599.5
6018.2
6096.3
6166.6
6404.2
6783.9
6898.6
7221.6
7755.0
7928.9
7936.5
8065.3
8629.3
8689.8
8855.7
9265.9
9435.8
9479.8
9577.1
9676.3
9706.2
9794.5
9988.5
10064.1
10367.2
10654.2
10690.3
10705.1
10833.6
11027.7
11180.0
11644.1
11729.5
11820.7
11921.1
11928.0
12178.2
12198.2
12293.2
12306.4
12517.6
12637.6
12694.3
12697.1
12950.7
13697.1
13761.1
13783.9
13786.6
13790.2
13869.4
13870.1
14143.2
14221.0
14353.7
14891.2
15073.9
15406.1
15491.3
15717.3
15752.1
15794.3
15868.1
15920.8
16746.2
16902.6
17062.3
17236.9
17250.0
17409.7
17644.3
17723.5
17783.6
17924.2
18014.8
18070.7
18352.3
18463.4
18472.0
18793.7
18854.8
18897.5
19128.3
19747.3
19841.5
20121.6
20322.6
20441.3
20547.6
20590.3
20987.1
21131.3
21394.2
21576.9
22172.7
22255.4
22488.7
22549.5
22931.2
