39.3
213.1
287.7
862.0
986.6
1127.6
1302.3
1317.6
1515.2
1867.8
2453.0
2456.3
2623.8
2890.7
3024.0
3070.1
3766.2
3923.9
4013.7
4060.5
4065.5
4105.4
4320.5
4385.3
4425.4
4471.2
4564.9
4717.6
5084.6
5331.9
5558.6
5726.3
5793.9
5905.5
5961.3
6297.8
6310.6
6311.2
6367.7
6709.6
6778.8
7003.0
7008.8
7090.6
7874.7
7903.8
7990.6
8052.1
8154.3
8283.8
8373.9
8501.2
8777.3
9082.3
9085.1
9485.6
9964.6
10078.9
10169.2
10202.0
10333.7
10739.2
10788.0
10926.4
11039.9
11219.7
11245.8
11313.8
11387.7
11389.8
11455.1
11549.8
11644.2
11860.6
11899.8
12355.8
12648.9
13016.0
13150.0
13208.7
13413.6
13531.5
13644.5
13739.0
13918.5
14467.1
14769.1
14812.4
14830.9
15257.1
15804.7
16156.4
16330.7
16448.3
16452.7
16457.6
16471.3
16571.7
16723.0
16748.4
17022.9
17767.9
18437.0
18451.9
18800.8
18803.2
19005.5
19366.7
19372.3
19585.0
19616.3
20096.3
20123.0
20167.8
20235.7
20292.6
20426.3
20525.0
20611.9
20723.9
20828.0
20902.1
21155.8
21171.6
21239.2
21863.7
22000.4
22019.2
22130.4
22188.5
22375.1
22390.9
22485.8
22494.7
