188.5
415.0
471.1
1004.9
1122.8
1303.5
2119.0
2446.2
2588.7
2674.8
2885.4
2897.3
3045.7
3146.9
3336.6
3603.1
3894.8
3950.5
4088.1
4201.7
4253.9
4633.7
4748.8
4782.5
5002.5
5093.5
5276.2
5776.9
6087.6
6238.3
6309.3
6385.3
6626.1
6697.9
6717.9
6818.6
7153.0
7267.1
7296.9
7411.8
7724.4
8025.4
8047.5
8303.6
8362.7
8364.3
8492.0
8618.2
9056.0
9210.2
9274.3
9591.9
9847.8
10370.5
10843.0
11076.5
11144.9
11210.6
11299.1
11558.8
11592.4
12492.2
12647.4
12826.0
13007.8
13040.4
13213.1
13603.6
13620.2
13662.3
13744.3
14093.4
14823.6
15266.9
15856.0
16108.0
16209.3
16234.9
16522.6
16886.4
17009.8
17085.4
17158.8
17392.6
18171.5
18195.3
18465.2
18807.4
18930.9
19042.0
19147.9
19149.3
19885.7
20038.7
20288.6
20375.3
20473.8
20677.6
21456.4
21637.0
21669.8
21733.9
21890.0
21891.8
21937.7
22220.7
22350.1
22492.6
22518.3
