171.3
403.4
782.8
1274.4
1464.2
1743.6
1862.8
1945.4
1956.6
2466.6
2477.0
2626.7
3185.1
3397.7
3446.0
3554.4
3662.7
3792.0
3808.3
4228.7
4526.4
4750.2
4773.9
4807.7
5358.1
5664.0
5680.1
5687.6
5898.0
5922.0
6171.2
6173.1
6671.8
6990.0
7179.6
7507.9
7787.6
8228.1
8284.6
8300.3
8360.6
8969.4
9105.0
9882.8
9973.9
10081.6
10416.0
10564.8
10786.8
11302.8
11604.5
12224.0
12372.6
12549.8
12772.0
12853.4
12944.4
13020.6
13084.6
13282.2
13296.9
13975.4
14105.4
14216.9
14805.1
14969.5
15072.5
15630.3
15635.1
15692.2
15969.9
16165.9
16203.4
16456.7
16512.5
16589.5
16645.4
16833.7
16895.0
17088.5
17342.5
17619.2
17648.0
17787.4
17796.1
18006.9
18090.5
18383.3
18423.4
18488.2
18715.1
18832.1
18912.5
19204.7
19218.4
19351.3
19424.2
20102.8
20269.3
20471.5
20527.9
20556.1
20960.8
20986.4
21219.0
21308.1
21360.0
21822.7
22006.3
22054.8
22214.6
22489.3
22653.1
22919.3
