632.7
675.1
807.1
1211.0
1272.8
1380.9
1451.1
1672.0
1859.8
1937.6
2191.9
2391.8
2623.3
2792.4
2933.3
2954.8
3035.8
3082.2
3426.0
3438.7
3639.8
4004.0
4061.2
4299.0
4665.4
5061.4
5385.1
5389.2
5622.6
5624.1
5695.7
5912.5
6029.6
6235.6
6810.0
6991.5
7304.9
7803.6
7804.8
7813.9
8578.4
8584.4
8599.1
8769.5
9178.5
9759.1
9820.5
9908.5
10227.5
10460.4
10587.4
10785.9
10836.5
10922.0
11266.1
11291.8
11711.2
11842.4
12092.9
12161.4
12202.9
12502.7
12696.3
12780.4
13115.7
13298.0
13376.7
13420.6
13476.2
13574.2
13762.4
13805.9
13877.5
14113.4
15335.7
15337.7
15430.2
15646.2
15679.9
16155.7
16433.7
16438.6
16482.8
16488.8
16828.8
17051.1
17245.9
17512.9
17710.3
17900.8
18035.7
18200.5
18491.9
18521.3
18579.4
19650.3
19672.1
19899.3
19927.6
19969.7
20133.2
20167.1
20803.7
20858.6
20909.5
21277.0
21374.9
21434.4
21450.3
21472.1
21495.7
21622.1
22465.9
22921.8
