0.4
90.5
398.8
673.0
875.7
1016.9
1137.8
1252.5
1270.3
1273.8
1396.4
1715.6
1775.5
1786.6
1966.9
2035.6
2052.1
2081.8
2178.0
2181.7
2336.7
2797.1
3187.4
3291.8
3562.8
3601.6
3650.2
3710.6
3781.7
4023.9
4287.3
4495.4
4958.1
5249.0
5381.0
5633.7
5638.1
6389.6
6429.5
6433.4
6620.7
6705.6
6706.7
6968.7
7075.2
7261.6
7433.6
7742.9
7825.9
7896.3
8124.3
8155.8
8598.2
8658.2
8830.7
9240.4
9617.0
9716.9
9779.4
9782.5
9883.7
9894.0
9992.9
10087.5
10798.6
11099.1
11294.9
11968.3
12007.3
12161.6
12610.4
12957.6
13143.0
13155.3
13627.6
13644.6
13685.7
13938.6
14257.6
14466.4
14895.4
14940.7
15724.1
16221.9
16337.1
16941.8
17890.0
17944.9
18075.6
18214.9
18513.3
18536.4
18570.3
18718.8
18804.6
19139.0
19235.7
19266.7
19612.6
19885.4
20133.0
20169.7
20207.4
20216.0
20508.2
20635.0
21015.1
21053.9
21058.3
21230.7
21281.7
22037.7
22133.6
22239.5
22255.5
22485.3
22884.2
22935.9
