86.5
115.1
138.2
355.8
560.6
964.7
1006.7
1221.1
1359.5
1836.3
1915.9
2235.2
2910.9
3172.7
3195.9
3565.0
3714.6
4055.1
4193.8
4297.1
4619.7
4661.2
4917.0
4966.4
5347.7
5697.1
5884.2
6367.4
6460.4
6578.9
6601.9
7066.7
7582.3
7583.4
7694.2
7787.0
7924.1
8399.5
8469.7
8545.8
8716.2
8730.1
8860.6
8950.1
9409.4
9495.5
9770.7
10154.3
10723.9
11370.7
11443.6
11800.5
11865.2
11878.0
12158.6
12232.0
12493.0
12784.1
12868.4
13059.3
13128.9
13777.0
14108.7
14520.3
14636.1
14659.0
15060.5
15099.0
15242.3
15354.1
15374.9
15764.8
15891.6
16346.1
16537.3
16970.1
17047.7
17273.2
17350.9
17571.4
17616.8
17995.3
18243.7
18398.3
18498.1
18822.9
19078.0
19157.4
19347.3
19895.5
19920.4
19948.3
20055.3
20480.9
20595.4
20863.6
21143.1
21288.3
21596.8
22016.8
22021.0
22128.2
22222.3
22440.8
22839.7
