316.4
618.2
662.4
797.3
831.7
992.8
1012.3
1108.4
1409.1
2139.0
2270.3
2389.9
2421.5
2723.3
2984.9
3281.6
3574.6
3620.7
3691.7
4102.3
4577.6
4696.3
4929.4
5366.3
5370.2
5423.4
5663.9
5895.3
6397.5
6471.4
6539.2
6905.3
7231.9
7250.7
7404.0
7695.1
7739.2
7750.2
7844.1
7845.8
8147.9
8178.6
8481.5
8700.4
8726.1
8837.2
9040.1
9093.5
9098.1
9497.1
9554.9
9563.5
9752.2
9903.3
10012.7
10109.8
10189.4
10196.3
10225.6
10309.6
10345.4
10786.3
10832.5
10993.4
11013.6
11050.5
11192.6
11330.4
11750.1
12351.6
12358.0
12419.0
12594.3
12600.3
13071.8
13130.6
13184.3
13695.2
13708.6
13956.5
14054.1
14406.4
15176.7
15440.8
16417.7
16560.1
16687.4
16728.2
16772.6
17382.7
17783.7
18181.4
18504.7
18793.1
18827.6
19056.8
19903.0
20072.9
20424.4
20527.4
20561.2
20746.9
20840.8
21307.5
21874.9
21960.2
22096.4
22920.0
22971.0
