117.8
551.7
893.4
940.5
992.5
1112.6
1270.9
1745.1
1941.5
2132.7
2467.3
2796.0
2940.9
3319.2
3444.1
3787.6
4123.6
4249.1
4389.8
4578.1
4579.5
4695.9
4720.7
4890.5
4928.2
5101.6
5309.5
5349.8
5688.4
5795.4
6118.3
6428.8
6587.2
6698.7
6788.5
6888.3
7116.6
7378.4
7712.7
8820.0
8975.0
9193.6
9301.0
9378.1
9698.0
10099.6
10114.1
10210.1
10368.5
10462.0
10533.2
10711.9
10847.2
10941.9
11283.3
11457.3
11559.8
12152.3
12301.4
12748.6
12972.6
13000.9
13175.6
13549.5
14052.8
14211.1
14728.6
14910.1
15914.5
15968.7
16029.4
16166.9
17624.0
17796.3
17880.9
18035.5
18180.9
18236.6
18374.0
18439.7
18622.6
18827.2
19136.8
19170.5
19177.7
19386.4
19649.1
19732.4
19874.5
20213.3
20247.2
20393.5
20396.1
21427.7
21462.3
21709.1
22022.2
22137.6
22553.5
22576.0
22754.9
22944.3
