247.0
317.0
571.4
1508.4
1566.4
1622.7
1746.2
2184.2
2335.6
2487.4
2488.0
2528.5
2981.5
3281.3
3372.0
3414.3
3510.1
3610.9
3796.7
4057.8
4165.9
4198.0
4212.6
4374.5
4827.4
5198.6
5216.8
5342.1
5434.9
5813.4
6408.7
6615.8
6928.2
6968.1
7080.7
7193.1
7219.4
7303.1
7446.7
7926.1
7975.3
7996.6
8499.1
8564.3
8591.2
9480.7
9487.6
9948.4
10832.8
10847.7
11000.9
11291.7
11422.8
11577.8
11793.8
11870.2
11915.8
11976.4
12344.3
12366.2
12368.9
12484.4
12598.9
13066.7
13501.8
13760.6
14036.4
14203.8
14830.4
14922.4
15035.7
15121.5
15138.5
15200.1
15342.0
15362.8
15380.3
15734.4
16076.3
16355.6
16467.0
16821.6
17385.2
17404.3
17485.0
17489.5
17495.9
17692.4
17797.6
17863.9
17986.0
18181.4
18453.6
18745.5
19314.3
19434.0
19774.3
20168.1
20411.6
20526.9
20572.8
20796.1
21051.7
21262.1
21423.1
21944.9
22009.9
22043.7
22093.5
22142.5
22811.9
22912.2
