219.8
590.0
913.8
1158.2
1377.0
1569.9
1608.1
1770.2
1782.3
1809.9
1819.5
1824.1
1897.3
2082.0
2211.8
2296.2
2558.6
2791.1
2823.9
3511.4
3601.1
4030.0
4052.6
4321.5
4628.9
4864.7
4874.8
4914.2
5226.8
5341.9
5513.5
6336.6
6472.1
6894.4
7093.0
7168.4
7219.7
7390.4
7580.6
7720.3
7787.4
7994.7
8159.5
8212.9
8644.0
8866.6
9151.5
9389.8
9492.3
9760.7
10284.0
10777.7
11047.4
11158.5
11733.9
11862.8
11878.7
12041.2
12240.8
12363.2
12606.4
13312.2
13316.9
13747.0
13816.1
13917.5
14141.8
14200.9
14625.1
16105.7
16719.6
16817.5
16824.2
17839.9
17961.9
18286.3
18297.6
19274.8
19452.8
19461.2
20264.4
20313.1
20380.6
20408.1
21296.0
21671.1
21984.4
22170.6
22245.6
22339.0
22663.9
22733.4
