135.2
624.7
807.7
811.2
1701.3
1939.3
2244.9
2665.9
2898.1
3085.8
3828.5
3940.3
3987.1
3994.4
4118.2
4366.8
4425.4
4722.4
5241.0
5261.5
5428.7
5449.6
5885.3
6253.5
6327.6
6428.1
6503.4
6504.3
6628.2
7019.4
7060.1
7090.7
7357.9
7366.9
7585.4
7754.4
7889.2
8156.5
8340.5
8719.5
8771.4
8858.8
8888.3
9093.5
10524.2
10559.7
10636.9
10734.9
10830.4
10958.8
11215.9
11499.6
11502.9
11632.1
11768.2
12192.7
12414.3
12472.3
12616.6
12644.7
12702.8
12853.7
12872.9
12907.8
13118.7
13280.6
13306.9
13574.4
14658.7
14981.2
15616.1
15941.6
16763.1
17235.3
17479.3
17664.2
18167.0
18310.7
18964.5
19587.8
20334.7
20342.0
20451.2
20600.2
20957.8
21061.7
21088.2
21104.7
21135.4
21700.6
21726.6
21928.1
22004.3
22462.9
22719.0
22893.7
