419.4
561.3
790.5
1205.1
1386.8
1454.7
1571.5
1962.9
2093.0
2134.3
2304.8
2488.0
2593.0
3164.4
3361.7
3421.2
3561.8
3733.7
3955.9
4047.4
4354.4
4730.0
5036.0
5341.1
5659.4
6039.4
7020.0
7437.0
7574.3
7830.3
8166.5
8210.3
8335.7
8477.4
8510.7
8666.6
9005.4
9242.7
9255.2
9457.6
9761.8
9768.2
9789.0
9932.1
9967.9
10213.2
10453.3
10459.7
10581.9
10635.3
10768.5
10830.7
10950.3
11418.6
11617.6
12031.5
12144.2
12151.8
12259.5
12748.8
12769.7
13063.3
13370.8
13410.1
13534.1
13535.4
13603.3
13828.5
14085.6
14548.3
14791.9
15037.6
15133.3
15494.7
15521.4
15590.3
16093.8
16102.6
16228.6
16884.1
16926.9
17427.2
17602.4
17869.0
18091.8
18287.1
18347.7
18567.2
18620.0
18822.9
18910.2
18949.4
19541.9
19729.6
19829.7
20071.5
20679.3
20828.1
20863.6
20928.4
21765.3
21861.5
22651.9
