564.5
799.3
1342.0
1526.4
1553.4
1587.4
1676.7
1738.9
2278.6
2364.5
2568.2
2576.1
2727.2
2809.4
3212.9
3341.9
3430.8
3596.4
3632.2
3683.0
3689.7
3778.6
3790.7
3886.4
3890.7
4040.2
4072.4
4545.4
4652.1
4726.0
4868.3
4944.4
4958.9
5090.1
5281.8
5357.4
5462.9
5489.7
5763.9
5938.3
5945.4
6063.0
6096.9
6319.4
6350.0
6763.5
7110.3
7476.2
7541.7
7777.0
8439.2
8467.9
8536.5
9109.7
9273.0
9497.7
9525.8
9785.6
9912.7
9951.7
10159.3
10211.7
10389.3
10458.7
10710.9
10785.6
10882.9
10938.5
10961.8
11002.3
11051.4
11536.1
11826.7
11839.6
12244.4
12455.0
12720.3
12794.2
13324.1
13334.0
13433.6
13454.7
13460.9
13873.7
13916.3
13963.3
14839.4
14875.2
15008.6
15036.6
15091.3
15124.3
15321.7
15381.5
15797.7
15996.0
16379.5
16720.2
16885.8
16962.9
17054.0
17463.9
17588.5
17691.8
17986.3
18250.8
18391.5
18432.6
18605.9
19169.6
19182.9
19624.5
19702.0
20055.7
20057.9
20208.3
20210.5
20227.4
20356.8
20531.0
20562.0
20988.4
21132.0
21211.8
21622.5
22017.6
22022.2
22023.8
22096.1
22353.5
22426.9
22968.0
