156.5
683.3
971.0
1238.3
1384.7
1450.1
1665.0
1848.7
1965.1
2396.3
2496.0
2508.1
2585.3
2627.0
2641.6
3400.8
3569.9
3936.4
4324.4
4358.8
5075.7
5171.4
5313.8
5413.4
5439.2
5448.3
5455.0
5907.4
5967.2
6322.1
6697.1
6714.4
6731.5
6995.2
7232.7
7424.9
7524.3
7601.5
7990.2
8660.7
8971.8
9000.9
9269.4
9353.8
9632.5
9747.2
9757.8
9782.3
10221.4
10447.0
10527.3
10581.8
10700.1
11377.4
11487.1
11691.0
11697.1
12107.5
12153.1
12364.3
12453.5
12475.0
13045.0
13609.2
14003.4
14190.4
14417.5
14706.9
14744.9
15263.1
15374.3
15468.8
15541.4
16018.7
16363.7
16366.1
17067.6
17123.4
17343.8
17851.7
17876.0
18228.2
18667.7
18836.2
18896.2
18994.6
19090.3
19209.6
19241.0
19319.4
20680.6
21135.6
21160.3
21720.8
21854.2
22634.5
22735.0
22771.5
22944.5
