22.4
66.9
200.7
1121.7
1453.2
1629.2
1642.8
1863.4
1865.0
1914.8
1999.9
2175.4
2332.7
2335.1
2481.7
2556.5
2769.0
2769.8
2813.5
3186.7
3291.8
3442.6
3463.2
3659.8
3762.5
4337.1
4341.4
4345.4
4667.4
5057.7
5405.7
5826.0
5883.6
6295.2
6349.7
6451.1
6736.2
7235.7
7280.7
7364.2
7368.9
7370.1
7450.1
7463.1
7480.7
7483.9
7652.4
7876.6
7975.9
8462.7
8858.5
8981.2
9071.1
9091.6
9146.5
9450.3
9626.5
9806.8
10098.4
10168.7
10480.7
10502.9
10680.5
10709.4
10746.7
10938.6
10952.2
10955.0
10972.6
11276.2
11319.7
11407.6
11408.2
11413.6
11560.8
11652.3
11732.3
11979.2
12205.1
12462.8
12671.7
12908.0
13208.3
13265.4
13580.6
13592.3
13760.3
14239.2
14239.5
14420.5
14474.3
14486.6
14601.6
15590.2
15702.9
15706.6
15766.5
15782.9
15898.8
15968.7
16250.2
16693.4
16770.5
17322.7
17363.6
17960.5
18216.2
18239.9
18432.1
18456.2
18650.5
18871.5
19045.1
19146.5
19287.0
20075.2
20181.6
20207.3
20430.5
20432.3
20800.5
20904.3
21035.3
21332.4
21486.2
21515.8
21550.2
21803.0
21828.4
21832.7
22034.1
22167.7
22254.4
22314.9
22428.1
22448.2
22751.2
22765.7
22873.7
22906.6
