245.7
278.4
283.7
470.0
569.0
839.3
847.9
923.8
935.5
1126.8
1344.5
1546.5
1714.2
2198.4
2374.8
2431.0
2869.8
3015.2
3173.1
3237.3
3852.5
3951.7
4016.9
4034.9
4175.7
4204.9
4390.4
4740.4
4777.5
5066.5
5130.7
5177.7
5248.8
5411.4
5485.8
5487.6
6088.5
6382.0
6392.8
6403.0
6886.1
6892.5
6926.0
6942.2
7245.7
7443.7
7448.8
7513.8
7573.0
7812.6
8026.6
8186.4
8351.3
8613.8
8799.8
8909.5
9034.6
9119.3
9268.6
9516.1
9794.2
9850.5
9970.9
10126.3
10224.5
10330.3
10649.4
11136.3
11727.6
11762.9
11775.0
12062.2
12095.0
12191.3
12193.5
12560.7
12647.2
13176.4
13306.5
13529.6
13695.2
13845.5
13878.8
13886.3
14013.5
14061.4
14156.5
14235.0
14323.2
14478.3
14607.7
15015.5
15811.9
15985.9
16709.6
16811.7
17177.2
17181.4
17395.3
17614.8
17635.1
17749.9
17789.9
17852.5
18015.9
18075.0
18114.1
18293.9
18301.5
18660.6
18683.4
18852.6
18920.2
19217.3
19259.3
19437.0
19463.3
19606.8
19683.3
19807.8
19860.8
20108.9
20280.9
20562.4
20870.9
20881.4
20965.8
21085.3
21302.6
21309.6
21321.1
21602.5
21705.8
21717.5
21717.7
21791.3
21867.1
21888.5
22045.1
22077.8
