6.7
168.7
279.0
466.4
564.2
926.9
1100.8
1157.2
1182.0
1460.2
1674.5
1818.4
2021.7
2157.3
2304.5
2426.0
2487.2
2523.6
2700.9
2794.6
3406.8
3610.2
3680.8
3733.0
4033.8
4229.3
4246.5
4475.8
4497.7
4915.1
5088.7
6030.1
6304.4
6312.9
6342.5
6456.1
6473.7
6646.8
6827.6
6992.5
7385.0
7411.0
7833.1
7869.0
7970.0
8568.8
8747.8
8857.0
8890.1
9063.7
9105.5
9230.2
9411.0
9481.4
9693.9
9877.0
9987.1
9989.5
10349.4
10557.6
10583.2
10586.5
10864.7
11302.2
11305.6
11409.1
11598.2
11692.6
11774.4
11830.9
11918.4
12055.9
12282.5
12291.9
12307.9
12387.7
12581.9
13005.3
13105.5
13210.0
13313.2
13467.5
13632.9
13695.5
13726.3
13875.7
13887.2
14265.3
14380.8
14632.6
15035.9
15185.6
15435.4
15544.8
16155.2
17014.3
17137.5
17276.3
17307.1
17521.8
17901.8
18165.0
18227.9
18467.6
18518.2
18691.1
18694.5
18791.5
19000.9
19283.5
19892.1
20075.3
20246.4
20611.1
20634.7
20795.5
20851.0
20929.4
21508.8
21711.3
21868.7
21989.9
22359.8
22626.8
22997.4
