259.5
521.4
615.4
688.6
717.8
743.4
987.8
1472.3
1605.5
1801.5
2050.6
2088.9
2401.5
2444.5
2459.4
2657.8
2918.5
3091.5
3190.1
3385.7
3410.9
3646.0
3982.8
3987.4
4351.1
4701.4
4919.3
5007.1
5442.4
6078.7
6184.5
6294.9
6382.5
6478.1
6848.0
7154.7
7431.9
8486.8
8617.9
8681.3
8893.4
9427.4
9496.8
9769.5
9790.2
10081.1
10163.8
10371.4
10443.7
10599.6
10824.8
10834.2
11086.9
11398.4
11821.5
11993.8
12365.5
12435.7
12611.9
12744.8
12993.8
13020.8
13201.3
13210.3
13973.6
14194.1
14448.5
14707.4
14852.5
14983.6
15085.9
15202.1
15505.2
15579.7
15606.1
15618.6
15681.5
15949.4
16183.8
16324.1
16330.0
16358.9
16377.5
16819.3
17010.3
17034.5
17308.4
17459.2
17981.1
18588.2
18689.1
18769.5
19318.9
19529.3
19583.7
19744.0
19752.7
19956.0
20088.6
20381.5
20438.9
20480.5
21131.0
21250.9
21806.7
21855.9
21968.2
22029.8
22435.3
22795.2
