258.8
385.3
446.4
1109.0
1280.1
1340.6
1429.5
1631.3
1724.4
1984.9
2161.8
2231.7
2319.8
2655.9
2859.7
2946.7
3361.5
3709.6
3813.6
3926.6
4050.2
4285.9
4325.2
4385.5
4403.5
4458.2
4501.5
4977.9
4981.6
5072.0
5317.6
5350.5
5515.4
5529.4
5665.8
5853.1
6123.7
6158.7
6274.5
6455.3
6493.9
6624.7
6889.1
7140.0
7187.8
7194.7
7561.6
7669.6
7753.1
7900.8
8105.4
8109.8
8195.7
8387.3
8759.8
8824.3
8921.7
8966.4
9096.0
9163.5
9408.7
9494.5
9640.2
9890.0
9896.4
10102.5
10203.0
10743.1
10845.8
10899.0
10914.3
10945.2
11209.3
11289.7
11322.8
11482.3
11499.7
11790.4
12048.9
12159.2
12455.2
12712.9
13276.0
13801.3
14028.2
14073.8
14074.0
14252.6
14594.0
14731.9
14756.2
14770.8
14962.3
15093.3
15782.6
15974.1
15999.1
16246.3
16531.2
16613.8
17012.0
17216.1
17585.3
17667.0
17803.5
18102.7
18372.4
18433.3
18493.1
18650.2
18702.9
18756.8
18868.6
19013.4
19365.1
19483.4
19550.3
19581.0
19814.0
19967.0
20763.7
20805.5
20830.9
20842.2
20995.9
21584.0
21754.9
21811.4
22126.2
22440.7
