49.4
195.2
216.1
294.6
360.8
402.3
652.2
744.6
822.5
1268.8
1290.2
1365.3
1411.2
1452.0
2296.7
2507.1
2888.1
3126.6
3203.8
3601.1
3713.7
4329.9
4444.3
4547.2
5801.9
5972.1
5980.7
6838.5
6924.0
7346.9
7377.7
7523.3
7542.5
7877.9
7892.2
7998.8
8463.5
8470.7
8585.4
8654.2
8674.9
8916.3
8950.3
9074.8
9143.8
9381.3
9472.3
9757.8
9784.1
10034.7
10141.9
10359.3
10585.5
10741.4
10776.8
11023.6
11095.5
11126.0
11189.2
11223.9
11486.8
11878.0
12476.5
12529.6
12738.5
12751.9
13484.9
13567.6
13597.1
13647.5
13937.3
14153.6
14182.4
14821.8
14831.7
15137.3
15174.7
15393.0
16323.7
16438.0
16459.6
16668.7
16874.1
17104.1
17462.3
17608.6
17611.0
17736.8
17815.2
18057.6
18073.2
18111.0
18193.0
18264.9
18323.0
18426.5
18586.5
19371.6
19578.1
19718.8
19741.4
19831.2
19998.5
20090.6
20140.7
20560.1
20631.1
20734.5
20790.9
21104.4
21549.9
21723.9
21855.1
21994.7
22262.0
22438.0
22488.7
22649.7
22703.0
22829.3
