40.7
1283.0
1475.2
1530.5
1594.1
1643.4
1668.2
1773.9
1889.1
2017.5
2448.8
2485.8
2540.9
2960.3
2961.2
2980.9
3168.3
3720.7
3962.1
4495.7
4585.1
4653.3
4752.5
4776.9
4813.5
4879.7
4911.9
5016.9
5033.8
5146.7
5793.5
5850.9
5965.6
6071.7
6255.7
6879.6
6899.5
6918.0
7399.5
7747.2
7913.2
7940.4
8154.4
8247.2
8696.7
8957.1
9115.4
9139.9
9207.1
9715.3
9761.9
9917.1
10270.1
10275.0
10563.9
10568.1
10911.2
11335.8
11638.5
11905.8
12121.0
12357.9
12448.9
12499.4
13227.9
13241.8
13593.0
13712.2
13716.2
13741.3
13995.9
14092.6
14331.4
14689.3
14689.4
14756.3
14882.3
14912.9
15125.3
15397.5
15431.6
15471.0
15477.3
15705.0
15709.3
15852.3
16120.5
16146.5
16179.1
16405.4
16435.5
16624.8
16653.0
17027.5
17229.3
17362.4
17510.3
18305.6
18382.3
18487.6
18536.1
18902.0
19587.0
19682.7
19790.1
20248.6
20643.4
20698.9
20846.2
20915.2
20980.8
21042.4
21187.6
21319.5
21438.5
21700.8
21896.6
21941.5
22117.4
22190.2
22376.6
22416.2
22563.2
