345.5
540.7
925.2
1044.2
1168.2
1342.2
1785.9
1906.2
2159.0
2413.1
2498.0
2553.5
2597.1
2654.3
2720.3
2924.2
3126.7
3270.2
3378.3
3403.6
4085.4
4530.4
4557.9
4608.7
4621.4
4931.6
5145.8
5202.8
5335.4
5675.8
5731.8
5948.8
5998.4
6126.8
6341.3
6357.7
6592.6
6802.5
6923.8
7147.9
7332.9
7471.1
7902.2
8111.0
8810.9
9027.8
9917.2
10250.3
10297.6
10336.4
10533.2
10911.0
11034.9
11090.6
11281.6
11344.0
11421.4
11759.6
11871.1
12397.1
12459.4
12658.9
12674.0
12808.8
12844.8
13521.7
13523.6
13539.3
13882.9
14128.4
14233.3
14313.4
14698.4
15116.0
15244.5
15413.9
15710.9
15839.6
16099.4
16574.0
16644.8
16903.1
17016.8
17213.7
17296.7
17848.5
18043.8
18287.3
18363.6
18520.2
18532.9
18749.5
18860.7
19107.7
19303.7
19336.6
19376.5
19496.7
19497.6
19566.3
19894.3
20529.6
20823.1
20949.4
21029.6
21175.1
21175.7
21245.7
21286.4
21411.1
21749.7
22183.7
22347.9
22624.2
22712.1
22783.0
