67.8
285.3
697.2
829.1
829.7
919.7
950.8
1609.6
1849.0
1917.8
2213.3
2284.6
2344.1
2730.3
2968.2
3098.1
3527.3
3936.6
3968.8
4128.5
4309.8
4405.3
4530.6
4654.8
4702.9
4830.8
5027.6
5106.8
5148.1
5189.2
5243.5
5320.5
5412.5
5566.5
5798.7
6280.0
6401.8
6497.9
6647.6
6978.1
7029.7
7096.0
7199.4
7237.1
7251.7
7799.1
7911.8
8024.2
8034.5
8155.5
8577.2
8625.1
8828.7
8887.1
8894.8
9065.2
9256.6
9468.6
9492.7
9644.8
9836.1
9907.8
9922.6
10198.2
10299.5
10388.4
10862.6
10868.1
11164.1
11172.4
11287.5
11401.6
11671.5
11680.6
12271.3
12273.1
13401.0
13485.3
13718.9
13973.2
14033.8
14256.6
14352.4
14516.7
14589.9
14683.1
14989.2
15322.0
15499.3
15783.0
16220.6
16229.7
16317.2
17174.6
17228.4
17232.7
17240.9
17291.9
17773.4
17993.6
18244.5
18417.2
18519.1
18573.4
18623.3
18671.0
18857.7
19004.9
19468.0
19472.1
19725.7
20025.2
20274.5
20489.0
20618.5
20623.3
20740.8
20793.5
20809.7
21284.1
21571.8
21751.2
22319.9
22413.0
22490.3
22731.8
22951.3
