152.8
320.8
324.5
454.1
670.7
780.7
1060.8
1223.1
1245.1
2110.3
2172.3
2174.1
2431.9
2777.7
2790.8
2833.6
3001.8
3296.8
3668.9
3873.0
4062.1
4307.0
4333.2
4416.6
4611.3
4820.0
5339.5
5418.3
5583.0
5643.8
5783.1
6157.9
6508.5
6603.7
6659.3
6665.6
6681.5
6854.0
7138.7
7362.8
7384.6
8058.9
8235.4
8926.4
9325.8
9368.9
9422.2
9883.3
10689.1
10884.6
11288.3
11544.5
11666.9
11671.2
12165.7
12166.2
12185.1
13139.2
13542.1
13596.7
13639.7
13727.4
13752.7
14195.7
14366.4
14390.0
14536.9
15286.2
15415.9
15442.2
15506.4
15631.9
15671.9
15854.9
16012.3
16402.0
16425.0
16441.0
16533.1
16554.9
16732.5
17316.8
17418.9
17502.0
17619.0
18341.5
18388.6
18772.6
18849.2
19076.3
19282.2
19412.4
19466.9
19500.7
19507.3
19558.3
19584.0
19832.6
19896.7
20002.4
20072.0
20257.1
20545.0
20624.0
20715.8
21440.6
21502.4
21935.4
22152.8
22155.0
22210.4
22338.9
22696.4
22801.7
