260.9
359.5
412.7
472.3
835.2
1262.5
1316.5
1544.6
1619.6
1810.2
1852.6
2482.9
2932.8
2963.9
2964.6
3372.5
3537.8
3661.5
3671.2
3757.1
3856.6
4252.9
4426.7
4527.8
4607.8
4667.7
4826.4
5258.0
6009.1
6110.6
6233.6
6238.7
6296.5
6344.1
6417.6
6463.2
6569.5
6590.7
6594.0
6614.6
6623.3
7411.4
7490.6
7511.7
7560.0
7840.7
8177.3
8263.7
8714.2
8940.4
9352.9
9569.6
9715.9
10270.2
11468.7
11660.9
11661.8
12004.3
12059.5
12162.5
12712.5
12814.5
12890.6
12970.6
13038.5
13238.4
13314.9
13746.0
13750.1
14279.7
14750.0
14833.6
15044.2
15256.4
15528.3
15564.9
15936.5
15945.9
16107.4
16160.1
16196.9
16608.3
16823.7
16975.9
17020.3
17099.9
17188.8
17283.7
17495.3
17721.5
17816.8
17841.3
17952.1
18625.9
18741.4
19375.2
19439.9
19721.6
19721.9
19802.3
19956.5
20245.8
20356.3
20372.2
20514.2
20568.7
20592.7
20873.9
21110.3
21382.2
21430.5
21462.5
21506.9
21616.1
21894.4
22069.7
22075.8
22316.9
22553.5
22638.3
22787.6
22953.8
