267.0
314.5
451.9
671.2
875.0
1020.9
1177.8
1206.3
1279.9
1588.6
1680.5
1684.4
1727.7
1746.3
1884.8
2058.5
2551.2
3063.1
3536.6
3665.9
3775.8
3941.8
3959.5
4047.5
4098.5
4255.2
4287.5
4800.2
4887.8
4921.9
5161.6
5666.1
5721.8
6116.3
6193.9
6535.1
6904.6
7189.7
7310.0
7317.0
7662.1
7693.1
7829.5
7965.5
9182.6
9469.5
9649.0
9659.8
9745.0
10049.1
10246.4
10527.0
11163.5
11276.8
11803.5
11966.2
12067.7
12565.3
12794.3
12862.0
13022.6
13360.9
13722.7
13772.0
13796.6
14188.6
15068.0
15123.8
15131.0
15258.9
15593.7
15691.9
16060.8
16732.8
16767.8
16871.6
17185.0
17231.4
17446.4
17496.5
18152.3
18496.6
18878.7
19180.5
19193.3
19293.6
19433.8
19462.8
19466.1
19639.5
19721.1
19968.1
20393.5
20970.9
21444.5
21627.6
21723.9
22076.3
22122.8
22221.6
22587.0
22642.0
22867.3
