156.9
667.1
838.4
849.0
933.2
1094.3
1323.0
1596.7
1611.8
2163.0
2257.0
2343.3
2715.0
2810.6
3309.5
3316.5
3946.9
3947.9
4083.5
4152.8
4243.8
4287.5
4319.3
4731.9
5405.1
5428.3
5784.9
5793.3
6026.6
6228.0
6395.4
6907.0
6956.0
7112.4
7259.0
7422.6
7696.1
7751.2
8123.1
8172.6
8241.8
8895.9
8934.4
9075.2
9287.8
9588.5
9742.0
10086.7
10380.7
10383.5
10477.9
10774.3
10949.7
10956.1
10972.1
11014.0
11041.3
11141.2
11336.4
11770.0
12060.3
12273.3
12475.9
12499.8
12559.4
12756.2
12779.3
13058.2
13216.9
13233.5
13239.9
13307.2
13472.2
13682.0
13990.2
14374.9
14443.4
14456.0
14744.9
14835.8
14912.6
15314.5
15322.1
15828.5
16026.8
16125.8
16128.5
16318.2
16346.0
16604.5
17289.6
17405.4
17789.7
18054.3
18678.8
18768.6
19103.7
19377.6
19433.0
19599.2
19617.2
19809.0
20029.9
20188.8
20325.8
20629.1
20890.0
20972.6
21278.2
21529.1
22384.9
22401.6
22459.2
22525.4
22657.4
