259.1
278.1
568.6
856.8
1179.6
1379.1
1476.3
2152.3
2166.9
2198.8
2240.4
2267.5
2670.1
2792.4
2902.1
3026.5
3131.0
3235.6
3415.1
3474.6
3516.0
3575.4
3853.3
4212.4
4552.9
4726.1
4955.6
5180.1
5381.6
5687.4
5947.7
6415.0
6494.3
6629.3
6771.9
6881.4
6978.4
7193.8
7233.4
7257.0
7684.9
7732.0
7848.5
8062.8
8205.2
8271.6
8467.3
8566.1
8698.2
8702.4
8760.1
8774.5
8794.3
8841.0
9068.0
9312.2
9409.3
9424.9
9457.1
9490.7
9519.8
9596.2
9760.0
9827.2
9871.4
9907.0
10315.6
10464.8
10632.1
10767.8
10839.2
10839.4
11359.4
11588.7
11813.8
11883.9
12198.5
12389.9
12421.8
12727.9
13420.6
13459.9
13579.3
13600.3
13977.2
14069.4
14242.5
14753.8
15305.3
15404.1
15817.6
16235.1
16322.4
16577.3
16672.6
16812.9
17107.7
17402.5
18220.5
18769.4
19616.5
19910.0
19977.3
20101.1
20125.1
20263.3
20404.6
21230.8
21550.3
21760.7
22179.4
22451.8
22587.6
22630.4
22916.0
