358.5
1556.1
1559.5
1580.8
1583.4
1596.5
1699.2
1912.0
2110.2
2126.6
2415.6
2541.5
2810.6
2845.5
2878.7
3275.5
3373.2
3419.7
3582.4
3629.3
3685.1
3714.9
3739.4
3760.3
3797.2
3995.7
4203.8
4448.6
4584.0
4815.2
4888.3
5558.6
5561.9
6315.5
6845.2
6907.5
7021.9
7240.1
7297.1
7330.5
7739.8
7815.3
8536.5
8570.8
8812.0
8823.0
9234.2
9302.9
9354.0
9371.6
9841.0
9898.0
10364.6
10449.4
10507.0
10605.2
10842.6
10964.8
11056.3
11391.9
11620.2
11710.3
11856.8
12139.2
12221.5
12272.1
12627.0
12851.0
12962.6
13151.2
14112.3
14239.9
14460.5
14500.6
15377.5
15833.6
15869.3
16138.2
16413.7
16485.0
16542.7
16646.0
16928.0
16931.2
16977.0
16983.1
17243.8
17253.9
17466.0
17759.3
17891.2
18020.0
18265.0
18584.8
18845.8
18859.8
18949.1
19046.2
19322.8
19581.0
19836.4
20044.6
20283.8
20394.5
20652.8
20806.9
20817.8
20856.5
21277.8
21574.8
21688.3
22072.3
22259.6
22596.2
22695.6
22747.5
22753.9
22836.3
