567.8
689.2
1140.1
1152.2
1163.0
1526.3
2030.9
2140.8
2380.6
2492.8
2837.7
2906.8
2925.2
3166.8
3518.9
3738.2
3956.8
4157.9
4365.3
4417.2
4804.1
4957.5
5146.3
5348.1
5385.9
5492.5
5529.7
5571.2
5755.8
6451.5
6526.7
6705.5
6807.8
6823.2
6855.9
6892.8
6935.0
6988.1
7021.1
7149.4
7210.8
7351.2
7671.4
7718.4
7874.1
7915.9
7928.4
7935.2
8022.2
8308.6
9756.0
9942.3
10203.3
10375.7
10403.2
10417.6
10652.0
10802.6
11023.2
11131.9
11263.4
11737.9
11783.3
11802.1
12006.4
12087.0
12117.2
13015.3
13264.9
13300.4
13452.4
13764.9
13870.6
14469.2
14547.4
14766.6
14934.8
15503.9
15549.8
15618.0
15697.5
15702.5
16547.3
16557.8
16612.3
16641.3
16782.5
16933.3
17014.9
17194.0
17436.3
17452.6
17682.3
17682.5
18294.3
18377.4
18667.6
18671.9
18704.7
18794.4
18825.0
18949.2
18992.1
19291.2
19395.6
19664.6
19684.2
20155.7
20309.2
20427.8
20454.6
20659.2
20720.8
21143.0
21232.1
21590.0
21728.1
21847.9
21857.5
22195.1
22389.1
22555.1
22671.5
22833.3
22846.7
22913.5
