30.7
726.2
909.9
1047.1
1108.1
1157.0
1345.9
1512.0
1602.2
1627.7
1871.1
1993.0
2124.9
2217.6
2243.3
2554.9
2602.2
3143.1
3217.6
3377.5
4507.2
4634.6
4656.6
5114.3
5478.0
5698.3
6019.2
6286.2
6573.1
6673.0
6840.8
6850.4
6899.7
6899.9
7055.0
7170.7
7174.0
7272.1
7346.8
7794.6
8141.7
8303.2
8323.1
8482.3
8502.1
8859.2
9121.2
9326.6
9415.9
9531.0
9648.4
10161.3
10825.9
10949.1
11088.8
11187.5
11268.4
11393.2
11467.3
11761.2
11894.5
11941.6
12573.1
12639.5
12661.5
13311.6
13407.1
13722.8
13866.0
13939.4
13984.6
13993.3
14030.8
14699.3
14732.2
15122.2
15198.0
15349.4
15350.5
15371.9
15379.4
15456.9
15742.6
16065.4
16082.6
16219.7
16654.3
16936.9
17015.7
17308.5
17422.9
17474.7
17807.2
18288.6
18346.8
18428.3
18534.4
18643.3
18649.5
18792.8
18943.7
19072.8
19157.4
19159.1
19333.2
19338.3
19357.2
19404.6
20116.9
20177.6
20351.7
20664.6
21287.6
22195.9
22279.7
22552.4
22557.7
22642.4
