6.0
255.5
293.0
610.8
885.1
1000.0
1311.0
1755.5
2040.7
2043.5
2522.4
2582.1
2868.5
2893.0
2952.4
3241.6
3471.5
3575.8
3709.9
4410.8
4438.1
4838.4
4885.8
4950.5
4964.7
5091.6
5265.7
5428.8
5641.4
5731.5
6266.5
6378.8
6885.3
6938.7
7012.7
7112.4
7469.6
7595.5
8240.7
8619.7
8647.5
8759.7
8762.1
9005.3
9028.0
9526.0
9697.3
9710.7
9850.2
10036.9
10113.4
10122.4
10265.7
10339.3
10624.7
10983.9
11001.5
11202.5
11461.5
11509.2
11509.5
11951.1
11984.1
12287.8
12406.3
12565.8
12626.4
12884.3
12969.0
13059.3
13096.1
13107.3
13145.6
13146.3
13183.4
13225.4
13420.8
13642.1
13953.6
14175.8
14229.5
14451.8
14477.8
14581.9
15045.3
15446.9
15456.9
16016.4
16036.8
16095.4
16310.5
16424.9
16473.2
16488.1
16732.3
16861.3
16940.9
17329.9
17345.6
17470.3
17691.3
17691.5
17757.6
17923.3
18250.4
18711.9
18758.0
18948.6
19238.7
19436.7
19555.9
19621.1
19701.6
20196.7
20389.2
20759.0
20922.2
20943.7
21215.0
21267.1
21376.6
21584.4
21629.2
21975.2
21995.4
22130.6
22170.3
22688.1
