72.3
200.4
284.0
373.0
439.9
514.9
1107.0
1288.8
1623.2
1747.6
1921.9
1953.4
2102.2
2439.2
2609.7
2705.0
2901.7
2954.9
3616.0
3744.8
3781.3
3931.4
3958.9
4102.9
4533.6
4555.2
4625.3
4633.6
4649.2
4983.4
5133.5
5461.3
5562.5
5787.2
5891.9
5905.1
5928.7
6140.0
6191.0
6332.2
6376.4
6537.8
6566.0
6652.9
7247.6
7738.4
7945.2
7962.9
7981.4
8254.4
8551.9
8553.6
8556.0
8920.3
9039.5
9159.8
9575.2
9818.6
9848.9
9923.1
10006.7
10039.2
10107.6
10205.9
10306.7
10396.8
10426.0
10437.6
10511.7
10921.3
11779.8
12119.6
12464.0
12476.6
12870.9
13081.1
13142.5
13275.6
13555.8
13671.7
13832.8
13849.2
14001.4
14242.5
14246.9
14860.5
15083.1
15403.5
15411.2
15537.8
15990.5
16014.3
16161.7
16186.5
16210.7
16264.5
16444.2
16542.2
16559.4
16649.3
16682.6
16719.1
16883.1
16993.2
17102.7
17249.0
17640.4
17786.6
17965.0
18182.9
18351.9
18420.5
18460.9
18797.6
18849.1
18988.3
19097.8
19151.0
19409.1
19450.5
19935.4
20478.7
20836.6
21048.2
21097.8
21457.8
21508.4
21793.5
21873.5
22454.4
22473.6
22854.4
22994.6
