24.1
257.4
270.2
362.2
886.6
1049.3
1107.9
2011.6
2071.4
2913.0
2939.4
3099.0
3305.9
4419.0
4685.8
4843.7
5129.4
5217.0
5278.4
5462.8
5680.8
5746.6
5751.8
5839.8
6014.8
6099.5
6487.5
6598.7
6772.1
6786.1
7193.2
7519.8
7527.6
7758.0
7923.0
8152.5
8285.6
8337.1
8701.2
8761.1
9000.3
9430.9
9494.8
9716.1
9855.6
9858.2
10297.3
10642.1
11085.6
11772.2
11856.1
11954.9
12119.3
12407.4
12502.6
12878.4
12899.1
12909.4
13129.7
13138.6
13179.0
13394.1
13576.1
13782.6
13939.7
14320.3
14502.9
14662.7
14757.9
14784.4
14952.6
15129.1
15145.1
15230.7
15403.0
15598.3
15626.7
15711.9
16141.6
16508.8
16558.1
16575.8
16593.2
16725.4
16733.2
16923.8
17268.9
17420.3
17431.3
18188.5
18237.3
18357.0
18502.4
18630.4
18929.3
19004.8
19042.1
19347.0
19390.8
19437.9
20116.7
20258.1
20423.0
20495.4
20849.6
20985.9
20988.6
21046.7
21183.3
21490.4
21536.0
21637.6
21716.3
21741.2
21885.4
22062.8
22379.2
22441.0
22463.1
