4.0
110.4
380.7
401.5
607.6
613.9
676.0
1547.0
1904.0
2464.4
2486.0
2804.3
2828.1
2996.6
3694.7
3784.6
3854.9
3865.7
4201.7
4232.0
4311.6
4326.1
4466.0
4904.1
5754.8
5815.3
6104.5
6474.3
6757.3
6916.2
6956.0
7410.0
8387.7
8544.0
8566.1
8787.6
9029.3
9371.0
9396.5
10517.5
10688.2
10777.6
10925.7
10933.2
10997.7
11596.9
11756.8
12130.7
12160.2
12197.0
12476.7
13661.3
13945.5
14071.6
14105.4
14316.2
14323.5
14629.3
14739.0
14928.8
15209.8
15506.9
15521.7
16242.8
16329.1
16905.6
17140.4
17160.6
17179.5
17538.5
18110.9
18287.3
18450.2
18611.2
18804.5
18976.1
18992.5
19027.5
19044.9
19528.1
19603.4
19642.5
19804.2
20254.4
20646.6
20652.6
21016.8
21792.6
21843.0
21971.7
22514.8
22717.0
22911.8
22933.9
