64.6
275.2
439.8
447.3
449.1
500.1
725.7
1007.9
1441.1
1980.9
2251.3
2264.3
2332.6
2513.5
2800.4
2913.6
3001.7
3330.0
3708.8
3941.0
4113.1
4338.2
5220.8
5497.9
6651.4
6782.3
6958.1
7274.0
7554.0
7631.4
7864.4
7967.0
8199.9
8584.0
8629.9
8927.6
9011.4
9111.7
9231.7
9709.1
10841.3
11121.6
11152.0
11157.2
11414.6
11455.9
11471.5
11504.1
11543.1
11637.3
11986.9
12008.0
12302.8
12402.4
12575.1
12942.2
13124.6
13135.9
13486.3
13557.6
13941.9
14178.2
14761.5
14763.4
15220.7
15352.2
15358.4
15547.5
15807.4
15916.4
15952.1
15968.0
16604.9
16780.3
17089.2
17227.8
17407.9
17631.8
18162.0
18377.8
18615.5
18619.4
18751.8
19076.0
19631.9
20134.2
20144.2
20189.4
20247.5
20765.9
20960.8
21017.1
21035.5
21124.9
21144.9
21296.5
21445.3
21475.1
21771.8
21820.7
21893.3
22190.6
22240.7
22311.6
22405.4
22501.6
22571.6
22759.4
22836.2
22940.1
22988.0
