68.1
203.5
829.3
879.0
1677.9
2030.0
2122.3
2228.0
2368.3
2515.8
2701.9
2703.3
3417.8
3703.0
3818.0
3996.9
4053.8
4384.4
4884.9
4924.4
4945.4
5183.7
5256.1
5268.7
5858.7
5894.7
6164.6
6244.7
6248.9
6520.4
6588.6
6976.7
7012.8
7159.1
7251.8
7634.5
7691.2
7915.8
7918.9
7931.8
7944.4
8234.6
8246.7
8371.2
8770.5
8803.8
9000.7
9034.3
9244.0
9863.5
10003.2
10057.4
10225.9
10881.3
10884.7
11037.8
11461.2
11697.0
11718.8
11745.3
12111.5
12112.5
12190.5
12632.6
12676.4
12852.8
13445.7
13564.5
14374.4
14649.1
14768.0
14990.9
15080.2
15345.9
15730.8
15990.5
16351.1
16380.2
17043.2
17450.5
17494.9
17585.3
17807.3
17988.2
18067.9
18272.3
18325.9
18394.0
18417.4
18657.9
18932.1
19256.4
19727.3
19758.9
19979.6
20023.9
20254.0
20863.1
21102.5
21136.4
21331.1
21449.4
21461.3
21827.0
21866.9
21964.1
21980.3
22231.2
22600.9
22722.5
22767.1
