186.0
192.9
247.5
285.2
305.2
384.8
902.1
903.7
1571.2
1802.5
2481.8
2508.5
2609.5
2685.6
3406.7
3632.7
3641.4
3869.4
4128.8
4177.7
4327.2
4380.2
4471.4
4591.2
5061.7
5090.9
5368.3
5628.8
6027.7
6239.0
6258.6
6313.5
6512.0
6851.1
7635.5
7699.6
7787.7
7920.6
8076.8
8561.6
8625.7
8718.6
8920.3
9183.1
9193.0
9463.6
9894.8
10282.0
10457.0
10460.4
10557.9
10787.0
11032.7
11262.4
11532.6
11933.2
12238.4
12254.6
12329.6
12431.5
12496.8
12727.9
12794.4
13066.5
14075.1
14146.2
14437.9
14671.3
14688.3
14780.0
14945.7
15375.9
15454.8
15474.0
15728.5
17080.1
17222.8
17304.4
18335.4
18472.5
18526.1
18553.9
18571.5
18653.9
19220.0
19310.6
19574.3
19582.1
19674.4
20068.7
20101.6
20388.6
20530.9
20610.4
20783.7
20827.7
20976.7
20992.8
21873.5
22212.3
22329.1
22954.9
