176.6
426.2
996.2
1023.4
1309.4
1400.0
1826.4
2231.2
2333.0
2715.7
3092.7
3228.8
3261.1
3523.6
3558.3
4520.8
4687.0
4745.6
4822.6
4868.3
5106.5
5176.5
5392.6
5618.6
5626.5
6248.3
6414.9
6559.3
6637.4
7043.6
7122.1
7439.7
7528.6
7637.1
7807.1
8022.0
8035.4
8036.8
9058.1
9315.0
9413.6
9822.6
9898.2
10093.4
10270.5
10316.1
10823.2
11064.2
11371.8
11397.3
11408.1
12258.8
12488.7
12580.5
12580.7
12583.1
12624.7
12738.6
12800.9
13411.0
13534.7
13608.8
13852.0
13993.1
14119.3
14239.6
14240.9
14357.5
14394.4
14533.4
14556.9
14659.1
15030.3
15802.3
15896.5
15975.0
16006.1
16479.5
16755.5
16968.5
17174.6
17284.5
17354.6
17621.0
17779.4
18135.0
18158.8
18306.2
18340.0
18628.0
18721.8
18759.1
19063.3
19571.4
20165.2
20324.5
20406.4
20444.0
20512.9
20935.7
20938.9
21088.8
21151.7
21333.3
21366.0
21501.2
21561.1
22103.7
22174.2
22359.9
22439.7
22494.4
