266.1
455.2
901.5
906.3
1156.1
1263.4
1535.8
1774.1
1965.7
2141.5
2197.7
2412.7
2508.8
2833.2
3003.4
3296.9
3398.8
3544.1
3639.5
3705.4
3740.4
3862.2
4344.3
4845.2
5134.2
5181.2
5187.0
5359.7
5411.0
5689.0
5824.4
6093.1
6584.8
6675.2
6874.8
6893.9
6937.7
7018.8
7048.1
7101.6
7246.1
7351.0
7696.1
7745.9
7875.9
8118.8
8124.4
8250.8
8295.2
8664.8
8930.2
9028.9
9212.8
9253.6
9275.2
9474.7
9501.3
10046.4
10237.6
10238.6
10926.8
11025.8
11105.7
11151.5
11532.9
11819.3
11881.7
11968.7
12162.5
12232.3
12532.1
12590.2
12741.2
13100.7
13326.8
13685.1
13777.0
13948.5
14211.2
14244.3
14865.9
15531.5
15901.6
16371.8
16584.8
16668.3
16934.7
16962.3
17026.6
17546.2
17661.4
17752.8
17897.9
18031.7
18094.4
18159.8
18650.0
18837.4
18869.7
18880.4
18889.3
18906.8
18920.8
19023.5
19306.6
19586.0
19623.0
19713.3
19938.4
19958.7
20139.6
20266.5
20945.4
21432.5
21452.6
21711.2
21799.0
21941.9
21952.8
21984.4
22079.0
22486.2
22611.2
