8.6
48.0
218.8
246.1
278.6
335.9
734.8
808.7
949.1
1408.7
1450.3
1485.3
1713.9
1817.5
1825.0
2549.2
2691.3
2842.4
2895.9
3166.0
3199.5
3312.7
3793.0
4031.6
4733.3
4933.2
5125.4
5445.8
5472.0
5649.3
5890.9
5943.2
6274.9
6625.0
6639.5
6729.1
6801.9
6840.0
6854.4
7085.0
7188.3
7205.7
7207.1
7231.4
7419.8
7773.4
7817.1
8086.7
8588.1
8764.3
8863.4
9049.4
9057.4
9528.7
10038.7
10052.0
10077.1
10123.7
10409.6
10603.1
10755.2
11038.3
11052.8
11250.8
11314.5
11402.0
11498.3
11538.9
12099.3
12756.2
13325.8
13389.1
13439.6
13793.1
13822.3
13912.3
14076.8
14479.2
14534.1
15316.1
15364.2
15818.4
15909.3
15920.2
16887.8
17451.9
17643.7
17685.0
18197.0
18450.0
18681.9
18745.8
18750.7
18787.9
19001.3
19016.3
19072.5
19196.0
19341.6
19399.5
19504.3
19510.5
19696.4
19722.9
19735.5
19915.0
19972.3
20247.4
20595.0
20627.5
20649.4
20687.4
20991.9
21291.7
21336.5
21542.6
21929.2
21940.0
22267.8
22372.0
22374.6
