261.5
631.0
693.9
750.9
1068.2
1218.8
1357.1
1455.6
2351.8
2462.6
2793.4
2799.7
2951.9
4111.8
4587.3
4698.1
4834.8
4839.2
4929.4
5208.9
5685.7
5760.8
6080.2
6262.1
6330.2
6376.7
6505.3
6773.4
6909.2
6942.8
7380.4
7641.6
8017.6
8130.4
8611.4
8712.4
8797.4
9064.6
9231.3
9303.5
9534.7
9816.4
9835.2
9843.7
9976.3
10223.2
10529.1
10568.3
10759.2
11001.0
11173.3
11289.3
11682.1
11758.5
12160.2
12354.9
12365.8
12369.0
12480.3
12871.8
13140.4
13465.9
13956.9
14079.3
14100.6
14299.6
14393.7
14897.8
15009.2
15120.3
15135.1
15823.7
15902.6
16054.3
16455.5
16780.9
16850.4
16898.7
16902.5
17149.9
17542.8
17543.5
17628.4
17970.0
18192.2
18540.2
18788.1
19029.2
19162.0
19178.5
19189.3
19281.8
19351.8
19360.0
19373.0
19483.3
19660.0
20325.5
20438.2
20485.6
20689.4
20763.2
21315.7
21383.8
21644.4
21939.9
21944.9
21970.5
21997.5
22409.9
