311.7
716.6
948.3
974.3
1163.6
1221.7
1402.4
1480.3
1541.7
2080.5
2168.6
2182.7
2208.2
2289.9
2740.2
2760.1
2802.5
2874.8
2896.1
2904.2
2920.6
3320.8
3571.7
3574.7
3704.3
4335.8
4830.9
5033.4
5107.9
5348.8
5516.4
5657.0
5752.1
5757.5
5890.1
6073.5
6171.3
6269.9
6318.1
6322.3
6528.1
6742.2
6853.4
7149.4
7294.2
7550.9
7908.0
8229.0
8284.7
8457.5
8898.4
8914.8
9430.2
9474.3
9495.1
9854.6
9860.3
10043.7
10234.4
10598.7
10806.2
11131.5
11145.3
11258.5
11285.0
11318.5
11734.0
11815.7
11877.3
12244.3
12324.2
12359.6
12429.4
12866.7
12872.0
12921.9
13032.5
13222.0
13309.0
13317.3
13723.0
13840.7
14743.0
15133.9
15390.4
16132.3
16402.1
16720.4
16772.8
16859.3
17287.1
17307.0
17660.2
17910.3
17946.6
18078.2
18506.5
18540.2
18797.9
18942.3
18980.3
19008.3
19439.0
19603.3
19921.3
20313.8
20383.3
20699.6
20728.1
21068.1
21205.7
21420.8
21593.9
21966.5
22104.2
22311.3
22407.8
22436.1
22600.0
22692.3
22741.6
