4.5
42.1
111.3
428.5
513.8
659.9
1241.1
1276.7
1354.1
1636.7
1882.8
1949.2
2072.7
2587.6
2639.0
2684.2
3057.4
3207.7
3416.2
3588.1
3588.4
3714.3
3888.7
3929.9
4124.6
4384.2
4508.9
4834.2
4837.3
5072.0
5156.0
5648.4
5909.2
6301.9
6375.5
6651.7
6736.3
6801.4
6917.4
7181.1
7199.6
7447.9
7735.6
7844.3
8866.8
9140.9
9303.2
9618.8
9852.5
9875.1
10563.1
10664.6
10994.6
11046.4
11147.9
11363.8
11463.9
11499.4
11505.6
11665.3
11723.8
11775.4
11912.2
11934.4
12064.2
12150.6
12178.3
12381.2
12990.1
13131.4
13480.2
13847.2
14093.4
14157.2
14268.7
14421.6
14867.5
15097.7
15190.1
15234.5
15377.2
15415.0
15758.5
15999.1
16284.8
16391.1
16413.0
16451.6
17375.9
17977.6
18016.5
18056.7
18238.4
18333.5
18479.2
18813.3
19282.8
19436.8
19699.5
20126.9
20464.3
20579.1
20610.9
20659.5
20969.1
21021.9
21196.7
21498.2
21526.9
21677.9
22065.6
22148.7
22412.1
22426.2
22459.4
