117.7
494.1
551.1
600.1
1062.6
1110.6
1172.6
1457.6
1591.8
1846.0
1988.2
1996.2
2739.1
2820.4
3100.9
3200.4
3302.3
3773.6
3852.1
4445.5
4645.4
5106.5
5191.5
5199.9
5672.3
6090.4
6418.0
6509.7
6647.4
6745.3
7011.0
7212.4
7387.8
7814.9
7889.8
7972.7
8293.9
8505.8
8764.8
9237.8
9566.9
9929.3
9946.8
10157.7
10292.3
10392.6
10606.4
11179.2
11262.2
11297.0
11355.6
11974.6
12110.8
12500.0
12526.1
12673.7
12835.9
13096.3
13333.4
13422.2
14202.1
14653.4
14793.2
14823.0
15021.9
15161.7
15865.6
15939.3
16014.1
16734.3
17046.7
17277.6
17277.8
17544.6
17574.1
17821.5
18128.0
18193.4
18196.1
18279.5
18299.7
18735.8
18786.7
18875.0
19248.3
19561.2
19697.0
19867.0
20371.4
20401.0
20410.8
20411.7
20489.7
20553.1
20723.9
20739.0
20950.4
21282.5
21429.1
21478.2
21659.1
22439.6
22569.4
22742.8
22856.3
