152.1
698.9
744.3
851.8
880.6
1136.0
1504.2
1548.6
1738.0
1858.7
2325.1
2367.1
2450.5
2509.3
2548.6
2625.6
2843.5
2918.6
2920.8
2934.6
3014.2
3161.6
3898.6
4325.4
4369.5
4505.9
4626.6
4658.4
4839.0
4979.3
5021.2
5651.1
5673.5
5783.3
6128.7
6352.9
7208.3
7625.4
7823.7
7893.6
8222.1
8333.7
8426.2
8518.4
8665.2
8890.6
9186.4
9689.3
9699.9
9711.4
10018.4
10798.0
10992.1
11873.8
12662.7
12694.7
12929.6
13025.4
13040.6
13192.3
13400.0
13470.7
13664.1
13777.4
14125.5
14132.3
14342.0
14541.7
14593.1
14627.2
14713.9
15131.5
15235.3
15390.6
15593.3
15631.0
15642.1
15851.1
16221.8
16885.3
17404.8
17406.8
17689.8
18113.2
18377.7
18492.9
18582.1
18819.0
18938.6
18957.9
18985.6
18988.0
19120.7
19206.0
19449.1
19705.5
19839.1
19861.3
20313.9
20373.3
20595.6
20625.2
20666.8
20680.6
21205.3
21231.3
21254.3
21351.4
21792.0
22117.0
22236.0
22403.4
22435.0
22463.2
22517.1
22540.7
