1.2
221.7
530.8
1652.8
1775.5
2188.1
2350.5
2464.2
2810.3
3026.9
3719.7
3881.1
4007.2
4031.5
4543.2
4609.6
4619.3
4665.1
4833.8
4958.3
5343.6
5615.6
5747.5
5751.1
5809.8
5974.9
6082.4
6264.0
6406.6
7214.6
7368.1
7421.5
7831.0
7855.9
7921.5
7999.3
8136.4
8279.6
8391.4
8632.9
9231.2
9232.6
9827.5
9866.2
9962.7
10144.9
10309.6
10383.4
10408.6
10487.4
10594.0
10823.7
11068.5
11281.4
11374.0
11450.0
11668.8
11723.8
11728.0
11997.5
12304.0
12411.8
12598.5
13097.4
13420.8
13478.7
13820.7
14459.5
14462.2
14538.5
14542.9
14717.9
15079.1
15145.8
15199.5
15364.9
15446.4
15566.8
15817.1
15830.8
16082.5
16577.6
16939.1
17022.9
17212.7
17238.4
17244.8
17501.3
17852.8
18155.4
18491.9
18712.0
19156.2
19174.3
19305.4
19312.8
19456.1
20037.3
20268.0
20321.2
20836.2
20922.3
21453.6
22221.7
22839.1
22892.5
