37.2
78.4
189.3
322.7
519.2
545.9
707.7
817.0
880.5
965.1
1177.4
1201.4
1318.9
1545.2
1703.4
2102.7
2426.9
2777.4
2941.5
3040.0
3091.0
3381.7
3485.7
4432.9
4546.5
4600.8
4874.2
5030.4
5125.1
5256.1
5307.8
5386.9
5441.9
5460.1
5788.4
6168.1
6257.7
7128.9
7340.1
7534.5
7595.9
8046.6
8150.0
8234.8
8565.9
8645.3
8727.7
9013.7
9362.9
9586.7
9621.9
9763.8
10584.2
10852.8
10873.7
10914.2
10999.9
11205.9
11347.0
11472.1
11542.7
11881.7
12113.3
12519.6
12775.8
13136.0
13683.1
13738.5
13878.3
13922.8
14156.3
15040.6
15430.8
15763.4
16091.4
16139.8
16144.1
16171.0
16198.2
16262.1
16455.4
16647.1
17159.5
17219.1
17228.6
17417.4
17495.5
17532.3
17687.9
17935.1
17946.8
17978.7
18419.9
18456.2
18473.3
18728.2
18795.2
18834.1
18882.9
19009.6
20512.7
20560.4
20593.1
20620.2
20792.7
20862.4
21353.3
21785.2
21879.1
21905.3
22052.1
22079.0
22542.8
22975.8
