67.9
423.2
429.0
572.7
1048.7
1251.6
1398.8
1510.2
1637.6
1810.7
1825.8
1942.7
2071.5
2194.7
2583.0
3217.2
3278.2
3278.9
3413.5
3887.2
4000.5
4086.7
4200.5
4238.7
4462.6
4557.5
4646.7
5152.3
5216.5
5404.0
5480.3
5523.8
5745.1
5828.2
6019.0
6187.6
6292.0
6413.0
6689.1
7076.7
7145.3
7626.7
7756.9
7824.9
8289.0
8305.8
8597.7
9152.7
9238.0
9429.8
9454.2
9649.3
9719.6
9880.4
10734.6
11138.9
11326.3
11432.7
11581.2
12418.4
12532.8
12703.3
12870.6
12910.5
13147.9
13741.5
13877.4
13957.1
14213.7
14460.5
14698.3
14855.3
14859.3
15262.0
15332.6
15391.8
15516.7
15672.1
15884.1
16001.7
16015.9
16053.8
16475.3
16915.9
17159.7
17344.3
17404.7
17618.4
17910.0
17918.4
18003.5
18015.6
18060.9
18193.4
18234.5
18780.4
18938.9
18961.0
19114.3
19533.4
20215.4
20425.8
20497.2
20608.7
20833.7
20925.5
20994.5
21193.9
21307.5
21655.7
21825.4
21871.3
22046.2
22269.4
22364.6
22464.0
22648.8
22667.5
22710.4
22797.6
22960.0
