310.4
379.2
502.3
578.6
956.4
1254.5
1809.8
2233.3
2256.4
2766.6
2796.9
3217.6
3459.3
4174.5
4220.1
4254.5
4517.2
4538.0
4666.4
5119.8
5163.0
5189.3
5522.2
5575.1
5622.2
5798.3
5836.1
5903.3
6072.5
6106.5
6383.6
6401.1
6402.7
7374.0
7495.1
7981.1
8065.7
8171.4
8359.8
8812.2
8929.0
8986.5
9109.8
9171.7
9294.7
9487.7
9632.9
9804.6
9855.0
9906.4
10006.7
10045.2
10338.5
10616.8
10833.5
11082.1
11295.3
11437.7
11562.3
11765.0
11904.0
11967.5
12546.8
12686.3
12722.0
12882.5
13015.8
13283.9
13317.8
13433.2
13812.2
13821.8
14047.1
14325.4
14343.4
14443.7
14604.6
14722.9
14882.1
15274.8
15668.5
15760.4
15916.3
16094.3
16216.6
16303.8
16924.7
17312.1
17905.0
17967.1
18192.7
18236.4
18617.1
18650.0
18776.1
19622.7
19936.4
19947.7
20106.3
20314.5
20443.2
20670.2
20967.6
21131.3
21596.8
21639.9
21820.4
22018.6
22230.5
22276.5
22404.6
22861.0
22879.0
