292.9
302.2
594.2
858.4
1041.0
1092.9
1648.3
1770.5
1868.3
2057.6
2121.7
2211.2
2372.8
2644.9
2648.6
2977.7
3614.7
4345.6
4438.8
4605.5
4935.2
5014.4
5157.8
5240.2
5276.0
5429.1
5443.7
5464.4
5725.2
5969.3
6037.6
6221.6
6259.2
6297.3
6523.8
6660.5
6706.4
6808.1
6823.0
7219.8
7510.7
7615.8
7774.2
7829.3
8345.3
8445.1
8446.8
8478.3
8760.8
9344.4
9475.9
9912.0
10468.2
11007.5
11168.8
11583.8
11590.6
11621.2
11788.1
11821.2
11879.0
12160.6
12252.7
12372.9
12620.8
12904.9
13086.6
13117.2
13204.8
13402.8
13651.1
13654.7
13664.8
13701.5
13979.9
14001.7
14487.0
14492.0
14922.7
14995.2
15072.7
15349.3
15374.0
15477.6
16203.2
16683.8
17084.1
17271.7
17458.7
17559.6
17831.2
18098.4
18147.0
18227.2
18537.0
18613.8
18785.1
19578.7
19623.7
19937.8
19969.9
20068.8
20107.6
20434.5
21155.4
21218.0
21347.9
21497.5
21573.2
21672.2
21944.7
22035.7
22274.4
22756.7
