50.0
1059.0
1140.2
2197.8
2365.0
2722.3
2879.8
3052.1
3084.4
3175.6
3336.7
3408.9
3548.7
3596.7
4214.9
4917.3
5025.3
5633.9
5844.3
6254.2
6424.8
6680.2
7198.5
7427.7
7761.4
7889.5
8007.3
8364.7
8688.0
9072.7
9187.3
9230.2
9578.0
9745.2
9989.6
10303.4
10788.3
10904.5
11118.6
11506.6
11581.2
11608.4
11621.0
11883.3
12014.0
12018.1
12172.2
12679.9
12806.4
12942.2
13182.0
13329.6
13468.7
13525.0
13770.4
14369.2
14943.6
15147.3
15191.2
15531.5
15574.1
16068.7
16265.3
16795.4
16875.7
17144.1
17450.6
17584.9
17592.4
17608.4
17670.1
18151.5
18256.6
18258.9
18430.1
18650.0
18759.8
18832.4
18924.4
19286.4
19401.8
19437.0
19596.1
19728.6
19745.2
19833.2
19949.5
19965.6
20274.5
20601.9
20860.9
20916.9
21105.9
21214.6
21451.3
21808.5
22394.3
22753.9
22888.3
