62.6
267.6
303.0
318.6
444.0
528.5
813.6
871.4
1462.1
1924.8
2120.2
2284.3
2824.1
3006.6
3056.5
3172.6
3299.5
3906.5
3930.6
4019.8
4243.5
4244.4
4474.1
4640.3
4831.3
4893.1
4909.5
4994.4
5451.1
5459.8
5574.5
5575.5
5578.4
5636.7
6098.7
6204.6
6330.5
6433.4
6825.9
6873.8
7317.3
7811.5
8055.4
8143.4
8376.1
8509.8
8546.8
8548.5
8604.1
8696.1
8762.1
8971.7
9485.2
9643.2
9959.0
10022.3
10314.8
10632.2
10933.0
10992.0
11121.4
11395.0
11555.8
11828.8
12184.2
12217.0
12450.3
12677.0
12760.2
12883.7
13128.4
13528.2
13617.5
13676.0
13729.4
13913.2
13986.2
13999.2
14289.6
14308.6
14353.4
14595.3
14647.6
14683.9
14981.9
15065.2
15232.9
15298.8
15691.5
15749.4
15787.6
15844.2
15914.2
16587.2
16783.8
16890.1
17046.4
17124.9
17525.1
17535.4
17569.7
17745.1
17773.7
17904.9
17914.6
18115.4
18450.6
18536.3
18686.7
18920.7
19170.0
19233.6
19347.5
20396.2
21297.5
21299.5
21447.7
21854.2
22034.5
22061.7
22183.4
22263.5
22481.0
22829.1
