38.1
137.4
193.6
196.4
234.4
304.9
764.0
1093.1
1116.7
1395.8
1406.6
1490.4
1566.5
1690.7
1928.9
1933.5
1991.7
2165.5
2321.2
2342.8
2359.3
2546.8
2591.9
2645.4
2769.1
2856.4
3030.1
3231.9
3473.3
3509.0
3806.7
3833.1
3970.8
4022.3
4369.2
4445.2
4720.3
4816.2
5083.2
5538.4
6036.5
6046.0
6360.2
7001.3
7449.3
7714.9
7719.1
7736.8
7794.7
7822.5
7899.0
7993.2
8360.2
8367.3
8394.2
8615.1
9347.8
9377.9
9550.4
9573.8
9971.1
10035.0
10040.3
10083.5
10108.5
10539.4
10630.8
10682.2
10724.8
11042.0
11087.2
11093.3
11111.3
11181.1
11201.6
11340.9
11618.4
11725.5
11732.8
11749.1
12004.8
12044.4
12080.0
12273.5
12665.7
12885.9
13167.3
13281.4
13298.2
13367.9
13528.6
13678.0
13958.7
14380.2
14496.2
14684.0
14932.2
15463.7
15552.3
15564.1
15717.8
16079.1
16440.0
16626.9
16772.6
17323.7
18056.5
18420.7
18525.8
19002.9
19067.9
19207.2
19363.4
19431.5
19586.0
19718.4
19760.9
19885.9
19896.8
19919.9
19954.4
20149.8
20385.7
20393.5
20763.4
21690.6
21734.3
21753.9
22143.4
22963.8
