256.0
376.2
601.6
636.6
642.5
696.5
1240.4
1241.7
1458.7
1575.6
1767.5
1814.3
2045.4
2708.4
2722.4
3085.6
3153.2
3456.4
3952.6
4872.8
4906.6
4964.6
5330.6
5404.9
5519.2
5674.1
5841.9
5898.7
6136.2
6237.9
6426.7
6583.1
7092.9
7154.1
7378.4
7484.4
7901.6
8129.7
8632.4
8711.7
8781.4
9213.2
9230.8
9281.3
9665.1
9678.1
9809.9
9863.5
10058.9
10270.8
10632.0
10749.7
10978.3
11239.0
11262.9
11278.6
11800.4
12517.9
12544.9
12655.6
12836.1
12972.2
13127.2
13182.7
13299.2
13402.1
13598.8
13688.2
14189.2
14213.4
14260.8
14336.7
14412.9
14531.4
14533.8
14977.4
15183.0
15332.6
15353.9
16062.2
16391.9
16812.5
17067.7
17122.8
17182.2
17297.2
17340.8
17433.4
18002.6
18398.3
18445.7
18497.4
18722.7
18749.5
19100.8
19115.3
19152.2
19243.7
19310.5
19317.3
19398.2
19423.2
19769.1
20212.4
20507.0
20568.5
20599.4
21024.7
21064.6
21146.5
21232.6
21347.2
21356.5
21486.3
21587.7
21598.0
21638.7
21921.9
22092.9
22135.7
22330.4
22922.5
