67.6
183.2
332.8
348.8
505.2
694.0
704.6
1004.1
1082.2
1225.3
1528.9
1822.8
1842.2
2008.5
2174.9
2462.5
3054.5
3397.9
3530.7
3677.9
3700.1
3731.5
3938.8
3967.8
4517.9
4786.3
5219.3
5317.1
5398.3
5419.8
5441.1
5641.6
5697.7
5969.9
6045.7
6261.3
6271.0
6333.1
6341.1
6535.3
6755.3
7060.5
7108.2
7257.7
7421.7
7511.4
7584.7
7787.0
7790.9
7895.8
7909.6
8015.8
8274.3
8571.4
8674.7
8773.8
8778.3
9014.4
9926.2
9968.4
10174.9
10180.2
10369.1
10871.1
10891.0
10917.2
11398.4
11673.6
11871.2
12400.9
12548.5
12745.3
12805.8
12822.7
12974.8
13077.4
13203.8
13334.0
13423.6
14009.4
14535.4
14603.8
14788.8
15007.2
16218.5
16227.5
16315.0
16353.8
16769.0
16857.7
17520.9
18081.7
18549.0
18610.2
18876.6
19019.3
19038.9
19572.5
19690.5
20071.5
20084.6
20312.0
20360.5
20392.9
20904.3
21173.3
21301.4
21448.7
21484.3
21521.1
21646.0
21711.8
21729.5
21773.1
21930.2
22106.0
22115.4
22356.5
22477.4
22585.0
