707.8
770.9
1095.8
1129.5
1248.8
1669.7
1742.7
1952.9
2282.5
2710.6
2887.0
3482.3
3529.9
3755.6
3944.5
4096.6
4115.7
4308.4
4893.3
4895.0
5031.7
5211.7
5448.2
5766.9
5926.3
5967.6
6020.4
6094.1
6200.9
7003.8
7165.6
7217.7
7681.9
7737.3
7822.8
8045.6
8836.1
9028.0
9513.0
9521.6
9812.8
10674.2
10846.1
11073.2
11383.6
11687.2
11871.4
11893.2
11950.6
12088.9
12576.2
12874.2
12950.3
13070.0
13177.1
13675.9
13744.3
13772.2
13797.6
14078.0
14170.1
14592.1
15435.6
15553.0
16069.5
16094.5
16191.8
16366.9
16472.4
16689.0
16947.9
17227.7
17658.6
17711.5
18211.0
18835.2
19244.9
19369.5
19482.7
19633.1
19907.2
20043.3
20062.2
20157.6
20493.5
20563.2
20979.8
20987.8
21245.0
21389.1
21519.0
21642.5
21670.9
22408.1
