441.9
614.9
909.9
1240.4
1359.1
1402.4
1421.1
1462.0
1609.3
1659.2
1775.0
1801.7
1905.7
1960.1
2083.4
2248.6
2306.9
2482.1
2709.2
2840.4
3474.1
3542.3
3998.1
4103.4
4142.3
5223.3
5521.3
5772.0
6079.9
6313.8
6372.1
6386.5
6400.6
6501.2
6643.8
7023.8
7181.9
7378.9
7784.1
8003.6
8125.8
8301.1
8781.9
8883.5
9235.3
9430.4
10031.4
10136.5
10596.1
10837.3
12315.8
12580.2
12768.4
13196.6
13474.0
13489.0
13496.0
13691.7
13811.9
13977.2
14110.2
14173.4
14296.1
14507.8
15213.6
15657.8
16195.4
16304.1
16907.9
17518.0
17636.6
17695.6
17744.3
17986.1
18066.6
18128.4
18417.9
18429.8
18678.8
18722.9
19190.1
19234.7
19362.4
19549.2
19586.4
20030.9
20055.8
20121.1
20254.4
20558.7
20931.5
20931.9
21502.0
21570.1
21728.1
21827.9
21861.4
22167.0
22456.8
22789.8
