26.7
209.0
293.7
374.1
455.3
465.5
1183.9
1227.7
1292.9
1548.1
1605.0
1645.2
1717.2
1801.8
2006.4
2069.5
2605.3
2752.5
2780.0
2825.7
3049.9
3296.0
3298.2
3731.0
3768.4
3786.2
3953.8
3997.9
4282.1
4296.3
4557.4
4612.1
4897.5
5003.3
5013.6
5514.4
5687.5
5915.7
6288.9
6382.8
6384.3
6484.2
6668.4
6712.8
6743.6
7091.5
7256.3
7304.1
7350.2
7857.1
8232.8
8237.2
8516.8
9073.1
9433.3
9851.0
9870.9
9877.5
10386.9
10458.5
10508.6
10653.6
10755.8
11060.6
11136.3
11287.1
11634.1
11702.2
11707.4
11729.9
12040.5
12147.3
12433.1
12489.1
12558.5
12755.3
12880.5
13045.6
13427.8
13463.7
13467.0
13503.4
13658.2
13686.1
13758.9
14068.3
14164.4
14558.9
14576.0
14702.7
15061.1
15089.0
15112.7
15114.6
15425.2
15558.5
15793.1
16223.2
16538.9
16569.5
16578.1
16635.6
17167.3
17552.2
17844.3
17853.3
17937.1
18215.8
18217.9
18234.5
18286.9
18446.7
18542.6
18585.6
18676.4
19293.2
19479.1
19524.3
19617.1
19692.0
19944.1
20219.4
20464.8
20569.5
20706.6
20726.1
20926.0
21030.2
21169.6
21477.3
21648.9
21677.4
21723.4
21787.7
21893.3
22224.8
22241.8
22308.6
22328.2
22550.7
22803.6
22825.6
22848.3
22923.1
