134.5
268.8
294.6
485.3
505.8
699.6
831.3
1172.5
1773.3
1792.8
2065.7
2204.4
2422.9
2510.5
2696.7
2706.7
2733.1
3601.2
3742.7
3833.3
3874.5
4245.3
4365.2
4845.8
5033.2
5272.5
5671.2
5878.7
5885.1
5904.3
6067.9
6097.8
6158.7
6186.6
6267.2
6417.1
6830.3
6886.4
7070.0
7291.7
7551.2
7699.3
7800.4
7941.4
8057.1
8188.7
8367.1
8596.1
8887.5
9028.3
9165.8
9456.1
9740.3
9866.4
10422.3
10655.2
10802.2
10855.3
11381.9
11477.7
11540.0
12168.5
12298.9
12426.6
12438.1
12651.7
13203.7
13246.7
13367.1
13423.6
13665.0
13736.7
14057.8
14168.6
14893.9
15273.4
15737.0
15739.2
15752.0
16084.9
16210.0
16359.5
17412.2
17449.5
17496.1
17713.1
17897.2
18100.6
18162.0
18480.1
18709.9
18923.6
19037.7
19239.7
19472.8
20008.7
20183.5
20187.4
20191.4
20390.9
20397.3
20414.5
20515.8
20565.6
20826.5
20850.5
21009.6
21173.6
21428.5
21686.9
22035.4
22098.1
22296.0
22522.6
22662.3
22893.9
22921.5
