80.6
237.4
287.6
431.1
571.3
809.9
818.6
882.4
892.1
976.9
1004.2
1634.3
1713.6
2213.3
2364.8
2490.0
2783.7
2807.0
3380.6
3657.4
4055.9
4111.6
4144.5
4208.9
4535.0
4729.0
5600.8
5804.2
5842.1
6068.0
6072.3
6229.0
6292.9
6870.2
7079.0
7472.8
7639.3
7733.5
7854.9
8124.1
8333.0
8809.3
9045.1
9106.2
9229.8
9486.6
9676.5
10137.0
10458.0
10507.2
10668.7
10922.3
11169.5
11457.3
11993.4
12277.1
12379.8
12712.4
12786.7
12827.9
13165.0
13258.4
13307.5
13566.3
13600.6
13773.3
14181.2
14294.4
14695.9
14842.9
15084.1
15810.1
15814.1
16130.6
16788.5
16818.0
16899.2
17000.8
17313.7
17404.8
17485.2
17582.1
17850.2
18190.8
18334.0
18383.4
18786.3
18906.3
18984.3
19330.4
19330.5
19517.0
19632.3
19757.4
20035.6
20131.0
20168.7
20271.1
20302.3
20732.3
20750.7
20891.7
21124.3
21172.2
21495.0
21617.7
21621.0
22327.4
22338.6
22421.6
22573.4
