457.8
539.1
665.7
849.0
1468.6
1764.4
1854.8
2103.4
2118.2
2230.4
2385.6
2601.1
2958.5
2987.9
3017.0
3040.9
3058.2
3208.1
3409.3
3413.6
3527.5
3970.1
4493.0
4608.4
5131.4
5359.6
5470.8
5717.2
5795.9
5824.9
5873.8
6039.9
6075.8
6224.6
6277.8
6765.7
7020.2
7111.7
7675.1
7680.4
7809.6
8467.2
8548.5
9167.1
10011.8
10348.7
10366.0
10536.5
10652.0
10969.0
11144.6
11360.9
11521.0
11588.7
11705.1
11821.1
11883.8
11939.4
12041.4
12580.3
12644.5
12774.3
12784.8
12820.5
13280.5
13496.1
13505.8
13873.5
14025.8
14398.3
14484.6
14586.5
14673.7
14739.7
14876.4
15055.3
15080.4
15303.2
15426.2
15472.3
15717.3
15769.7
15845.5
15940.1
16103.3
16135.2
16150.7
16509.1
16632.3
17112.8
17535.8
17655.6
18153.9
18363.0
18380.4
18783.5
18906.2
18920.2
18936.5
19075.9
19227.7
19387.4
19508.7
19693.4
19840.4
20013.2
20086.9
20421.6
20639.1
20763.4
21061.7
21114.8
21304.2
21544.8
21685.6
22127.0
22137.5
22189.4
22330.0
22587.7
