60.8
67.7
147.5
234.1
533.1
999.2
1791.5
1868.3
1952.8
2004.9
2133.1
3477.2
3998.6
4131.8
4158.9
4246.8
4314.1
5190.6
5887.6
5979.3
6175.9
6644.6
6825.1
7493.5
7916.4
8518.8
8522.5
8712.8
9048.0
9258.1
9411.5
9492.8
9883.6
10118.0
10142.4
10148.2
10455.8
10504.6
10594.9
10701.6
11102.9
11323.5
11572.2
11714.2
11956.4
12172.1
12234.8
12714.0
12755.8
13148.1
13165.2
13522.0
14111.5
14194.2
14198.7
14683.5
14718.5
14966.9
15002.7
15111.4
15736.7
15844.0
15928.8
16037.5
16144.2
16648.6
16952.8
17071.2
17075.7
17121.9
17328.4
17487.3
17554.0
17784.1
18491.4
18723.4
18844.9
19199.0
19705.0
20258.0
20420.0
20465.4
20837.8
21048.8
21210.7
21345.7
21363.4
21453.5
21708.7
21737.0
21954.1
22393.8
22454.6
22847.7
