139.4
250.1
451.3
514.6
518.5
656.8
966.3
1004.3
1224.3
1376.0
1456.7
1515.7
1544.3
1710.6
1784.2
1882.8
2117.7
2135.1
2304.4
2363.6
2464.9
2702.3
3056.7
3192.3
3298.3
3369.9
3626.4
4118.2
4627.9
4645.7
4661.6
5331.4
5402.8
5581.2
5705.7
5781.1
5906.9
6029.4
6580.3
6603.9
6761.4
7156.2
7349.8
7410.9
7663.5
7773.0
8461.0
8480.4
8502.1
8767.2
9264.9
9396.5
9439.9
9604.9
9734.4
10092.2
10175.2
10270.9
10280.7
11154.0
11561.0
11773.4
12321.4
12657.5
13770.4
13849.5
14145.8
14223.0
14304.2
14466.6
14640.9
14731.1
15635.6
15683.6
15949.9
15997.1
16200.8
16204.6
16482.2
16704.8
16720.5
17029.2
17126.1
17367.0
17414.7
17837.0
18186.4
18964.6
19065.9
19451.9
19570.9
19744.8
19806.1
19809.2
19834.0
19963.3
19992.5
20084.1
20206.0
20210.7
20241.9
20281.3
20519.0
21681.1
21918.3
22021.7
22034.8
22146.1
22159.7
22345.8
22394.5
22655.4
22732.8
22829.6
22831.8
