481.7
973.0
1053.8
1364.0
1425.4
1436.8
1560.1
1601.3
1718.2
1733.0
1996.1
2052.0
2119.5
2184.9
2192.4
2222.4
2455.3
2495.4
2570.6
2579.5
2597.0
2848.8
3108.3
3344.8
3419.7
3461.6
3463.2
3928.3
4069.0
4249.5
4359.4
4695.2
4759.0
5078.1
5704.7
5987.2
6050.8
6281.7
6315.2
6421.9
6468.5
7637.9
8461.5
8497.1
8614.1
8738.1
8846.8
9131.5
9250.2
9662.8
10029.2
10920.7
11157.3
11160.3
11189.6
11676.3
12285.8
12982.6
13271.8
13556.6
13626.5
13720.6
13840.8
13847.1
13895.7
14245.8
14438.9
14563.9
14733.9
14991.8
15037.8
15044.0
15496.7
15752.6
15858.0
15906.4
15954.9
16300.4
16346.4
16413.1
16505.2
16596.9
16620.3
16623.1
16694.4
17344.3
17669.2
17962.1
18014.4
18216.1
18518.3
18728.9
19850.7
20205.2
20359.7
20527.2
20582.0
20934.1
21008.4
21061.7
21371.1
21394.7
22323.7
22411.2
22473.5
22712.3
22730.8
