47.7
393.0
462.6
622.5
1362.5
1736.2
1741.8
2011.9
2015.4
2491.8
2978.6
3059.0
3190.4
3414.7
3514.3
3733.3
3794.3
3801.1
4262.0
4482.6
4500.5
4748.8
4783.5
4866.3
5117.1
5200.2
5647.6
5764.8
5867.6
6101.0
6168.6
6180.7
6445.8
6488.7
6512.5
6701.3
6835.0
7000.7
7209.7
7293.4
7820.8
7997.7
8145.0
9574.7
9624.9
9669.7
9687.1
9785.2
10019.4
10190.0
10455.3
10713.2
10927.8
10969.1
10985.8
11053.8
11267.6
11799.3
12303.6
12345.5
12567.3
13346.0
13466.1
14046.6
14342.6
14692.6
14769.0
15142.7
15191.3
15441.5
15699.7
16248.1
16249.0
16385.2
16660.3
16983.4
17209.1
17306.2
17561.0
18041.5
18168.7
18680.3
18761.5
18770.2
19001.4
19008.7
20124.5
20293.4
20668.6
20835.3
20844.1
21085.1
21169.1
21229.9
21302.5
21502.4
21876.4
21919.2
21928.0
21954.4
22018.0
