52.4
186.7
578.8
581.5
592.6
877.5
1044.1
1214.8
1282.1
2350.2
2419.0
2560.7
2817.5
2847.0
2868.0
3305.6
3394.7
3404.1
3537.2
3850.4
4259.8
4332.4
4417.3
4861.8
5011.6
5022.6
5101.5
5128.3
5878.4
6179.5
6254.0
6531.3
6578.9
6628.6
6675.1
7189.6
7440.5
7469.5
7474.8
7491.0
7817.2
7862.0
7917.0
8069.1
8104.7
8162.7
8837.2
9085.8
9480.4
9613.5
9726.9
9804.0
10132.9
10317.2
10841.2
10869.3
10909.5
10967.2
10977.2
12568.0
12740.5
12966.2
12996.5
13168.3
13729.0
13967.3
14324.7
14403.0
14526.6
14531.3
14952.4
14961.2
15574.9
15711.1
15908.8
15946.7
16049.4
16237.4
16898.5
17054.0
17153.9
17617.4
17720.9
17741.0
17763.8
17812.1
18091.3
18102.5
18139.2
18339.8
18604.9
18669.7
18809.4
19205.1
19531.1
19872.7
20447.8
20610.5
20797.3
20836.5
20847.4
20868.0
21029.6
21066.7
21427.4
21540.8
21638.8
22209.4
22210.5
22553.7
22664.8
