302.5
726.8
736.7
761.5
1010.8
1288.5
1373.8
1448.7
1649.1
1818.0
1949.0
2022.0
2458.8
2581.4
2691.7
2785.3
3030.0
3086.9
3146.6
3222.0
3748.0
3801.2
3818.3
4149.7
4504.4
5040.6
5051.7
5262.6
5424.3
5650.6
5671.2
5930.6
6328.1
6437.2
6738.8
7198.0
7201.7
7714.2
7937.1
8628.7
9662.7
9822.4
9964.1
10003.4
10170.3
10403.3
10456.8
10738.0
10755.2
10870.9
10875.0
10880.9
11196.8
11303.3
11320.2
11479.3
11900.5
12039.0
12069.9
12350.4
12539.5
12564.8
12587.7
12605.0
12667.7
12792.4
12868.5
12955.2
13163.2
13327.8
13395.8
13772.3
14120.3
14139.5
14221.3
14305.2
14403.1
14875.1
15972.0
16041.2
16074.2
16179.8
16227.3
16291.2
16827.4
16925.8
16979.4
17071.0
17095.0
17292.0
17708.4
17794.9
18140.3
18195.9
18338.8
18549.1
18798.2
19279.2
19324.7
19472.2
19588.8
19818.7
19940.2
20092.4
20110.4
20283.5
20442.4
20454.7
20541.6
20547.1
20563.5
20594.5
20927.3
21064.2
21082.0
21224.9
21330.8
21731.3
21792.9
21865.5
21869.7
21887.6
22283.9
22322.8
22532.1
22689.4
22706.7
