143.5
455.3
754.6
809.1
815.9
895.9
908.7
912.2
1078.5
1091.2
1226.1
1782.1
1793.8
1802.1
1835.0
1844.6
1892.8
1920.3
2033.6
2131.3
2263.9
2356.7
2424.6
2722.9
3154.7
3240.2
3419.3
3526.2
3877.1
4215.7
4383.3
4402.5
4774.1
5515.8
5579.4
5838.1
6064.6
6450.4
6960.2
7802.6
7930.0
7972.2
7974.0
8271.5
8464.5
8621.3
9550.3
9567.9
9585.2
9872.4
9877.1
9918.2
10270.3
10316.2
10421.8
10515.2
10518.7
10971.2
11009.4
11339.5
11524.0
11819.9
12101.9
12166.8
12388.8
12534.3
12757.7
12883.9
12946.0
13085.8
13132.8
13173.5
13276.9
13485.8
13673.4
13716.9
13732.3
13856.2
14002.8
14133.5
14367.9
14378.0
14475.6
14596.9
14713.3
15288.5
15306.6
15493.4
15530.4
16096.3
16140.1
16154.5
16155.6
16385.9
16660.5
16871.3
16883.2
17000.7
17144.7
17377.8
17809.6
18597.3
18631.1
18740.2
18905.0
19002.0
19162.9
19192.9
19384.6
19516.0
19632.7
19640.5
19710.8
19758.0
19866.9
19888.6
20356.4
20494.8
20573.6
21303.6
21349.9
21417.1
21698.2
21713.9
21817.1
22209.4
22752.7
22921.8
22992.6
