72.5
298.8
933.2
938.6
1167.9
1191.2
1198.7
1528.8
1539.2
1723.4
1921.8
1942.4
2231.3
2282.3
2466.4
2474.2
3113.6
3149.1
3385.5
3607.9
3944.6
3994.0
4054.1
4566.2
4592.0
5427.6
5545.1
5787.3
6060.6
6118.9
6252.2
6290.9
6291.7
6310.5
6469.9
6641.1
6940.9
7593.0
8020.6
8465.3
8908.5
9256.0
9333.3
9381.7
9571.3
9623.6
9885.6
9919.5
10072.0
10106.5
10113.7
10482.7
10623.9
10865.4
10898.2
10942.3
11040.4
11106.2
11228.7
11337.0
11389.5
11503.1
11690.4
11810.5
12324.8
12447.1
12582.0
12921.7
13146.5
13215.7
13283.4
13593.8
13766.0
14178.4
14376.3
14607.5
14820.4
14888.7
14995.0
15369.6
15591.6
15638.2
15859.9
15888.3
16243.9
16540.2
16578.7
16771.5
17053.0
17290.1
17306.1
18136.2
18205.6
18273.1
18482.5
18555.1
18654.6
18712.5
19243.2
19383.2
19402.8
19507.6
19750.6
19880.3
19974.8
20137.8
20274.5
20461.3
20818.7
20889.9
21229.3
21326.0
21399.0
21588.0
21730.5
21741.9
21979.9
22012.3
22025.6
22609.7
22613.9
22846.6
22948.5
