272.1
529.0
826.0
860.8
998.9
1161.9
1864.6
2341.3
2344.8
2410.4
2587.2
2610.7
2728.2
3170.1
3181.2
3211.6
3984.1
4120.2
4330.8
4433.8
4704.3
4706.0
4742.2
5011.0
5338.8
5379.3
5471.2
5474.3
5493.3
5949.3
6306.8
6464.1
6547.3
6673.1
7375.7
7788.3
7901.7
7993.3
8070.4
8559.2
8817.6
9221.0
9396.7
9481.5
9837.1
10265.5
10560.3
10668.1
10678.4
10787.3
11045.8
11068.0
11546.4
11820.3
11990.3
12013.3
12054.6
12058.9
12236.1
12410.2
12525.3
12837.1
12903.7
12980.5
13001.8
13254.5
13326.5
13380.1
13842.0
14465.3
14548.4
14735.3
14784.3
14792.4
15016.9
15028.8
15072.7
15115.5
15484.0
15545.4
15660.7
15724.8
15783.2
16036.5
16210.3
16336.4
16703.4
16818.6
16891.8
16952.4
17506.6
18019.8
18324.3
18556.4
18937.2
19042.2
19104.1
19335.0
19515.3
19555.0
19744.4
19760.2
19921.6
19955.6
20313.8
20589.5
21145.1
21145.6
21170.1
21749.2
22446.8
22681.0
22905.6
