5.0
121.2
440.1
459.2
730.4
1106.8
1115.1
1423.1
1518.6
1531.3
1839.3
1901.8
2114.3
2269.3
2281.9
2355.8
2486.6
2689.7
2774.6
3024.4
3135.5
3677.9
3918.0
4176.0
4305.7
4604.7
4645.6
4814.1
5026.1
5038.4
5291.3
5345.3
5828.6
5912.7
6021.3
6056.8
6171.5
6221.7
6228.8
6388.9
6683.9
6882.9
7039.0
7103.6
7409.0
8816.6
8840.4
9258.7
9341.9
9600.7
9820.5
10209.8
10248.9
10762.0
10988.1
11023.5
11025.5
11076.5
11090.1
11339.5
11478.2
11830.4
11872.6
11873.7
12275.8
13161.4
13283.3
13336.1
13661.9
13678.2
13813.3
14249.8
14445.7
14546.4
14641.1
15406.0
15595.9
15757.3
15977.5
16680.7
17139.1
17544.8
17824.4
17827.9
18044.2
18074.1
18260.8
18341.6
18607.4
18637.7
18660.9
18748.5
19527.6
19747.3
19805.4
19851.0
20458.1
20472.8
20941.2
21029.8
21120.2
21504.3
21669.2
21933.2
22047.4
22492.2
22499.1
22708.2
22714.5
22803.7
22994.4
