84.9
175.3
234.5
899.6
917.7
1264.1
1300.6
1570.6
1630.3
1652.8
1725.6
1987.3
2084.7
2181.6
2259.2
2396.8
2549.4
3103.2
3293.5
3588.9
3742.2
3816.3
4446.3
4584.9
4612.7
4841.0
5049.1
5146.4
5505.9
6000.9
6772.3
6814.9
6860.7
7199.8
7326.7
7486.2
7488.0
8133.7
8512.6
8562.2
8599.5
8682.2
8946.2
8988.0
9061.2
9089.7
9179.0
9295.5
9357.9
9389.5
9930.8
10061.3
10191.7
10636.0
10813.3
10907.7
11173.4
11261.7
11312.5
11399.0
11417.3
11468.9
11573.8
11597.1
11665.0
11944.6
12204.0
12672.8
12876.8
13389.1
13844.4
14123.1
14203.7
14244.8
14515.0
14739.3
14966.0
15093.0
15267.6
15295.0
15384.7
15619.6
15991.5
16044.9
16188.9
16286.2
16494.9
16671.7
16882.3
16884.7
16949.6
17071.1
17133.7
17366.2
17728.8
18245.1
18534.9
18825.2
19006.0
19267.5
19298.9
19338.5
19693.5
19749.7
19858.8
20036.9
20491.1
20538.3
20592.3
20658.3
20694.4
20796.2
20849.6
21115.2
21974.0
22000.0
22393.2
22775.7
22805.0
