180.2
309.9
841.3
1182.8
1206.2
1342.8
1731.7
1909.8
1993.1
2032.4
2131.2
2133.1
2372.3
2554.9
2633.4
2702.7
2719.0
2792.2
2972.7
2972.8
3046.1
3310.0
3365.8
3389.2
4069.6
4433.4
4773.5
4932.1
4943.3
4972.4
4982.9
5119.7
5188.9
5377.1
5688.6
5689.2
5928.3
5968.4
5988.2
5989.7
6559.8
6859.3
6882.4
7146.6
7330.1
7785.4
7852.9
7987.5
8069.4
8506.1
8566.5
8583.6
8690.4
8812.6
8994.4
9037.2
9144.8
9351.7
9390.6
9582.3
9642.7
9693.3
9744.9
9753.3
9963.2
9974.2
9978.7
10224.7
10471.6
10887.0
10978.0
11024.3
11078.4
11082.4
12035.7
12055.1
12530.8
12731.0
12952.4
12964.2
13013.6
13156.2
13375.3
13436.0
14440.8
14589.2
14718.0
14776.4
15204.1
15352.6
15905.7
16023.6
16101.3
16180.7
16309.3
16327.0
16507.0
16840.7
16898.3
17156.4
17179.5
17461.9
17780.5
17870.5
18094.5
18651.8
18687.7
18794.2
19064.1
19121.2
19131.4
19147.0
19230.5
19487.0
21055.6
21240.8
21378.5
21424.6
21732.3
21787.4
21927.8
21993.9
22421.6
22521.4
22576.3
22694.8
22847.3
