75.8
137.4
154.4
244.9
365.2
399.2
477.6
760.1
1238.7
1326.7
1829.0
1835.7
1903.8
2223.7
2279.4
2437.2
2752.1
2783.1
2806.0
2818.3
3695.0
3716.1
4009.7
4014.7
4156.4
4453.1
4677.2
4906.8
4911.0
4950.9
5062.4
5500.0
5632.0
5729.6
5845.4
6000.1
6303.2
6466.1
6729.0
7466.7
8004.6
8070.9
8079.1
8210.9
8440.8
9018.2
9435.6
10136.4
10160.1
10236.9
10297.4
10810.7
10971.4
11076.7
11293.0
11344.2
11644.5
12115.5
12647.8
12974.5
13071.2
13140.2
13584.6
13597.1
13693.0
13882.2
13989.0
14183.2
14954.3
15005.6
15531.8
15641.8
15650.8
15732.9
15765.7
15940.9
16196.5
16205.6
16818.4
16884.8
17058.0
17299.7
17669.5
18048.1
18890.6
19043.5
19422.3
19732.5
20083.7
20642.4
20670.3
20696.8
20935.7
21144.3
21197.3
21387.4
22202.0
22430.5
22697.8
22707.6
22946.8
