314.0
710.0
912.7
982.6
2468.2
2471.4
2472.2
2916.0
3091.4
3488.2
3586.8
4205.5
4271.0
4364.2
4470.5
4875.5
5059.8
5441.4
6009.0
6012.5
6447.4
6606.3
7064.5
7277.3
7521.6
9173.1
9248.9
9265.3
9633.2
9948.1
10149.9
10163.9
10292.6
10544.4
10631.4
10672.6
10800.8
10869.3
10927.2
11177.8
11683.9
11694.0
11776.2
12088.8
12270.9
12672.5
12974.2
13217.4
13353.7
13356.2
13432.8
13789.7
14137.0
14240.8
14527.8
14783.8
15265.9
15356.5
15626.0
16202.3
16210.2
16277.4
16418.8
16474.7
16729.5
16735.2
16816.1
17165.0
17211.0
17387.1
17635.7
17986.0
18335.8
18434.1
18780.5
18916.3
18917.2
18997.4
19011.9
19116.2
19180.8
19184.1
19196.9
19214.2
19631.5
20193.2
20223.3
20334.2
21479.8
22019.4
22476.9
22768.0
22880.3
22890.0
22926.8
