562.0
573.5
750.5
1001.0
1060.0
1279.0
1485.4
1820.0
1976.7
2170.8
2350.7
2360.3
2755.5
2965.8
3158.3
3463.4
3573.2
3594.5
3628.2
4213.4
4428.0
4576.3
4590.1
4593.6
4689.9
5270.4
5325.4
5507.2
5779.6
5848.0
6033.2
6536.4
7261.5
7265.6
7512.5
7685.3
7906.9
7931.3
8061.7
8069.2
8132.6
8285.2
8321.4
8398.5
8465.4
8870.1
9286.1
9530.3
9880.7
9899.2
10008.8
10043.0
10571.1
10737.6
10861.5
11127.3
11137.6
11143.3
11170.3
11884.5
12256.4
12471.4
12788.6
12811.8
13179.0
13785.7
13805.8
13916.0
14156.2
14389.3
14498.1
14606.0
14872.0
14917.3
15324.4
15478.0
15576.0
15802.8
15847.1
16036.8
16161.5
16481.8
16723.9
16964.5
17133.6
17264.4
17819.0
17932.5
18088.5
18234.3
18237.8
18294.7
18403.8
18657.3
18767.0
19092.4
19208.9
19263.1
20109.4
20126.5
20236.8
20460.2
20799.2
20926.6
21019.8
21070.5
21087.8
21098.4
21413.7
21582.1
21658.1
21813.3
22077.0
22928.9
22976.7
