38.8
686.3
1377.2
1404.8
1453.5
1675.6
1726.5
1750.4
2233.2
2280.5
2291.2
2766.5
2916.8
2923.4
3029.0
3089.5
3561.0
4242.3
4309.9
4476.3
4477.1
4590.3
4609.6
4678.3
4868.4
5436.6
5772.3
5865.5
5871.7
6030.8
6400.8
6803.1
6844.2
6852.6
6859.7
6935.5
7236.1
7319.8
7409.1
7799.8
8367.6
8450.0
8451.3
8637.5
8878.3
8903.6
8942.4
9821.4
10050.7
10334.3
10751.4
11112.3
11186.4
11264.7
11840.9
11843.1
12043.2
12051.4
12258.9
12319.5
12803.5
12969.7
12983.4
13431.2
13940.3
14272.7
14287.6
14294.7
14738.5
14873.7
14994.9
15518.0
15741.3
15902.5
16018.2
16025.5
16221.6
16389.2
16612.8
16683.7
16717.1
16888.9
16928.1
16988.6
17362.5
17404.6
17450.6
17500.0
17670.0
17876.6
18214.7
18879.4
18927.0
19216.1
19717.2
20104.9
20400.7
20530.6
20652.7
20732.0
20989.5
21108.6
22121.0
22136.6
22230.6
22352.1
22417.8
22470.7
