204.2
298.8
665.4
680.0
811.2
1242.7
2381.0
2566.7
2590.7
2622.9
3009.3
3185.3
3709.0
3730.2
3754.0
4079.1
4389.1
4965.6
4992.9
5158.2
5544.2
5706.8
5861.6
5999.2
6124.7
6305.3
6456.0
6644.0
6692.8
6832.4
7147.0
8140.9
8328.8
8383.3
8411.2
8914.4
9144.7
9189.8
9691.1
9786.2
9845.7
9906.9
10253.9
10434.5
10602.4
10805.7
10952.8
11240.9
11798.2
12121.0
12374.9
12693.9
12775.3
12923.6
13189.6
13194.7
13272.9
13282.4
13286.4
13320.9
13514.7
13734.9
13782.0
13828.3
14049.2
14087.6
14721.0
14862.1
15069.8
15185.5
15243.8
15366.4
15370.2
15724.4
15740.7
15833.0
16291.6
16384.7
16405.0
16412.1
16517.9
16562.8
16915.8
17223.0
17343.0
17481.7
17719.4
18037.3
18072.7
18167.1
18529.2
18806.5
18907.8
19131.2
19372.9
19469.1
19701.2
19719.7
19957.2
19982.5
20031.3
20061.1
20736.6
20929.4
20992.7
21025.1
21095.5
21101.5
21271.1
21421.4
21751.2
21783.7
22163.8
22167.2
22493.6
22657.0
