464.2
586.4
1130.5
1282.3
1475.8
1665.6
2696.6
2713.7
2768.6
2817.6
3079.1
3157.9
3219.8
3351.2
3483.8
3579.8
3582.9
3936.9
4190.2
4252.4
4712.0
5071.5
5651.1
5828.8
5946.9
6019.4
6040.3
6048.2
6129.3
6217.6
6408.0
6477.2
6578.3
6730.2
6996.2
7131.3
7229.1
8300.4
8415.8
9462.9
9469.8
9607.4
9888.4
10367.6
10391.7
10472.5
10577.5
10632.1
10739.4
11080.8
12454.0
12492.5
12509.7
12533.0
13512.5
13522.5
13693.5
13756.5
13924.5
14236.4
14237.6
14432.6
14455.0
14654.7
14682.5
14808.4
14873.0
14906.5
15068.6
15215.9
15458.4
15661.3
15666.4
15748.7
15974.3
16850.4
17070.8
17343.4
18121.7
18125.1
18244.2
18432.1
18516.9
18626.6
18958.4
19201.1
19234.1
19338.2
19408.5
19547.4
19552.6
19874.4
19915.5
20113.7
20153.9
20155.3
20404.1
20499.7
20795.9
20888.2
21431.5
22068.7
22453.1
22453.4
22565.3
22795.4
22816.1
22831.8
22914.0
