12.1
129.0
264.7
624.5
660.5
740.3
863.2
908.9
921.2
952.0
952.7
1453.5
2082.1
2228.4
2858.9
3014.9
3144.4
3372.4
3747.6
3856.3
3880.0
4272.3
4309.7
4541.0
4907.6
5409.3
5745.5
5844.8
6378.6
6614.5
6798.8
7075.3
7156.4
7281.7
7440.9
8177.7
8269.5
8699.3
8822.2
8829.4
9064.0
9265.6
9295.0
9403.9
9412.0
9943.1
10094.1
10445.1
10677.0
10876.3
10959.0
10978.0
11558.9
11798.8
11884.7
12178.2
12367.8
12517.9
13377.4
13725.1
13872.7
14093.0
14113.2
14151.7
14646.3
14872.3
15067.5
15227.1
15305.3
15744.4
15874.3
15966.8
16046.5
16102.0
16697.3
16780.3
16810.7
17143.8
17226.3
17344.8
17405.9
17661.6
17746.5
18155.2
18169.7
18199.3
18372.3
18565.6
18801.5
18890.6
18905.6
18991.0
19017.1
19051.6
19160.7
19586.8
20714.6
20723.5
21001.4
21271.1
21405.7
22216.7
22546.5
22550.7
