729.0
794.1
889.7
949.2
1105.2
1138.3
1511.1
1619.3
2134.1
2159.0
2176.7
2347.1
2692.7
2896.0
3136.3
3370.7
3587.4
3855.2
4012.8
5340.5
5545.8
5730.8
5763.1
6295.4
6316.1
6356.9
6370.9
6414.3
6584.7
7303.3
7544.0
7618.4
7646.0
7720.8
7809.4
8093.5
8285.2
8976.7
9148.2
9199.1
9288.8
9398.4
9481.2
9497.0
10176.6
10252.7
10266.8
10340.8
10502.9
10558.7
10977.0
11049.4
11147.1
11206.4
11821.6
11847.2
11874.2
11932.2
12012.6
12326.8
12799.6
13144.9
13554.3
13800.0
14162.3
14976.8
15233.7
15266.7
15339.0
15377.6
15490.6
15505.3
15506.4
15597.3
15659.0
15890.8
16074.7
16283.3
16608.6
16840.3
17004.2
17180.8
17464.0
18638.0
18661.5
18674.7
18730.4
18739.1
18792.4
18904.4
18921.7
18972.6
19039.6
19078.4
19128.6
19595.3
19705.2
20373.3
20381.6
20475.6
20493.1
20705.5
20721.4
20920.7
20922.5
21061.3
21080.8
21150.9
21173.7
21426.3
21607.4
21735.2
22091.8
22102.5
22305.2
22785.5
22792.9
22935.5
