15.3
289.5
687.5
966.2
999.9
1113.9
1258.7
1364.3
1388.9
1571.5
2174.6
2254.4
2434.2
2470.9
2543.1
2765.8
3155.4
3755.5
3969.1
3969.9
4286.1
4329.8
4343.1
4400.5
4467.0
4550.4
4671.9
4737.2
4984.1
5074.6
5204.8
6195.7
6414.6
6849.4
7234.3
7583.3
8473.4
8536.5
8688.4
8801.6
9029.3
9082.5
9490.2
9496.2
9807.1
9864.2
10031.4
10119.5
10192.6
10242.0
10378.2
10490.9
10715.4
10804.1
10823.3
11003.9
11048.3
11188.0
11343.8
11420.2
11754.0
11968.7
12270.1
12375.4
12388.1
12435.8
12575.4
12718.0
12923.8
13004.3
13018.5
13032.5
13076.6
13132.0
13233.3
13255.6
13340.8
13341.1
13441.6
13472.2
13508.4
13631.9
13801.6
13859.0
13984.3
14125.2
14364.7
14704.2
14771.2
15157.1
15424.9
15430.7
15687.3
15854.0
15972.9
16533.8
16537.6
16839.1
16917.5
17313.3
17327.4
17333.4
17591.1
18004.5
18006.3
18100.8
18596.0
18642.0
18646.5
19084.5
19093.7
19409.7
19474.1
19561.1
20004.8
20297.8
20309.2
20531.0
20789.6
20848.2
20850.4
20965.2
20967.5
21070.3
21122.9
21774.8
21775.6
21979.4
22001.0
22429.8
22450.1
22647.7
