1639.0
1816.5
2048.1
2447.2
2548.7
2673.7
2816.8
2826.7
2882.0
3007.3
3214.3
3241.2
3550.3
3586.7
3723.6
3761.6
3989.7
4023.5
4245.2
4262.7
4359.5
4558.7
4764.0
4955.0
4996.6
5220.4
5487.3
5679.2
5715.8
5952.0
6119.1
6137.9
6342.9
6967.6
7349.0
7388.9
7416.8
7488.6
7594.5
7718.1
7725.0
7810.9
7893.1
8177.5
8290.6
8536.8
8749.6
9311.0
9428.7
9822.9
9860.3
9879.3
10062.8
10494.3
10960.8
10962.8
11016.3
11490.8
11565.0
11844.6
11965.2
12026.5
12158.7
12391.9
12525.7
12545.8
12989.8
13086.5
13270.9
13326.7
13457.0
13460.7
13505.9
13588.4
13802.4
13946.9
13989.8
14353.4
14583.9
14615.4
14836.5
15751.1
15797.8
15807.5
15962.3
16059.4
16096.4
16235.2
16327.4
16444.1
16948.8
17010.8
17311.8
17329.8
17365.4
17815.8
17928.9
18348.5
18939.5
19510.7
19638.1
19651.6
19806.9
19813.3
19901.1
19994.0
20121.1
20213.6
20347.0
20439.4
20512.9
20779.9
20826.6
21300.1
21848.0
22109.3
22164.9
22206.5
22404.4
22605.0
