202.8
623.5
823.9
884.8
1045.9
1355.9
1487.2
1842.6
1860.6
1898.7
1999.9
2119.9
2504.7
2529.3
2576.2
2713.0
2941.2
2948.4
3006.0
3450.4
3602.8
3945.7
4079.3
4551.8
4850.0
5044.2
5267.1
5584.4
5675.8
6187.0
6320.5
6408.7
6475.8
6673.3
6690.1
6749.2
6994.4
7328.1
7588.7
8140.1
8563.9
8705.5
8771.4
8846.3
8957.9
9194.0
9341.4
9464.9
9774.1
9975.1
10507.1
10567.5
10576.5
10737.2
10741.6
10755.1
11065.5
11312.6
11340.1
11352.2
11692.3
11852.8
12083.3
12123.8
12380.5
12696.4
12697.4
12719.7
12990.7
13068.8
13417.2
13528.0
13629.5
14128.7
14577.1
14627.8
14866.1
14986.3
15019.7
15047.4
15086.9
15442.9
15760.5
15784.5
16066.9
16229.4
16656.5
16680.0
16716.7
16769.0
17114.8
17420.4
17451.7
17455.3
18056.6
18437.3
18890.3
19039.1
19041.1
19469.7
19514.2
19681.6
19814.7
19869.2
19989.1
20451.0
20706.6
20890.7
21071.1
21353.6
21376.3
21444.8
21972.6
21979.3
22335.7
22797.6
22880.5
