182.7
476.1
732.7
977.8
1096.7
1337.3
1380.8
1452.1
1601.7
1795.8
1947.5
1989.0
2182.5
2377.5
2812.4
3472.8
3583.1
3673.6
3820.1
3981.7
4100.6
4358.5
4727.4
5313.0
5321.2
5507.3
5686.1
5844.2
5884.2
5968.8
6057.0
6646.7
6752.5
6909.1
6979.9
7323.0
7966.2
7997.0
8066.0
8181.0
8202.0
9069.3
10443.9
10663.6
10977.0
11306.8
11428.0
11593.2
11703.6
11805.9
11974.4
12346.2
12469.4
12652.7
12881.8
12971.2
13043.2
13347.3
13535.0
13758.7
13863.9
13990.1
13996.2
14371.4
14396.2
14474.8
14557.1
14929.4
15190.6
15274.0
15697.2
15791.2
16072.4
16123.8
16604.6
16631.8
16856.3
16982.5
17025.3
17076.2
17241.9
17388.7
17405.1
18468.6
18615.1
19152.2
19179.9
19701.2
19724.8
19992.0
20039.9
20559.6
20607.5
21122.3
21280.1
21532.8
21733.4
22026.1
22132.5
22230.9
22497.5
22511.1
22651.3
22925.2
