153.0
385.0
559.2
568.2
799.7
916.2
1058.0
1144.8
1146.2
1409.7
1490.9
1976.4
2268.7
2302.9
3668.0
3947.1
4084.5
4336.2
4892.7
5319.3
5485.2
5571.8
5722.7
5923.3
5962.6
6485.5
6734.8
6764.7
7046.1
7066.0
7095.7
7193.2
7418.1
7643.3
8131.2
8417.4
8867.4
9452.4
9620.5
10680.8
10796.4
10876.9
11265.7
11386.9
11487.9
11638.4
11717.5
12135.2
12236.3
12390.1
12678.5
12708.8
12771.2
12899.5
12999.3
13177.4
13320.9
13443.2
13521.6
14372.9
15168.9
15278.0
15577.8
15890.5
16060.4
16132.8
16426.2
16746.4
16812.4
16834.4
16967.5
17176.9
17195.8
17278.8
17300.2
17345.2
17391.9
17582.2
17999.6
18006.7
18123.5
18138.0
18492.2
18563.3
18617.6
18964.0
19291.3
19750.2
19815.6
19989.8
19992.6
20034.7
20077.9
20664.3
20769.8
20911.3
21132.8
21218.2
21931.2
21989.7
22702.1
22702.9
