145.2
835.2
1058.5
1254.3
1360.0
1364.2
1622.4
2211.0
2325.7
2495.1
3227.9
3391.0
3402.4
3621.0
3697.6
3699.6
3704.9
3857.9
3874.0
4087.6
4338.3
4339.9
5049.6
5124.8
5238.9
5290.9
5328.7
5446.7
5490.0
5520.1
5611.0
5802.4
6035.1
6117.6
6219.6
6650.5
7230.9
7366.4
7412.6
7428.5
7663.9
8139.1
8183.3
8257.4
8309.6
8537.9
8697.8
8964.4
10260.9
10349.3
10518.1
10519.5
10659.9
10830.7
11187.5
11716.2
11923.2
11957.2
11966.8
12128.4
12134.5
12343.5
12421.0
12509.1
12607.8
12697.0
12751.4
12835.4
12973.8
13081.2
13412.4
13428.5
13457.2
13599.9
14152.3
14365.9
14911.1
15006.8
15172.1
15307.8
15691.9
15762.5
15829.7
16123.9
16156.7
16281.4
16325.0
16344.4
16480.7
16667.4
16849.2
16939.2
17388.9
17602.1
17743.0
17750.7
17851.1
17950.6
18238.5
18238.9
18240.0
18458.3
18546.3
18585.7
18663.3
18691.6
18807.5
18816.9
18910.2
18979.1
19492.9
19592.3
19677.3
19831.3
20025.9
20304.8
20450.7
20943.3
21586.2
21669.6
21810.4
21820.8
22134.1
22888.5
