13.0
35.5
233.6
909.9
945.6
1440.6
1456.9
1645.8
1738.0
2569.3
2618.1
2757.1
2791.5
2814.9
2869.9
2904.9
2977.5
3079.6
3185.0
3233.6
3475.2
3502.9
3684.2
3908.9
4100.1
4258.0
4327.5
4663.9
4668.2
4984.3
4992.5
5091.1
5300.5
5889.3
6362.8
6577.5
6827.2
6834.3
6857.7
6981.5
7018.5
7396.7
7485.4
7698.9
7991.9
8266.1
8452.2
8454.8
8593.4
8737.7
9057.5
9095.3
9101.2
9295.8
9446.5
10008.9
10051.3
10096.2
10294.2
11327.8
11746.3
11918.2
11919.9
12007.7
12069.7
12275.7
13015.9
13301.1
13436.8
13583.6
13590.9
13858.9
13923.1
14051.1
14428.3
14879.2
15048.8
15097.3
15728.7
15949.0
16335.8
17158.4
17412.2
17856.9
17934.7
18342.9
18451.2
18834.7
19354.9
20416.5
20479.9
20711.7
20790.6
20844.0
21497.4
22220.6
22327.1
22344.4
22411.4
22464.0
22493.2
22852.2
22919.2
22927.4
22945.6
22960.8
22998.9
