38.8
312.4
422.3
542.5
835.6
976.1
1179.0
1448.0
1726.4
1739.1
1755.3
1895.9
2001.9
2472.6
2871.9
2952.5
2959.8
3214.5
3518.9
3588.2
3673.4
3694.4
4001.3
4087.1
4280.5
4528.8
5975.9
6324.3
6367.1
6493.0
7150.2
7150.4
7603.3
7718.8
7791.6
8091.9
8129.6
8310.3
8642.7
8824.8
9170.8
9787.3
10262.6
10611.5
10713.6
11298.3
11395.4
11395.6
11411.0
11455.3
12067.8
12617.1
13037.9
13280.4
13335.0
13570.9
13872.0
14313.8
14576.5
14879.4
15141.4
15231.1
15321.7
15568.7
15577.4
15674.1
16311.0
16395.5
16447.4
16509.6
17257.7
17306.5
17327.4
17434.9
17486.8
17807.2
17865.7
18223.5
18252.6
18656.9
18657.1
18746.7
18750.1
18981.4
19310.0
19324.8
19336.5
19348.3
19470.4
19501.6
19514.2
19749.1
19826.5
20248.2
20379.8
20509.4
20830.2
20904.3
21061.6
21178.4
21275.1
21675.0
21732.8
21875.7
22122.5
22227.2
22268.2
22684.9
