140.0
159.3
751.0
1290.5
1318.6
1411.0
1791.0
1912.9
1924.3
2002.2
2037.7
2211.5
2542.2
2597.9
3554.5
4114.2
4143.5
4523.7
4561.8
4790.4
4910.0
5309.1
5320.4
6089.3
6255.9
6586.3
6709.9
6922.9
6945.6
7087.9
7448.3
7744.3
7947.1
8204.5
8372.4
8670.9
8779.3
9138.9
9589.4
9630.5
9648.4
9811.1
9884.2
9993.8
10360.4
10639.0
10969.8
11341.9
11562.5
11620.3
11837.9
12017.9
12107.0
12356.9
12435.5
12499.5
12620.1
12847.5
13038.4
13246.8
13810.2
13887.2
13932.3
14263.9
14276.5
14613.4
14710.3
14729.0
14866.5
15473.4
15483.3
15741.2
15795.0
15822.1
16234.5
16335.6
16476.1
16504.5
17275.4
17350.5
17390.6
17464.8
17600.0
18053.1
18066.7
18406.1
18426.9
18600.9
18629.6
18631.8
18668.1
19000.4
19381.8
19469.5
19582.4
19675.2
19739.4
19753.1
19825.4
20598.2
20826.4
20959.1
21676.5
22362.0
22714.0
22966.8
