595.9
971.1
998.9
1429.5
1519.0
1690.6
2174.3
2600.4
2662.1
2674.1
2746.1
2812.5
3460.9
3489.1
3494.2
3598.2
3716.5
4009.8
4582.1
4630.6
5249.4
5319.5
5519.3
5795.7
5833.6
6186.7
6211.7
6382.7
6403.2
6438.9
6697.1
6955.9
7082.1
7405.0
7419.8
7513.4
7592.9
7619.7
7673.9
7698.6
7717.4
7914.0
7931.9
8353.1
8551.4
9597.6
9985.1
10023.3
10782.7
11433.6
11584.8
11981.5
12259.3
12344.7
12911.3
12926.4
12996.4
13248.5
13251.0
13300.5
13608.4
13779.3
14229.2
14312.2
14363.9
14581.1
14642.8
14748.4
14782.0
14898.4
15118.9
15132.5
15133.6
15294.7
16141.5
16166.8
16267.2
16403.5
16680.3
16785.8
16897.3
16979.3
17023.1
17064.3
17261.4
17923.1
18059.9
18088.0
18505.7
18725.5
19051.5
19131.1
19735.1
20049.4
20326.3
20552.7
21030.5
21044.7
21415.0
21597.7
21925.2
22063.9
22162.8
22207.8
22434.2
22632.3
22915.0
