17.6
106.1
607.3
791.9
1082.8
1247.6
1396.5
1532.0
1749.4
1806.6
1989.1
2058.1
2284.5
2345.4
2569.8
2620.2
2727.3
2988.0
3059.9
3139.4
4294.1
4917.0
5055.1
5131.4
5177.1
5186.8
5479.4
5597.0
5775.9
6197.6
6246.9
6479.0
6717.6
6768.8
6836.2
6939.8
7271.2
7589.7
7935.4
7964.3
8027.4
8034.7
8395.1
8488.5
8574.1
8657.3
8915.8
9360.3
9542.4
10341.9
10365.3
10840.7
11208.5
11590.4
11682.8
11903.4
11916.6
12065.3
12128.3
12523.4
12658.6
12815.8
12915.0
13142.0
13250.8
13508.1
14187.8
14193.9
14331.7
14387.1
14459.8
14559.6
14836.3
14839.9
14956.1
15094.1
15764.2
15898.1
16096.8
16144.3
16319.5
16430.1
16709.9
16747.8
16790.0
16998.0
17277.8
17532.1
17623.2
17838.5
17887.0
18109.6
18514.0
18649.2
18822.3
18862.7
18966.2
19666.3
19783.6
19996.0
20416.7
20694.0
20864.2
20930.0
21265.2
21488.8
21709.5
21780.6
21782.8
21815.7
21823.2
21868.5
21941.8
22314.2
22513.0
22998.0
