12.0
130.2
199.3
704.5
984.2
1387.9
1911.8
1978.8
2187.5
2576.3
2906.6
3127.8
3447.5
3671.8
3990.5
4254.1
4290.4
4317.7
4332.3
4429.8
4721.7
5357.8
5397.7
5411.4
5417.7
5492.5
5819.9
6033.5
6111.3
6154.3
6363.5
6436.8
6466.0
6579.0
6733.1
7087.0
7367.9
7383.7
7489.6
7841.9
7939.9
7983.5
8087.3
8092.9
8093.0
9117.3
9159.4
9295.3
9327.9
9641.2
9829.4
9932.7
9981.3
10035.7
10037.5
10109.5
10126.2
10162.1
10601.0
10642.2
10695.0
11046.4
11089.1
11360.5
11542.4
11770.0
12260.0
12365.4
12454.1
12519.9
12557.6
12701.1
13031.1
13354.9
13532.3
13934.0
14056.7
14195.9
14526.2
14675.6
14910.7
15515.6
15731.0
15808.6
15866.7
15968.7
16074.4
16156.4
16291.4
16317.9
16392.7
16568.0
16961.5
17100.8
17180.9
17453.2
17555.9
17771.5
17795.0
17902.5
18055.7
18475.8
18570.0
18662.6
19120.3
19718.1
19731.8
20183.8
20300.1
20305.8
20718.3
20723.4
20738.7
21092.5
21376.0
21415.3
21418.4
21428.3
21615.7
21753.5
21767.8
22211.5
22503.4
22595.7
22729.5
22804.4
22858.7
