592.6
991.9
1089.5
1840.4
1953.1
2085.9
2301.2
2543.3
3312.2
3525.2
3917.9
4041.3
4356.4
4453.0
4584.5
4694.7
4710.1
5016.8
5181.9
5193.8
5288.4
5368.5
5370.5
5381.6
5516.9
5594.8
6106.3
6138.5
7408.5
7453.7
7997.1
8335.0
8428.0
8658.6
9071.3
9254.2
9289.6
9838.6
9999.3
10004.0
10173.8
10305.5
10486.8
11372.9
11420.2
11524.8
11664.0
11721.1
11752.1
11810.7
12495.3
12590.6
12591.0
12593.4
12739.3
12909.9
12990.0
13070.4
13310.0
13329.5
13589.8
13758.8
13854.7
13862.2
14568.7
14664.9
14700.8
15279.9
15399.2
15439.5
15647.1
15709.9
15765.9
15984.8
16085.7
16213.9
16244.0
17152.0
17762.4
17993.7
18073.3
18281.4
18291.4
18597.1
19180.9
19271.2
19278.3
19350.2
19370.8
19530.0
19544.3
19923.6
20206.3
20279.7
20470.6
20569.7
20783.4
20903.7
20977.9
21063.6
21177.4
21220.5
21251.3
21463.3
21481.2
21485.4
21856.4
22299.8
22593.4
22832.5
22864.8
22903.4
22920.0
22998.5
