341.9
555.1
712.3
1123.3
1424.1
1755.7
2288.2
2331.9
3042.8
3156.8
3377.1
3484.9
3499.5
4100.6
4166.8
4263.7
4345.0
4891.6
5104.2
5305.5
5545.5
5604.2
5852.9
5902.5
6131.8
6964.9
6982.5
7792.9
7831.9
7907.9
8115.9
8128.1
8141.6
8346.1
8418.7
8461.7
9093.7
9278.1
9564.7
9674.8
9714.5
9896.3
10080.7
11032.0
11152.9
11581.4
11779.3
11828.8
12030.8
12435.8
12561.4
12697.2
12873.4
12911.3
13031.8
13409.2
13838.2
14046.6
14186.4
14344.8
14390.2
14507.4
14659.8
14748.4
15366.0
15583.2
15794.9
15974.3
16063.3
16141.6
16370.3
16516.4
16723.1
17394.2
17505.9
17811.1
17865.7
18464.4
18695.4
18855.7
19263.8
19442.8
19455.2
19532.1
19546.5
19581.2
19670.7
19770.1
19907.7
20053.0
20103.0
20471.1
21028.6
21165.8
21186.2
22030.3
22106.4
22348.2
22416.0
22484.0
