72.0
277.0
463.7
626.3
946.4
1058.6
1306.9
1523.1
1694.5
1733.9
1842.1
1968.0
2032.5
2076.9
2547.6
2600.2
2610.4
2648.7
2680.0
2697.8
2807.1
2838.5
3580.8
3825.5
3832.4
3879.8
3975.9
4039.6
4274.6
4321.9
4342.0
4557.0
4738.0
5042.7
5148.4
5222.1
5254.2
5305.8
5436.1
5454.7
5606.2
6282.2
6366.4
6788.8
7286.1
7306.0
7313.9
7558.2
7821.8
7856.4
7865.6
7966.1
8077.7
8433.8
8651.0
8796.2
8824.8
8889.6
9243.2
9872.8
9890.1
9989.2
10016.3
10190.6
10611.2
10666.5
10748.1
10768.7
11094.4
11179.6
11230.5
11238.4
11360.0
11702.8
11763.0
11959.8
12760.6
12842.8
12944.4
12956.9
13104.4
13312.0
13325.3
13469.3
13906.2
14096.1
14300.7
14510.8
14528.3
14925.5
14962.7
15511.6
16303.6
16727.5
17014.4
17153.2
17508.9
17712.1
18449.4
18539.9
18666.2
18671.3
18824.5
18830.9
18865.1
18866.8
18927.1
18941.8
19851.5
19869.6
20215.7
20597.0
20784.9
21107.7
21218.5
21429.2
22044.7
22395.5
22494.7
22832.8
22896.4
