29.8
236.7
284.0
516.8
709.8
815.1
833.3
879.5
970.1
1131.5
1184.8
1352.7
1611.5
1797.6
1864.2
1913.8
2665.6
2700.6
2779.1
2858.0
2991.4
3188.5
3442.8
3499.2
3757.7
3807.0
3873.8
4185.7
4198.1
4308.4
4677.0
4881.3
5339.9
5640.7
5705.9
5874.0
6141.4
6293.1
6406.1
6514.8
6762.1
7147.5
7325.8
7412.9
7414.7
7561.0
7629.4
8014.6
8656.9
8706.2
9552.2
9850.3
10012.7
10208.1
10465.6
10551.6
10552.4
10706.4
10981.2
11159.0
12139.6
12185.1
12332.4
12349.6
12802.9
13083.2
13175.8
13284.1
13304.2
13325.7
13515.0
13803.4
13890.5
14048.6
14355.7
14421.1
14512.1
14545.8
14667.8
14765.8
15048.0
15800.4
15860.2
16076.6
16399.0
16583.7
16779.8
16912.2
17020.0
17111.6
17242.6
17367.3
17479.2
17697.7
17726.2
17881.3
18013.5
18193.4
18197.0
18198.8
18207.8
18275.8
18480.5
18669.8
18755.7
18901.0
19215.5
19618.9
19637.0
19682.3
20216.3
20447.8
20491.8
20509.6
20564.1
20783.6
20885.1
20955.1
21021.6
21088.4
21128.9
21179.6
22122.6
22623.8
22748.6
22888.1
