145.9
310.3
539.0
806.1
1193.2
1329.0
1393.7
1761.0
1862.1
1900.5
2257.1
2299.0
2585.2
2786.5
2872.0
2890.5
3098.2
3253.4
3464.2
3546.5
3752.5
4006.7
4055.2
4120.5
4144.8
4814.5
4856.4
5009.0
5390.1
5434.1
5710.4
5737.2
5893.8
5896.6
6321.8
6365.5
6431.6
6906.4
6926.8
6960.8
7049.9
7063.9
7404.1
7651.5
7777.2
7797.1
8181.3
8404.8
8803.6
9042.1
9051.7
9053.7
9340.6
9451.0
9598.5
9685.7
9911.0
10371.5
10441.4
10516.4
10537.9
10541.0
10765.0
10775.3
11152.1
11266.6
11372.8
11649.5
11764.4
12212.8
12250.6
12427.3
12515.7
12577.2
13316.1
13447.9
13506.4
14148.8
14150.5
14222.4
14260.7
14322.4
14487.7
14653.0
14903.1
15192.6
15208.5
15237.4
15580.7
15632.8
15772.3
15898.6
16153.2
16348.6
16612.4
16644.4
17085.7
17095.1
17310.0
17337.1
17562.8
17584.4
17747.9
17940.5
18210.8
18413.5
18628.4
18638.5
18961.1
19039.6
19284.6
19549.3
19762.6
19804.0
20341.8
20412.1
20479.6
20881.8
20885.8
20977.1
21092.4
21169.3
21531.3
21770.3
22271.2
22324.2
22473.9
22490.1
22650.6
22936.3
22950.8
22959.9
