27.7
344.2
585.8
721.6
989.2
1216.6
1375.0
1441.9
1535.2
1631.2
1857.8
2509.9
2539.5
2543.3
2733.0
2957.3
3224.7
3350.0
3491.1
3515.4
3574.9
3910.2
4063.1
4204.9
4273.9
4354.4
5214.4
5266.1
5600.4
5711.2
5838.7
5945.2
6111.4
6591.6
6889.2
6980.7
7089.9
7127.8
7404.8
7429.6
7524.8
7714.0
7725.3
7727.6
7797.7
7814.1
8219.5
8480.9
8719.7
8764.0
8824.6
8988.8
9724.8
10198.7
10598.5
10627.7
10648.7
10750.3
10755.3
10765.1
10785.1
10911.1
10970.9
11695.8
11823.0
11901.2
11958.6
11993.3
12230.2
12240.4
12260.6
12508.1
12574.0
12794.8
12956.6
13160.2
13328.8
13332.6
14206.5
14415.8
14420.3
15349.4
15430.7
15481.3
15764.5
15872.2
16005.6
16026.8
16278.3
16339.5
16365.5
16503.7
16545.8
16614.9
16724.7
16801.5
16870.7
17885.6
17958.6
18013.2
18140.8
19354.8
19865.5
19887.9
20344.9
20522.5
20734.4
20929.7
20945.1
21423.9
22156.2
22394.1
22829.3
22838.0
