142.3
644.1
697.8
950.3
992.1
1431.3
1513.8
1802.7
1908.3
1918.7
2778.0
2849.4
2974.5
3080.7
3283.1
3479.6
3579.5
3707.7
4222.6
4450.2
4868.7
5090.9
5790.1
5925.7
6003.2
6382.3
6876.1
6895.0
6899.1
7295.4
7641.8
7653.9
8086.2
8096.7
8431.1
9142.2
9156.7
9174.1
9192.8
9299.6
9345.6
9349.7
9383.2
9816.4
9843.9
9851.0
10381.1
10438.8
10669.5
10881.0
11450.5
11500.5
11597.8
11598.4
11739.9
11950.6
12112.7
12195.0
12423.8
12672.3
12856.3
13044.3
13117.2
13129.0
13215.8
13443.3
13577.1
13621.4
13656.6
13671.7
14319.5
14674.8
15045.4
15308.8
15770.3
16042.6
16326.4
16349.6
16667.8
16778.6
17002.9
17224.1
17811.4
17865.7
18200.2
18211.8
18267.9
18297.4
18609.5
18808.4
18980.7
18988.1
19317.1
19317.6
19682.9
19797.7
20236.1
21101.8
21282.2
21340.8
21387.5
21420.6
21665.1
21842.0
21867.0
22231.0
22278.2
22415.8
22488.5
