186.4
492.9
607.6
651.9
990.1
1256.3
1268.4
1402.5
1430.2
1930.5
1946.7
2182.4
2335.4
2763.4
2881.5
3040.3
3988.4
4177.5
4208.4
4232.7
4360.0
4515.9
4553.3
4770.7
5023.1
5112.4
5230.2
5232.2
5276.1
5385.1
5475.2
5520.2
5780.2
5784.3
6077.9
6576.0
6643.8
6654.5
6686.5
7023.4
7251.6
7280.2
7341.4
7577.3
7628.9
7886.0
8370.2
8483.6
8601.0
8662.3
8810.5
8890.1
9443.4
9599.9
9714.7
9729.6
9739.1
10356.5
10368.8
10541.3
10714.9
11046.7
11164.2
11487.1
11958.9
11964.9
12074.9
12476.4
12536.3
13334.7
13340.4
13348.7
13382.5
13406.3
13700.0
14233.5
14273.0
14725.2
14875.7
14938.6
14969.1
14996.4
15085.2
15321.3
15452.9
15702.2
16021.5
16058.2
16311.9
16632.6
16665.1
17038.8
17750.1
17820.3
18309.5
18352.2
18534.3
18967.2
19044.0
19116.7
19201.7
19220.2
19406.1
19504.0
19580.4
19624.2
19661.0
20037.0
20195.9
20369.2
20490.6
20663.8
21006.2
21303.7
22007.8
22329.5
22386.1
22412.9
22686.1
22776.7
