33.6
120.8
190.4
191.1
560.0
1288.6
1804.3
1839.7
1901.6
2222.8
2228.8
2322.7
2351.3
2499.5
2825.5
2897.8
3393.9
3617.9
3696.0
3773.1
4247.3
4342.9
5007.4
5227.8
5235.0
5389.9
5650.9
5733.8
5783.2
5995.4
6001.7
6090.6
6222.9
6389.7
6523.0
6708.9
7150.7
7304.0
7472.7
7577.7
8132.1
8591.9
8619.2
8682.2
9121.0
9175.9
9429.2
9437.7
9483.5
9521.4
9647.2
9780.3
9993.9
10122.3
10513.4
11320.2
11538.5
11937.5
12166.6
12185.6
12511.3
12523.4
12640.3
12787.1
12793.0
13048.9
13056.4
13732.1
14604.7
14743.6
14956.8
15203.1
15455.0
15519.4
15598.5
15661.6
15768.6
15875.0
15928.2
16157.8
16210.6
16508.9
16537.2
16720.3
16748.5
17197.2
17429.9
17460.1
17512.5
17635.2
17940.1
18036.4
18380.6
18519.7
18572.6
18712.7
18856.1
19006.5
19537.7
19671.6
19722.5
19859.3
20214.8
20311.0
20391.9
20591.8
21257.5
21359.5
22409.2
22504.6
22512.1
22589.8
