221.7
287.0
398.9
808.8
906.9
920.4
950.7
1023.0
1218.4
1490.9
1754.3
1823.9
1872.6
2222.5
2511.2
2766.0
2915.8
3281.1
3589.2
3625.1
3680.5
4373.4
4411.4
4828.5
5115.9
5163.6
5349.0
5578.2
5676.4
6041.1
6274.5
6285.4
6299.0
6303.9
6466.8
6645.2
6890.9
6920.0
6990.6
7111.9
7991.1
8117.5
8264.2
8565.2
8722.5
9234.4
9355.0
9498.1
10120.6
10259.3
11246.1
11398.8
11614.2
11771.9
11923.6
12351.9
12506.5
12608.4
13248.4
13360.2
13564.8
13746.0
14045.5
14136.7
14159.5
14190.9
14201.1
14342.8
14426.2
14493.6
14605.2
14607.2
14732.2
14876.6
14892.5
15126.6
15365.5
15611.9
15859.8
16192.8
16371.8
16416.3
16607.5
16801.3
16938.7
17817.0
18206.3
18276.0
18499.9
18573.9
18700.0
18771.5
18870.6
19168.0
19596.7
19675.9
20671.8
20711.7
20859.8
21007.3
21016.3
21157.7
21634.6
21862.6
22046.9
22135.5
22202.5
22204.6
22475.0
22623.4
22655.3
22738.8
