337.5
803.1
901.4
969.7
1199.6
1585.6
1870.1
2346.0
3185.1
3350.2
3562.6
3885.8
3902.8
4524.4
4562.7
5185.7
5209.2
5489.9
5762.2
5970.4
6204.9
6236.4
6293.6
6747.6
6862.0
6897.1
7375.3
7560.8
7725.7
7816.5
7974.8
8130.4
8228.9
8297.6
8417.4
8436.4
8443.3
8657.0
8874.5
9120.0
9133.8
9513.1
9679.3
9794.5
10463.0
10465.2
10493.9
10652.9
10996.9
11079.0
11216.0
11554.3
11563.4
11891.4
12009.4
12064.3
12121.5
12189.3
12501.2
12653.4
13039.0
13180.0
13887.6
13964.0
14154.6
14444.6
14787.6
14965.7
15097.8
15504.3
15834.4
16762.5
17477.2
17691.0
17946.0
17990.4
18216.5
18273.9
18297.8
18311.2
18368.9
18655.5
18796.7
18890.3
18911.7
19002.7
19417.9
19502.5
19514.3
19613.9
20043.6
20342.8
20400.1
20556.6
20695.9
20956.7
20963.4
21263.0
21303.8
21724.9
21747.8
21836.5
21999.1
22148.1
22383.5
22704.9
