115.2
169.7
352.4
641.4
1137.9
1174.9
1321.1
1356.3
1509.4
2429.3
2468.5
2614.2
3429.6
3496.2
3665.8
3786.6
3840.5
4680.4
4807.2
5322.3
5712.6
5737.6
5863.0
6070.0
6082.8
6281.6
6347.9
6441.0
6463.8
6595.0
6927.6
7007.7
7241.0
7315.9
7519.7
7529.9
7558.3
7587.5
7705.3
7761.8
7900.8
7923.7
7973.7
8212.9
8415.4
8792.2
9443.6
9523.0
9676.5
10327.1
10431.1
10431.7
10559.2
10607.1
10747.1
10866.0
11211.5
11296.2
11326.8
11687.8
11845.4
12255.0
12391.3
12445.8
12491.4
12532.4
12679.2
13262.1
13265.3
13654.9
13655.4
13722.5
13990.9
14042.3
14115.8
14249.0
14345.2
14355.6
14524.7
15136.2
15160.6
15234.0
15246.3
15315.0
15416.9
15776.9
16227.0
16275.6
16432.8
16586.9
16686.8
16748.5
17403.8
17587.4
17945.1
18340.0
18360.1
18451.3
18721.1
19092.3
19359.6
19410.3
19470.6
20121.4
20125.8
20203.8
20370.8
20547.6
20908.9
21091.2
21144.6
22125.3
22363.8
22379.0
22503.6
22653.9
22790.2
22999.8
