13.7
15.2
229.0
280.3
324.7
680.8
757.8
902.8
993.0
1196.7
2360.2
3016.4
3121.3
3180.8
3383.8
3392.1
3617.1
3622.1
3777.8
3853.0
3970.4
4007.3
4082.9
4342.7
4616.5
4741.8
4863.8
5145.3
5252.9
5408.8
5509.9
5528.3
5658.7
5728.9
5829.0
6205.4
6311.8
6579.5
6947.3
7075.9
7155.4
7169.1
7197.0
7495.9
7838.5
7866.7
8144.0
8203.3
8298.5
8470.8
8627.3
8781.7
8795.8
8824.7
8934.0
9342.4
9366.8
9412.3
9612.2
10355.2
10582.9
10927.6
11359.3
11411.1
11520.7
12098.4
12314.1
12658.6
12853.8
13067.5
13287.3
13343.6
13652.2
13958.7
13998.8
14035.8
14171.7
14201.4
14214.9
14535.7
14929.7
14966.7
15093.8
15164.1
15397.8
15567.4
15814.4
15878.5
16103.4
16409.7
16452.5
16822.0
17067.3
17229.6
17487.6
17585.9
17588.3
17653.4
17728.9
17919.5
18087.2
18358.4
18392.0
18599.9
18645.6
19055.1
19311.4
19814.3
19827.0
19870.9
20086.0
20154.1
20249.2
20313.2
20703.7
20901.5
21133.0
21232.8
21395.3
21429.0
21438.6
21965.2
22087.6
22129.1
22304.9
22539.7
22809.2
22886.1
22980.9
