2.7
123.1
517.5
714.7
735.1
871.6
1340.3
1387.1
1452.9
1488.1
1615.7
1807.6
2204.8
2249.0
2671.6
3159.3
3345.8
3815.6
4064.1
4577.1
4904.9
4919.3
5113.1
5706.5
5829.2
5900.1
6612.4
6775.8
6894.9
7659.6
7696.5
7707.3
7922.7
8411.5
8574.4
9405.5
10342.7
10655.9
11204.9
11311.0
11661.1
11676.0
11698.4
12158.0
12232.4
12309.0
12360.5
12421.4
12461.8
12655.5
12873.6
13095.4
14550.8
14777.4
14940.7
14953.6
14976.1
15261.6
15499.6
15754.3
16205.8
16590.0
16972.4
17098.2
17101.7
17135.5
17334.4
17380.2
17834.0
17844.8
18076.9
18091.2
18498.5
18892.8
19011.8
19067.2
19206.9
19209.4
19640.7
19833.0
20444.7
20470.6
20492.9
20553.9
20554.8
20764.0
21068.0
21539.9
21683.8
21781.2
22132.3
22278.1
22288.3
22372.8
22586.4
22635.8
22947.8
