54.0
123.4
213.7
500.5
617.5
970.4
1078.6
1123.0
1714.6
1888.2
2213.6
2241.9
2567.9
2994.3
3027.2
3373.8
3650.4
3908.4
3914.7
4032.5
4579.2
4879.5
5028.9
5226.2
5472.9
5533.2
5649.0
5702.0
5865.7
5941.4
6048.0
6341.5
6748.2
7125.7
7339.5
7531.4
7618.9
7648.7
7822.9
7826.5
7866.6
7943.2
8120.3
8195.1
8238.9
8304.4
8476.4
8543.3
8705.2
8911.6
9007.3
9302.4
9369.3
9387.0
9517.8
9972.6
10087.4
10331.6
10450.8
10457.5
10586.7
10821.4
10843.4
11245.5
11438.9
11581.9
11850.9
12257.3
12576.1
12760.4
13555.3
13630.1
13652.8
13656.1
13968.5
14011.0
14177.8
14495.0
14599.8
14742.2
15036.4
15057.8
15323.8
15336.9
15344.2
15378.5
16037.8
16108.0
16814.8
16953.3
17253.5
17655.6
17836.3
17875.9
17945.7
17946.8
17955.5
18187.0
18410.5
18423.7
18813.0
18924.6
19013.0
19227.1
19237.8
19448.3
19533.4
19610.2
19699.0
19933.9
20070.7
20116.2
20354.9
20842.2
20882.8
20909.7
20976.3
21318.8
21455.8
21549.3
21954.7
21959.5
22949.8
22953.7
