11.9
627.5
1156.7
1359.4
1565.3
1690.8
1840.9
1853.3
2016.4
2427.9
2482.2
2488.7
2626.0
2743.9
2805.9
2988.0
3105.2
3281.6
3337.6
3747.7
3988.2
4143.9
4271.7
4545.5
4579.0
4761.9
4764.3
4936.6
5145.5
5230.2
5246.3
5763.3
6135.0
6205.0
6210.9
6363.0
6860.2
6919.6
6953.1
6973.1
7182.4
7228.2
7743.7
8546.1
8744.8
8897.7
8982.7
9093.4
9342.3
9350.6
9376.7
9629.7
10298.6
10389.4
10481.4
10767.9
10802.6
10960.3
11007.1
11037.8
11109.6
11162.1
11361.0
11685.5
11985.6
12185.8
12406.9
12816.5
12831.9
13249.7
13275.6
13460.6
13497.2
13572.7
13611.8
13626.7
13922.9
14009.1
14411.1
14577.7
14617.5
14840.5
14861.8
15075.7
15152.9
16292.1
16536.2
16959.8
16995.3
17123.1
17146.8
17200.3
17240.6
17244.9
17505.7
17562.8
17801.8
17989.3
18095.1
18183.4
18389.5
18467.5
18509.4
18554.4
18624.8
19114.8
19425.4
19549.8
19637.4
19868.8
19946.0
20052.8
20061.0
20212.0
20263.6
20334.9
20416.8
20731.1
21268.5
21671.7
22001.9
22029.5
22213.9
22349.3
