2.9
24.6
255.4
343.7
462.0
592.1
827.6
863.1
936.9
949.0
1001.2
1050.2
1145.9
1190.7
1465.9
2574.5
2746.9
2747.0
2849.6
3421.6
3587.0
3641.8
3987.5
4191.5
4509.3
4551.2
4697.0
4973.3
5083.3
5410.7
5512.9
5699.1
6178.3
6224.0
6353.5
6643.6
6684.6
7020.6
7584.2
7597.7
7741.8
7811.9
8006.2
8283.3
8371.8
8421.3
8424.4
8603.1
8874.4
9308.6
9590.4
9791.6
9925.8
9950.4
9958.6
9973.5
10218.5
10410.8
10596.0
10655.6
10817.4
10850.1
11256.8
11320.8
11519.0
11742.0
12609.2
12833.9
12980.0
13048.9
13070.7
13407.5
13625.9
14311.5
14373.8
14787.9
14810.7
15161.5
15406.8
15433.4
15640.6
15793.7
15939.5
16608.3
17178.8
17201.0
17380.2
17495.4
17680.9
17846.0
18034.9
18273.6
19060.8
19089.5
19374.1
19608.7
19636.0
19680.6
19978.1
20287.0
20684.2
21094.4
21122.7
21510.8
21876.9
22515.5
22865.4
22909.0
22950.1
