572.4
627.4
1023.7
1199.0
1334.2
1387.1
1445.3
1522.4
1591.1
1791.7
2303.4
2405.1
2406.3
2437.3
2538.1
3288.1
3786.2
4314.4
4374.4
4415.5
4907.2
5229.7
5323.0
5404.3
5434.1
5925.7
5964.5
6022.0
6609.4
6646.0
7416.2
7462.4
7732.7
7881.8
8381.6
8554.2
8888.8
9652.2
9801.1
9886.7
9975.1
10132.8
10133.9
10406.6
10433.7
10489.5
10673.4
10847.7
10853.7
10869.8
11157.7
11376.4
11394.5
11434.5
11582.7
12098.5
12254.9
12323.4
12434.2
12482.1
13192.6
13568.6
13910.9
13966.8
14094.6
14741.5
15160.7
15757.4
16008.8
16537.1
16923.0
16973.5
17120.3
17193.1
17288.6
18207.0
18586.1
18715.6
19203.0
19448.3
19515.7
20177.1
20275.4
20476.4
20560.8
20942.5
21311.8
21369.5
21473.9
21622.8
21793.5
22109.0
22425.3
