24.0
111.1
390.1
936.6
1238.8
1643.1
1694.6
1715.1
1866.2
1994.9
2385.1
2575.1
2736.2
2768.4
3005.1
3125.1
3280.9
3328.4
3444.2
3514.4
3663.6
3676.9
3788.5
4660.4
5083.9
5301.4
5360.4
5362.4
5399.8
5421.7
5479.5
5596.1
5787.9
5918.6
6105.1
6293.4
6303.4
6374.4
6860.3
6920.8
7036.8
7083.5
7452.9
7529.3
7870.4
8222.4
8299.9
8439.5
8443.8
8646.7
8652.3
8844.1
8871.3
8966.4
9138.7
9174.0
9372.3
9704.7
10002.9
10067.4
10442.4
11007.7
11064.1
11178.8
11225.3
11296.7
11425.0
11443.8
11617.4
11625.9
11654.6
11692.1
11806.0
11898.2
12018.3
12251.8
12267.5
12278.8
12298.6
12395.6
13055.6
13307.1
13468.5
13606.1
13666.2
13797.5
14082.4
14119.0
14294.9
14613.8
14780.5
15488.2
15688.4
15751.9
17487.3
17899.5
18126.0
18208.2
18324.2
18476.3
18539.6
18545.4
19102.2
19458.0
19564.9
19581.6
19632.7
19738.1
19763.0
19921.7
20002.1
20199.5
20436.7
20441.9
20503.5
20594.4
20631.2
20835.3
20875.3
20900.6
20920.4
21458.6
21477.6
21928.2
22255.6
22328.6
22384.5
22749.6
22771.1
