349.0
470.0
629.8
671.4
1078.4
1120.8
1232.1
1268.3
1549.6
1573.5
1705.0
2059.8
2184.4
2648.9
2701.1
2731.2
2759.9
2909.6
3025.8
3313.2
3539.8
3597.0
3960.1
4865.4
5000.2
5047.9
5270.6
5335.7
5692.3
5699.5
5711.8
6072.5
6442.0
6475.6
6717.5
6765.7
6768.5
6785.1
6896.4
7037.7
7125.9
7148.8
7431.1
7664.2
7807.0
7827.8
7886.5
8776.9
8858.8
9150.1
9219.2
9427.5
9531.9
9893.0
10318.5
10385.0
10617.6
10772.4
11177.9
11199.3
11326.6
11793.5
11833.9
11927.1
12019.3
12526.8
12569.4
12672.0
12795.9
13193.7
13291.2
13513.1
13547.3
13905.3
14006.7
14273.7
14622.1
14937.7
15031.8
15087.7
15436.9
15660.9
15740.2
16141.1
16261.6
16383.3
16461.0
16992.4
16992.5
17218.8
17263.8
17390.0
17400.4
17416.9
17869.0
18107.4
18327.9
18557.8
18719.5
19182.4
19324.6
19328.5
19854.4
20013.9
20164.1
20207.3
20661.4
20663.2
20732.3
21054.5
21226.5
21255.7
21667.3
21923.3
22312.9
22637.9
22783.6
22919.8
