240.7
541.5
850.1
1017.0
1063.0
1104.8
1258.2
1290.9
1447.6
1711.0
1838.1
2117.9
2136.0
2274.9
2314.4
2342.9
2509.5
2631.8
2649.3
2740.7
2750.9
3248.0
3343.2
3975.7
4060.3
4068.9
4174.1
4175.9
4911.5
4987.5
5118.3
5444.0
5579.2
5625.1
5924.0
6412.8
6451.1
6496.8
6862.9
7264.2
7701.3
7791.7
8046.6
8050.2
8329.8
8503.5
8566.7
8668.7
8978.0
9420.9
9506.8
9908.2
10650.8
10801.5
10879.3
11273.0
11337.1
11635.2
12355.0
12386.1
12569.6
12605.8
13436.7
13552.6
13710.3
14058.8
14356.5
14458.7
14623.7
14903.7
14905.9
15155.0
15166.6
15217.2
15288.3
15372.6
15406.2
15426.9
15555.6
15799.0
16051.3
16210.7
16258.3
16939.7
17079.2
17091.1
17264.7
17685.6
17846.6
17876.1
18320.8
18426.6
19036.0
19096.6
19727.6
19941.2
20118.4
20162.8
20351.4
20414.0
20670.8
20955.3
21108.5
21130.4
21420.9
21512.9
21555.4
22824.2
