62.6
119.1
132.9
384.0
427.2
502.8
591.5
637.3
1213.6
1336.3
1612.5
1622.1
1732.2
1810.7
2355.8
2507.8
2576.2
2693.3
2700.6
3289.9
3614.4
4022.4
4181.5
4299.0
4314.7
4422.8
4469.9
4498.8
4503.5
4578.2
4652.9
4716.8
4763.9
4941.6
4995.7
5184.1
5389.8
5715.6
5890.6
5920.7
5926.4
6444.3
6448.9
6674.7
7047.7
7194.1
7279.7
7413.5
7619.7
8182.4
8218.9
8443.2
8564.1
8861.2
8899.1
9711.8
10094.5
10173.8
10292.4
10317.1
10408.1
10463.9
10483.6
10565.0
10685.2
10696.5
11049.7
11205.1
11331.0
11654.5
11932.5
11946.6
12331.7
12420.9
12924.1
13109.0
13208.2
13704.6
13781.5
13800.0
13872.0
13887.4
13992.4
14762.9
14876.9
15752.6
15800.1
15831.7
15944.3
16137.8
16613.5
16798.9
16850.7
16939.0
16962.2
17000.7
17033.2
17099.6
17146.6
17218.6
17250.1
17363.5
17457.2
17503.6
17739.9
17856.3
17978.7
18019.8
18115.8
18477.9
18625.1
18659.0
18883.8
18925.3
19318.3
19749.6
19766.9
19880.9
20060.5
20383.6
20471.5
20574.3
20748.3
20777.8
20870.3
21048.9
21115.3
21540.1
21562.1
21591.2
22065.9
22352.7
22445.3
22547.5
22695.3
22894.2
22929.3
