17.5
218.2
334.9
493.9
537.9
632.2
842.4
946.7
1358.8
1474.2
1530.7
1713.6
1720.3
1803.0
2022.3
2091.7
2147.5
2563.8
2667.9
2712.9
2776.3
2849.2
3127.5
3134.1
3300.9
3956.0
4041.6
4574.9
4648.6
4666.2
4761.2
4936.2
5136.5
5269.6
5399.8
5557.6
5574.1
5808.1
5837.1
5857.8
5975.6
6068.5
6194.9
7190.1
7253.2
7265.3
7502.2
7799.8
8025.6
8239.9
8678.1
8770.2
9022.8
9383.5
9696.7
9825.5
9925.1
10089.1
10315.2
10419.5
10782.1
10894.2
10951.6
12249.3
12511.4
12834.9
12841.5
13048.7
13089.2
13152.7
13228.2
13603.7
13643.8
13734.5
13909.0
14153.8
14199.2
14335.6
14413.7
14793.8
15428.9
15549.5
15596.4
15633.5
15690.3
16036.4
16498.4
16782.3
17560.3
17629.0
18008.3
18099.9
18184.4
18569.9
18642.6
18699.8
18724.7
18734.2
18850.8
18900.1
18960.7
18994.3
19035.5
19590.5
19954.4
20419.5
20542.7
20704.1
21448.0
21711.9
21856.2
22166.2
22472.8
22508.0
22719.7
22734.7
