43.7
47.5
120.3
353.9
623.7
1226.7
1291.0
1669.6
1903.4
1993.2
2368.1
2444.7
2700.0
2809.3
2846.3
3265.7
3405.8
3573.9
3690.9
3953.6
4016.4
4130.5
4351.4
4505.5
4749.4
5141.6
5584.4
6066.2
6130.3
6440.0
6747.5
6817.5
6831.3
8073.0
8310.6
8382.5
8743.0
8844.0
8925.5
9121.9
9286.2
9597.3
9758.5
9982.7
10156.9
10281.6
10391.2
10532.9
10682.7
10686.5
10847.2
10880.6
10994.6
11199.1
11303.3
11371.1
11685.7
11689.0
11908.9
11948.3
12157.7
12228.4
12378.1
12541.4
12918.0
13080.2
13148.2
13160.8
13259.3
13724.8
13908.3
14087.0
14193.7
14288.3
14404.1
14460.0
14616.8
14622.1
14773.7
14942.3
15581.6
16206.0
16503.8
16711.4
16833.9
17044.1
17130.9
17161.8
17274.7
17422.9
17687.9
17773.4
17810.6
17912.9
18400.8
18504.1
18741.3
18843.1
18969.2
19062.6
19154.9
19259.9
19869.0
19880.1
19934.1
20040.8
20043.5
20201.5
20960.1
21133.0
21461.6
21497.7
21627.0
21695.5
21992.2
22063.7
22068.7
22283.3
22456.0
22492.1
22502.4
22578.2
22600.1
22835.2
22974.7
