58.2
130.5
483.2
659.5
848.2
1344.8
1384.7
1449.5
1841.6
1913.9
2030.4
2062.7
2163.3
2554.7
2720.7
2912.7
3416.4
3457.6
3530.2
3962.1
4318.6
4484.1
4521.8
4528.7
4870.8
5164.5
5313.5
5389.3
5475.1
5664.5
5813.3
5925.5
5953.3
5972.2
6223.9
6360.6
6607.1
6707.9
6876.5
6897.3
7232.8
7334.5
7531.3
7689.8
8112.0
8168.1
8289.2
8344.5
8960.8
9524.1
9802.2
9989.5
10196.3
10485.3
10571.8
10772.5
10959.3
10983.2
11054.8
11155.1
11236.4
12121.0
12128.4
12176.6
12657.6
12672.4
12800.7
12824.7
13028.7
13060.4
13310.1
13411.9
13660.2
13671.1
13730.3
13847.5
14090.4
14294.9
14904.2
14949.2
15158.4
15580.6
15690.4
15880.3
15921.4
15941.9
16052.9
16306.8
16862.0
17193.4
17680.9
17859.1
17947.8
18648.6
18665.4
18707.3
18934.7
19025.4
19061.5
19393.6
19614.6
19678.9
20284.1
20431.3
20501.0
20811.6
20869.2
20916.3
20971.8
21079.8
21120.1
21424.1
21737.0
22084.5
22411.8
22426.1
22515.6
22569.8
22877.4
