19.6
81.8
433.1
625.2
857.5
971.2
1067.1
1979.3
2240.7
2279.1
2474.2
2530.6
2970.4
2983.4
3058.6
3092.7
3361.5
3362.1
3376.3
3538.4
3708.3
4041.5
4192.2
4453.8
4588.3
4692.9
5128.6
5317.3
5439.9
5727.8
5754.2
5912.5
5975.4
6660.8
6663.2
6762.9
6832.6
7103.6
7178.4
7189.5
7206.1
8317.2
8509.1
8688.2
8935.4
9168.5
9174.4
9248.5
9290.7
9305.7
9317.1
9530.7
9705.4
9769.3
9781.9
10270.3
10356.7
10376.1
10485.7
10633.8
10756.8
10826.5
10886.1
11085.0
11193.0
11268.4
11369.8
11414.4
11855.0
11871.9
12122.3
12171.4
12402.1
12729.5
12759.0
13487.5
13685.0
14027.2
14323.4
14671.3
14831.7
14858.4
15057.1
15353.3
15366.1
15607.7
15960.4
16046.0
16098.1
16591.2
16859.6
16896.1
17197.5
17321.3
17474.4
17485.8
17892.1
18031.8
18166.0
18367.2
19028.5
19129.9
19181.5
19451.5
19536.1
19760.5
19904.2
19918.4
20423.5
20852.2
21197.0
21418.6
21914.8
22448.0
22450.6
22702.4
22706.1
22713.3
22922.2
