77.8
131.8
855.6
856.1
1041.3
1339.2
1408.1
1887.6
2247.8
2280.3
2399.0
2429.4
2834.0
2884.7
3028.0
3870.9
4165.2
4393.3
5051.4
5383.6
5521.3
5802.4
5948.4
6198.0
6560.8
6839.9
7041.7
7652.1
7688.3
7711.6
7761.3
7998.4
8148.5
8437.5
8790.3
8817.4
8862.4
9037.7
9042.7
9138.1
9244.0
9710.1
9738.3
10036.6
10735.8
11034.2
11074.9
11560.7
11655.6
11715.1
12120.3
12337.3
12698.4
12947.8
12967.2
13183.0
13212.3
13243.5
13335.9
13753.2
14324.3
14535.2
14735.5
14984.4
15062.3
15127.8
15593.6
15800.2
15917.3
15999.3
16826.7
17015.8
17083.8
17210.6
17479.7
17731.8
18107.0
18605.8
18613.5
18715.7
18860.0
18945.8
19221.4
19385.9
19389.7
19397.2
19700.1
19803.6
19877.9
20100.4
20178.2
20210.0
20224.1
20404.4
20643.2
20963.9
21059.8
21111.7
21113.4
21119.5
21665.8
22457.6
