822.6
1594.0
1927.3
2340.4
2692.9
2843.3
3043.1
3453.5
3565.1
3641.8
3877.1
4021.1
4053.0
4289.1
4415.6
4503.8
5416.7
5534.7
5857.7
5972.3
6689.3
6774.0
6817.3
6942.1
7129.4
7137.8
7597.4
7682.9
8043.2
8354.4
8419.7
8532.2
8652.0
8699.3
8992.8
9405.1
9486.8
9828.1
9926.8
10247.8
10300.2
10450.0
10673.4
10796.7
10984.5
11077.1
11083.7
11088.6
11352.7
11661.2
12056.3
12101.1
12525.2
12735.8
12801.3
12872.0
12884.4
12966.7
13108.5
13242.9
13365.9
13848.0
13865.3
13930.5
14832.2
15164.2
15446.2
15634.3
15989.9
16519.4
17091.7
17214.8
17354.6
17448.3
17485.7
17493.6
17807.3
18149.4
18293.1
18554.4
18696.3
19097.4
19147.9
19221.5
19487.8
19622.9
19659.7
19823.9
20057.8
20154.4
20163.5
20272.9
20380.8
20484.7
20702.7
20750.7
20806.8
20899.7
20992.0
21274.7
21457.3
21869.8
21923.4
22250.0
22501.6
22504.0
