158.1
622.1
786.5
1465.3
1558.0
1843.1
1963.7
2220.1
2272.6
2550.8
2800.9
2987.2
3208.2
3396.2
3492.8
3861.3
3948.5
3969.0
4278.3
4559.3
4678.4
4683.7
4743.0
4947.1
5000.6
5568.1
5753.2
6044.0
6091.3
6174.3
6182.5
6557.9
6630.1
7100.2
7459.6
7480.4
7656.6
8029.6
8123.4
8188.1
8251.3
8397.3
8712.4
8738.5
9030.3
9059.3
9215.8
9255.8
9298.0
9640.0
9786.1
9909.3
10028.3
10204.8
10213.3
10346.9
10381.0
10704.6
10981.7
11028.6
11132.0
11222.1
11235.8
11391.9
11629.4
11882.3
12483.4
12569.3
12589.3
12965.5
12966.1
12988.5
13047.1
13116.1
13126.4
13128.2
13268.0
13521.8
13775.4
13945.7
13954.6
14527.7
14565.2
14701.1
14952.3
15249.1
15726.9
15746.7
15753.0
15760.3
15796.3
15836.1
15866.2
16057.3
16077.2
16129.5
16154.6
16595.7
16675.8
16937.6
17158.1
17191.8
17245.2
17765.0
17906.1
18361.2
18415.2
18439.7
19281.2
19316.0
19336.9
19569.3
19748.7
19785.4
20005.4
20237.9
20653.8
20784.5
21056.7
21117.3
21415.0
21490.8
21535.8
21578.8
21916.5
21925.4
22207.1
22279.2
22368.9
