238.4
294.6
562.9
565.5
643.6
690.6
1517.6
1578.1
1624.7
1633.2
2197.2
2268.4
2273.6
3292.4
3330.6
3456.8
3563.8
3790.2
4080.5
4362.6
4903.8
5235.3
5242.6
5439.7
5570.7
5661.7
5705.3
5877.8
6039.7
6196.2
6215.3
6258.2
6600.0
6614.2
6636.6
6650.9
6720.8
7202.9
7289.8
7439.7
7457.3
7493.5
7782.7
7800.9
8090.8
8228.0
8270.2
8458.5
8542.8
8579.3
8659.8
8676.2
8862.2
8959.3
9005.3
9021.0
9049.2
9058.7
9097.3
9128.9
9335.2
9364.8
9786.4
9891.9
9918.5
10204.2
10209.6
10224.6
10257.9
10346.9
10413.3
12376.5
12861.2
12935.2
13157.8
13972.4
14235.4
14296.7
14657.2
14912.8
14980.1
15334.6
15581.3
15915.8
15984.4
16304.4
16500.2
16757.8
16999.4
17695.8
17856.5
18074.9
18287.3
18369.4
18530.2
18653.6
18994.8
19166.3
19309.4
19706.2
19865.2
19904.8
19974.6
19975.6
20099.8
20306.4
20429.3
20825.1
20968.8
21100.6
21491.1
21587.0
21708.2
21862.4
22186.7
22374.6
22542.9
22567.6
22675.3
22761.5
