124.9
221.6
322.8
737.0
784.2
1107.4
1160.3
1511.3
1869.6
1999.3
2718.5
2981.0
3405.0
3449.3
4285.4
4593.4
4662.3
4707.8
5315.5
5413.1
5453.9
5987.9
6097.7
6337.1
6589.6
6992.5
7012.1
7703.5
7717.8
7933.5
8036.5
8258.5
8848.8
9002.2
9112.9
9186.1
9666.4
9780.7
9786.7
9911.0
9918.2
10443.0
10466.8
10590.9
10609.9
10631.5
10685.2
10704.4
11041.0
11397.3
11523.8
11703.3
11861.8
11881.8
11933.1
12271.0
12316.9
12521.5
12791.0
13445.2
13474.0
13543.8
13626.8
13701.9
13737.0
13988.1
14389.4
14543.2
14545.3
14614.5
15049.6
15229.3
15247.2
15515.9
15545.4
15757.8
15886.6
15908.9
16261.2
16804.7
17051.6
17092.1
17114.4
17815.7
17913.5
17949.5
17977.8
18129.8
18359.6
18970.8
19358.8
19448.1
19637.0
19740.2
20150.7
20318.7
20601.1
20605.6
20991.9
21475.3
21982.8
22132.9
22261.2
22619.9
22698.8
22827.7
22880.9
22948.7
