304.2
365.5
417.8
684.6
718.0
787.1
945.1
1148.0
1444.4
1474.0
1555.4
1725.2
1908.9
1997.2
2039.5
2081.3
2215.1
2263.6
2466.5
2620.4
2843.0
2912.7
3005.9
3037.8
3088.0
3264.0
3265.0
3275.1
3566.2
3591.9
3700.5
3868.1
3967.5
3991.1
4362.6
4397.1
4452.9
4642.2
4831.7
4923.8
5088.5
5939.3
5956.3
5981.7
6413.7
6730.7
6816.4
6830.5
6989.7
7032.5
7069.4
7182.5
7301.9
8654.3
9144.3
9292.1
9444.5
9597.1
9637.1
9709.5
10138.7
10267.0
10399.5
10448.0
11323.1
11348.2
11646.3
11746.1
11762.3
12389.5
12418.2
12601.2
12642.2
12709.8
12846.2
13034.1
13352.3
13491.9
13698.0
13712.9
13808.4
14002.1
14026.1
14164.6
14383.8
14699.0
15069.0
15599.5
15876.5
15975.4
16288.7
16971.2
16994.7
17122.7
17349.5
17482.7
17503.6
17873.8
18551.2
18572.5
18579.3
18728.7
18765.3
18821.8
19031.8
19045.2
19183.0
19866.5
19906.4
20296.2
20453.8
20645.3
20693.6
20910.7
21403.5
21639.4
21687.0
21749.8
21842.7
21856.6
21935.5
21959.4
21990.0
22003.4
22229.7
22230.6
22253.2
22346.9
22642.9
22686.9
22797.6
22802.9
