235.2
770.9
960.0
1097.5
1131.9
1251.2
1392.0
1498.4
1536.6
1585.7
1679.4
2231.5
2243.5
2738.3
2916.7
3291.6
3462.9
3530.7
3782.5
3825.9
3847.0
3876.2
3885.5
4108.0
4647.7
4859.6
5220.9
5311.2
5429.4
5508.4
5557.9
5577.6
5628.8
5723.0
6179.0
6185.0
6236.6
6293.2
6680.6
7409.7
7468.7
7598.4
7995.0
8088.7
8208.8
8223.6
8254.1
8345.1
8785.0
8809.7
8958.6
9348.1
9355.0
9566.0
9850.3
9945.6
10043.8
10160.2
10352.9
10584.6
10827.3
11097.5
11186.2
11376.6
11390.7
11538.3
11726.9
11837.9
12149.9
12204.4
12271.1
12319.1
12564.6
12625.0
12681.0
12839.7
13289.9
13376.6
13987.9
14115.6
14675.2
14829.6
15003.3
15383.7
15817.3
15963.8
16172.8
16174.2
16281.3
16472.8
16771.6
16883.4
17022.1
17367.0
17512.0
17889.0
17976.0
18180.5
18511.1
18699.3
19129.4
19181.8
19613.7
20153.8
20385.8
20468.8
20613.2
20729.3
20769.9
21112.6
21141.0
21188.5
21247.2
21431.0
21588.2
22512.1
22540.3
