115.1
294.0
379.1
407.2
477.4
520.6
543.7
727.0
1148.2
1202.6
1251.2
1497.0
1502.5
1702.0
1778.3
1821.5
2269.1
2354.6
2433.6
2436.9
2573.5
2724.9
2958.7
3246.4
3338.8
3365.7
3724.6
3752.4
3894.7
4103.1
4310.1
4537.5
4599.9
4851.4
5086.4
5112.0
5245.5
5434.8
5664.6
5692.5
5899.1
5992.6
6144.4
6301.4
6631.5
6957.1
7102.8
7141.5
7224.4
7250.3
7462.2
7510.5
8110.5
8164.5
8250.5
8507.1
8581.8
8647.1
8783.0
8929.3
9215.2
9407.2
9465.6
9705.2
10108.6
10245.2
10285.4
11682.3
11979.1
12002.7
12129.8
12213.1
12225.2
12255.1
13304.2
13559.3
13625.4
13666.4
13796.2
13805.1
13831.5
14002.0
14656.4
14943.4
14973.2
15297.6
15320.8
15480.6
15529.8
16320.4
16329.4
16727.9
17022.8
17037.9
17246.5
17341.8
17994.9
18058.5
18552.9
18678.4
18841.7
18967.7
19620.6
19892.8
20146.8
20211.0
20219.0
20230.3
20317.4
20435.3
20596.3
21191.1
21303.6
21362.2
21530.2
21641.1
21756.1
21774.6
21881.9
21981.4
22113.6
22198.8
22399.8
22524.3
22601.6
22607.3
22920.7
