670.3
736.8
1124.2
1355.7
1560.5
1989.1
2058.0
2150.9
2349.0
2626.1
2645.6
2783.3
2840.7
3136.5
3586.7
3635.2
3670.3
3848.1
3877.7
3952.7
4323.5
4386.4
4489.9
4809.6
5030.7
5036.3
5058.2
5122.4
5274.7
5765.2
5891.9
6214.1
6235.7
6312.9
6429.0
6558.4
7063.0
7092.7
7609.4
7880.7
7885.0
8096.0
8361.4
8508.7
8628.1
8865.9
8930.7
9034.3
9112.2
9332.4
9343.8
9398.9
9500.3
9864.4
10315.0
10341.7
10570.3
10817.0
10842.3
10950.8
11099.3
11221.5
11309.6
11845.5
11925.4
11968.1
12126.7
12144.2
12212.6
12349.0
12877.7
12968.6
13329.2
13349.5
13579.9
13599.4
13676.5
13875.0
13979.2
14185.1
14387.4
14550.8
14568.3
14816.1
14827.2
14839.2
14918.2
15306.0
15441.7
15991.3
16314.6
16663.6
16857.3
17100.1
17207.8
17347.7
17348.7
17363.9
17479.0
17488.2
17811.6
18334.1
18472.1
18523.8
18587.1
18621.7
18637.5
18646.3
18880.7
18963.6
18991.9
19038.8
19065.5
19150.0
19171.1
19365.5
19445.3
19485.9
19702.0
19848.4
19928.7
19938.2
20015.7
20209.9
20211.9
20313.5
20497.5
20656.0
20825.5
20926.8
21380.4
21501.3
21514.6
21612.4
21620.0
21669.8
22134.4
