140.0
171.0
225.9
760.4
773.9
1040.7
1148.3
1422.9
1451.7
1582.8
1763.4
1894.6
2266.2
2271.8
2580.2
2593.8
2745.7
2978.0
3156.0
3178.5
3461.9
3495.8
3601.4
3794.6
3805.0
4209.9
4437.6
4771.0
4830.9
5020.4
5085.2
5265.3
5352.3
5539.5
5899.1
5923.8
5942.2
6120.9
6333.8
6719.0
6774.8
6782.6
6908.4
6940.2
7043.6
7237.8
7404.4
7410.6
7750.1
7854.4
7893.7
8132.5
8738.8
8854.9
9299.6
9721.2
9797.7
9820.3
9844.2
9888.5
9973.5
10032.5
10063.2
10242.5
10520.8
10790.6
11014.2
11203.2
11207.2
11303.5
11404.7
11552.9
11895.2
12230.5
12269.4
12400.2
12604.7
12924.3
12975.6
13300.4
13558.5
13643.3
14013.0
14462.9
14494.8
14842.2
14930.0
15062.5
15838.9
16514.2
16918.4
17133.3
17183.2
17189.4
17697.4
17741.0
18010.1
18081.4
18325.2
18794.4
18925.8
19028.9
19861.8
19884.5
19968.8
20158.8
20239.6
20259.7
20361.2
20368.3
20976.7
21009.2
21134.3
21400.8
21457.1
21541.5
21806.0
21911.1
21920.4
22017.6
22522.3
22602.5
22633.0
22661.8
22685.9
22911.3
