334.3
660.5
1036.4
1115.6
1237.1
1388.6
1541.0
1549.6
1554.3
2169.1
2311.8
2572.0
2574.1
2868.2
2931.2
3246.2
3256.4
3421.5
3890.2
4109.0
4211.0
5293.3
5318.2
5504.6
5585.8
5586.5
5968.5
6195.3
6323.1
7009.4
7078.9
7080.4
7108.1
7266.2
7600.6
7949.8
8078.0
8175.6
8345.9
8777.1
8903.2
8908.4
8982.3
9175.3
9564.2
9695.8
9786.2
9812.0
9821.4
10208.9
10476.7
10668.9
10693.4
10940.1
11132.8
11384.3
11419.7
12092.9
12367.7
12526.1
12625.3
12774.5
12817.9
13119.1
13146.0
13336.0
13364.4
13367.0
13404.8
13678.3
13774.4
13983.9
14022.6
14058.1
14140.0
14248.5
14532.2
14580.8
14648.8
14662.8
14758.7
15384.6
15758.9
16087.3
16096.8
16510.9
16793.4
16801.7
16836.4
16905.9
17051.5
17068.2
17084.3
17294.2
17310.9
17968.0
18280.7
18333.4
18633.1
18692.8
18784.0
18903.4
19135.7
19246.9
19851.2
19857.9
19895.8
20079.0
20340.9
20404.5
20583.2
20744.5
20985.3
21104.8
21290.7
21313.0
21758.6
21794.9
21883.2
22822.3
