287.8
297.2
326.2
664.6
913.7
1327.4
1358.7
1444.0
1452.5
1582.3
1591.9
1681.3
1689.0
1692.4
1710.2
1902.4
2102.8
2318.6
2424.1
2860.9
3253.4
3290.7
3398.0
3664.5
3768.1
4257.9
4338.7
4912.5
5014.6
5067.4
5632.4
5901.5
5980.0
6031.0
6117.3
6325.0
6603.6
7191.9
7200.6
7312.7
7607.1
7831.9
8201.0
8493.7
8649.9
9032.9
9465.8
9501.5
9581.9
9615.2
9626.0
9882.7
9901.6
10100.7
10535.9
10549.1
10741.3
10771.3
11002.4
11350.1
11357.5
11540.1
11673.5
11711.9
12379.9
13186.3
13208.5
13349.0
13555.3
13683.0
13874.2
14007.4
14416.6
14897.0
15015.6
15029.9
15280.8
15310.4
15491.5
15620.1
15899.5
15967.4
16266.1
16289.9
16512.0
17006.8
17036.2
17111.1
17209.8
17571.4
17614.1
17651.7
18429.9
18513.4
18668.8
18901.8
19279.6
19515.5
19650.1
19680.5
19684.5
19957.4
19969.9
20092.5
20651.5
20686.6
20728.5
21054.8
21069.3
21311.5
21395.3
21506.7
21822.7
21901.6
22346.7
22473.3
22797.0
22995.6
