745.9
875.8
890.6
1023.5
1168.9
1595.6
2418.1
2470.6
2477.2
3373.3
3395.2
3545.4
3777.3
4216.8
4228.4
4525.1
4706.4
4797.0
4933.2
5107.6
5385.4
5469.2
6556.7
6869.6
7038.9
7184.3
7405.6
7461.1
7615.9
8400.8
8446.7
8502.1
8511.1
8953.3
8991.4
9123.8
9226.9
9289.7
9396.4
9515.7
9566.0
9578.7
9645.5
9663.3
10849.9
10971.5
10977.7
11255.1
11295.1
11299.8
11379.5
11461.4
11799.5
11955.3
12079.8
12142.5
12142.6
12245.4
12311.5
12529.1
12574.8
12711.4
12723.1
12887.0
12889.2
13458.7
13458.9
13893.4
14200.8
14258.5
14391.1
14452.4
14842.1
14882.9
14971.0
15052.9
15335.5
15422.6
15425.7
15595.6
15609.4
15777.8
16258.8
16357.5
16426.7
16546.5
16778.2
16899.6
17045.4
17331.7
17657.5
17716.5
17959.1
18011.4
18102.8
18277.2
18449.4
18938.9
19279.4
19481.7
19596.8
19699.1
19725.1
19739.1
19857.4
19857.8
20015.3
20117.0
20275.3
21013.5
21098.7
21206.9
21363.5
22034.1
22251.1
22456.0
22654.2
22777.7
22779.3
22970.0
