159.2
428.2
515.2
618.4
695.3
782.0
792.7
1036.0
1272.3
1689.2
1830.2
2022.2
2117.1
2158.3
2762.3
2935.9
3066.9
3743.7
3879.5
3979.6
4011.3
4203.1
4316.4
4472.6
4504.7
4561.7
4773.9
5077.6
5502.4
6401.1
6520.4
6809.3
7763.9
8227.6
8242.8
8286.0
8357.4
8404.3
8404.9
8477.9
8614.3
8919.8
9059.3
9290.6
9781.7
9996.8
10084.1
10604.7
10621.7
10640.7
10716.6
10740.4
10784.6
10845.5
11129.3
11137.8
11262.7
11281.1
11497.9
11988.5
12427.8
12440.3
13007.7
13163.7
13297.3
13316.5
13800.3
14310.0
14455.3
14805.6
14901.3
15090.3
15146.6
15743.8
15913.6
16133.6
16852.0
17033.4
17160.1
17470.0
17497.0
17638.4
17742.2
18136.6
18572.0
18580.9
18914.1
18938.3
19085.2
19401.8
19474.3
19550.8
19786.4
19965.1
20297.3
20475.8
20653.9
20675.4
20706.0
20784.8
20832.7
21185.6
21495.6
21720.8
21799.6
21840.8
21895.8
21979.5
21997.8
22150.8
22243.0
22386.4
22471.3
22610.8
22756.1
22868.3
