123.5
156.9
449.6
479.3
493.0
762.6
784.1
978.0
1047.9
1444.0
1527.4
1632.4
1698.0
2176.8
2298.1
2332.1
2762.4
2904.2
3094.6
3114.1
3304.5
3491.0
3516.3
3657.3
3897.3
4242.1
4442.5
4456.1
4470.5
4555.5
4903.9
5110.3
5608.7
5647.9
5655.5
5837.8
5990.2
6106.6
6221.8
6357.0
6415.9
6820.7
6872.3
7047.7
7222.1
7398.2
7708.8
8024.2
8393.4
8408.5
8449.6
8466.6
8753.1
8768.8
9062.3
9131.6
9345.8
9869.8
10212.3
10350.7
11099.7
11236.6
11271.4
11540.5
11718.2
12165.0
12319.0
12610.0
12684.7
12873.5
12897.5
13239.8
13558.6
13927.3
13956.6
14141.6
14172.0
14448.2
14648.8
14807.3
14904.1
14926.2
14954.7
15114.3
15198.2
15368.0
15753.7
16100.8
16396.0
16610.8
16821.4
17322.4
17624.7
17717.5
17902.9
18702.6
18708.2
19554.3
19856.4
19907.4
21024.7
21140.5
21255.1
21291.4
21333.1
21517.4
21642.4
21792.9
21912.1
22478.4
22633.6
22668.2
22730.1
22914.5
