115.1
492.7
1078.9
1113.1
1129.6
1137.3
1245.0
1830.2
1939.6
1997.0
2222.2
2240.3
2559.4
2645.6
2729.8
2792.7
2887.2
3264.3
3780.4
3937.7
4052.0
4172.7
4455.7
4464.2
5134.6
5214.5
5532.4
5589.6
6164.4
6274.2
6366.9
6413.9
6541.0
6659.8
6960.0
7028.9
7111.2
7322.6
7630.9
8009.3
8336.9
8503.3
8637.7
8785.9
8991.0
9287.7
9351.5
9360.0
9361.8
9682.6
10027.5
10338.8
10388.0
10391.9
10754.7
10960.4
11320.7
11411.2
12021.6
12341.0
12434.3
12438.3
12615.4
12802.9
12803.5
12913.9
13067.7
13094.4
13252.4
13404.4
13431.9
13633.6
13643.1
14174.6
14335.4
14408.2
14497.1
14775.1
14915.6
14925.0
14951.6
15019.2
15101.7
15545.0
15643.0
15795.3
16230.4
16391.2
16623.8
16659.3
16712.4
16774.0
16915.4
17006.3
17394.4
18297.7
18320.4
18698.9
19092.5
19115.2
19447.3
19534.9
19700.3
19827.2
19954.2
20310.6
20350.0
20517.7
20637.6
20672.3
20723.6
20866.6
20873.8
20883.9
20918.2
21207.6
21304.0
22190.7
22481.4
22785.9
22852.0
