66.9
181.8
201.4
393.6
431.8
735.9
962.5
1249.8
1261.8
1400.8
2543.7
2548.1
2838.4
3023.1
3060.3
3230.3
3250.2
3289.4
3349.8
3446.1
3516.9
3591.3
4125.8
4157.0
4233.3
4326.6
4423.8
5080.8
5236.0
5260.4
5330.3
5618.3
5731.5
5903.0
5921.8
5960.9
6011.2
6362.0
6803.2
6924.0
7032.9
7290.7
7696.7
7807.7
8049.5
8278.6
8479.6
8584.6
9176.8
9617.8
9695.5
9735.7
9822.9
9852.6
9895.3
10365.2
10601.2
10759.2
10818.0
10864.0
10964.6
11108.4
11430.1
11495.2
11514.4
11908.3
11910.7
12312.9
12359.3
12366.9
12719.7
12841.0
13151.9
13178.2
13713.3
13821.3
14519.2
14733.1
14748.1
15236.8
15262.3
15270.2
15694.8
15731.7
15743.4
15879.7
16029.7
16041.7
16044.3
16474.7
16762.4
16787.6
16908.3
17892.0
17894.8
18061.4
18313.3
18456.3
18875.9
18883.8
19392.1
19627.1
20141.3
20187.9
20372.4
20925.6
21273.0
21291.6
21585.3
21589.8
21813.0
21856.5
21979.7
22104.5
22389.1
22447.3
22585.1
22781.8
22950.3
