2.6
430.1
547.1
639.5
745.0
1031.8
1154.4
1169.7
1510.1
2188.9
2244.9
2359.5
2375.6
2508.2
2572.7
2586.3
2588.4
2669.9
2764.1
2885.0
2966.4
3184.6
3184.9
3251.3
3806.7
3869.8
4422.5
4534.3
4797.7
4811.6
4820.9
4852.7
5272.0
5392.2
5485.3
6086.8
6344.7
6403.1
6493.3
6509.4
6817.1
6830.5
7021.8
7427.9
7573.7
7615.0
7785.5
7878.4
7891.3
8050.8
8192.3
8247.4
8495.9
8669.8
8748.4
8919.7
8971.6
9366.5
9600.7
9756.8
9828.4
9980.4
10268.4
10286.3
10350.4
10588.0
11269.4
11782.6
11959.4
12074.2
12401.1
12604.9
12770.6
12801.2
12888.8
12927.7
13541.2
14301.2
14579.8
15439.5
15712.5
16172.3
16233.5
16369.1
16410.1
16475.3
16661.4
16852.1
16970.3
17044.7
17425.0
17692.7
18027.9
18595.2
18956.4
19171.5
19386.2
19560.8
19875.8
20051.8
20076.5
20268.9
20593.0
20743.3
21272.2
21595.0
22145.8
22385.5
22557.3
22813.2
22905.3
