519.8
693.6
908.8
1394.9
1510.6
1660.9
2244.1
2288.2
2320.8
2371.1
2443.4
2543.3
2616.2
3085.0
3113.6
3116.0
3199.8
3228.9
3546.0
3554.2
3566.9
3675.3
3700.3
3714.1
3846.1
3892.3
3905.6
4007.6
4176.6
4504.7
4863.4
4969.6
5024.2
5215.2
5414.9
5577.2
5894.0
6343.0
6504.4
7103.3
7152.3
7665.3
7697.9
7734.5
7736.1
7943.1
8123.9
8137.1
8239.5
8714.1
8734.8
8922.8
8986.2
9080.7
9248.1
9251.8
9285.6
9517.6
9872.6
9924.2
10327.2
10451.7
10619.7
10654.5
10772.4
11113.5
11279.0
11381.0
11428.7
11616.9
12178.9
12354.0
12672.6
12996.1
13099.0
13140.8
13151.4
13213.1
13288.8
13455.0
13541.8
13788.6
13882.2
13941.8
14146.4
14191.4
14478.5
14513.7
14723.2
14854.5
14924.6
15295.8
15300.9
15983.4
16052.6
16327.5
16418.4
16523.6
16809.8
16819.0
16859.0
17498.5
17692.7
17992.9
18022.9
18232.9
18286.4
18291.3
18578.2
18614.2
18772.1
19597.5
20248.5
20616.4
20727.7
20901.1
20959.8
21046.8
21146.4
21535.9
21572.7
21611.0
21792.2
21859.6
22074.5
22237.6
22307.2
22333.5
22466.5
22826.4
22957.8
