584.8
591.2
750.7
1091.2
1330.1
1431.6
1529.5
1973.3
2110.4
2237.4
2925.6
2978.6
3011.4
3690.7
3743.0
4050.1
4271.8
4503.3
5021.8
5062.8
5409.8
5926.5
6259.9
6397.3
6512.1
6549.6
6927.9
7212.9
7220.8
7400.6
7407.5
7669.5
7723.9
7881.3
7937.0
8094.9
8481.6
8541.8
8579.1
8590.9
8705.5
9031.9
9053.5
9293.5
9685.3
9824.7
10052.8
10455.8
11012.6
11024.2
11307.5
11565.9
11623.5
11776.7
12276.2
12643.6
12937.3
13321.9
13534.6
13545.4
13707.1
13880.9
14182.6
14190.6
14363.1
14685.5
14864.6
14870.7
14978.2
15146.4
15170.6
15212.6
15574.0
15580.4
15738.8
15839.5
16007.0
16068.2
16233.7
16264.3
16292.0
16298.1
16761.5
16894.8
17735.2
18081.5
18219.1
18251.1
18329.9
18341.1
18522.3
18531.9
18566.6
18727.7
18796.2
19299.4
19618.6
19704.4
19722.3
19782.5
20041.2
20102.9
20233.6
20282.5
20816.4
20938.7
21268.7
21356.7
21409.7
21625.6
21745.0
21845.7
21905.4
22027.0
22193.8
22533.3
