264.1
282.2
714.7
825.5
947.1
1478.9
1569.5
1978.8
2052.5
2295.4
2470.1
2507.9
3073.3
3144.0
3200.3
3359.8
4329.3
4365.7
4423.1
4494.8
4679.7
4721.8
5191.0
5359.0
5435.8
5469.5
5567.5
5571.6
5588.3
5865.7
6124.9
6317.7
6403.0
6801.1
6918.8
7318.6
7569.1
7909.4
8177.9
8444.9
8525.9
8541.4
8596.6
8630.0
8794.4
9007.7
9137.2
9178.9
9549.9
9918.9
10087.7
10470.2
10534.1
10839.7
10883.7
11166.6
11513.8
11537.1
11693.4
11741.6
11922.0
12026.8
12567.3
12631.2
12760.4
12934.5
13178.5
13436.9
13517.8
13733.7
13826.4
14205.5
14298.0
14357.6
14479.0
14606.7
15129.3
15488.6
16095.3
16203.1
16260.6
16616.9
16766.7
17050.7
17133.9
17348.4
17580.2
17583.5
17726.3
18205.1
18419.2
18520.5
18625.2
18637.0
18812.5
19045.8
19050.4
19395.7
19407.5
19553.2
19637.4
19791.4
19863.6
19968.9
20153.2
20494.2
20507.6
20886.8
21162.5
21600.9
21648.3
21878.0
21935.9
22282.8
22450.0
22610.9
22757.0
22759.7
22798.7
