229.8
506.8
570.6
573.9
915.0
948.2
1046.8
1262.5
1343.9
1528.7
1893.2
2309.8
2835.2
2951.7
3892.1
4169.6
4321.6
4383.7
4494.3
4731.5
5054.0
5251.0
5706.2
6729.5
6935.3
7151.1
7246.8
7557.0
7843.8
8069.7
8133.7
8281.2
8474.9
8499.2
8743.5
8968.7
9119.6
9199.4
9344.9
9432.0
9574.9
9637.7
9706.2
10151.6
10418.9
10689.5
10692.1
10897.7
11332.5
11446.0
11717.8
12243.6
12461.7
12470.4
12644.1
12955.7
13015.1
13023.1
13135.7
13364.8
13495.8
13538.8
13876.1
14103.5
14292.9
15122.4
15156.7
15796.0
15875.8
15937.9
15945.1
16004.6
16047.9
16206.5
16379.8
16418.3
16483.3
16623.4
16710.6
16831.9
17180.1
17310.0
17771.6
19111.8
19165.6
19251.1
19892.5
19941.6
19945.3
20418.4
20442.4
20884.2
21148.7
21246.1
21447.4
21569.9
21620.3
21912.1
22306.3
22549.9
22610.8
