144.8
554.4
793.3
886.4
978.8
1080.7
1370.3
1489.8
1513.0
1534.9
1886.2
2010.0
2245.9
2384.1
2895.0
2930.8
3061.8
3118.4
3131.9
3284.7
3321.0
3647.3
3991.3
4100.3
4142.5
4198.9
4614.9
4892.9
5080.8
5089.8
5154.5
5862.5
5975.1
6075.2
6253.0
6283.4
6901.4
7245.4
7509.6
7650.6
7726.5
7821.1
7940.3
7940.7
7979.9
8210.2
8241.1
8252.8
8348.8
8417.2
8438.7
8451.2
8608.1
8949.0
9006.0
9213.7
9318.2
9339.7
9469.4
9469.5
9583.4
9636.3
9693.9
10276.5
10984.3
11012.4
11160.1
11242.1
11463.9
11530.8
11575.6
11706.2
11963.4
12082.7
12554.2
12578.2
12643.4
13637.1
13646.3
13663.3
13769.1
14023.2
14142.6
14406.6
14715.1
14763.4
14904.3
15182.8
15505.3
15748.4
15925.4
16048.7
16286.1
17077.6
17292.4
18049.0
18097.8
18384.6
18416.2
18806.0
19365.4
19429.7
19801.7
20058.5
20353.3
20407.4
21145.2
21385.3
21888.1
21972.0
22174.8
22236.6
22339.7
22577.6
22611.7
22642.2
