342.9
598.1
697.9
709.4
783.2
788.5
835.8
981.6
1170.9
1455.8
1475.6
1501.7
1556.6
2250.7
2276.0
2287.1
2297.2
2604.0
2675.0
2749.7
3557.9
3583.6
3841.6
3854.0
3875.3
4223.6
4402.3
4419.4
4433.7
4675.3
5488.8
6181.0
6333.9
6768.9
6791.2
6847.7
6926.0
7020.8
7412.6
7679.5
8333.6
8680.4
8691.9
8696.7
8709.9
8821.0
9101.9
9121.4
9812.7
9977.0
10095.5
10121.7
10234.7
11779.7
12115.4
12326.6
12541.7
12603.2
12666.5
12676.6
12715.7
12757.4
13059.5
13488.2
13678.1
13783.0
14025.1
14097.2
14155.8
14274.9
14336.6
14357.6
14530.6
14638.6
14703.1
15142.8
15436.8
15610.1
15649.8
16206.6
16497.3
16696.1
16731.6
16804.9
16881.5
17111.3
17156.6
18007.2
18047.4
18148.3
18388.0
18457.3
18807.4
18970.3
19019.3
19290.5
19763.3
19820.1
19850.3
19865.2
19949.8
20991.2
21798.0
21988.5
22197.1
22660.4
22698.3
22896.2
22906.2
