351.2
354.4
923.8
1088.6
1136.0
1228.2
1345.7
1669.1
1978.5
2050.2
2459.1
2564.3
2568.9
2696.0
2808.1
3149.0
3257.5
3332.9
3403.6
3488.5
3544.8
3627.7
3930.7
4085.3
4234.4
4282.8
4369.0
4398.2
4403.3
4417.6
4429.1
4742.4
4748.8
5045.6
5573.8
5581.8
5948.5
6130.1
6291.6
6485.1
6495.4
6728.3
6801.8
7345.7
7644.3
7745.7
7822.5
8158.3
8158.6
8931.6
9120.9
9177.0
9412.3
9570.8
9613.8
10374.1
10495.3
10592.7
10701.8
10815.1
11424.1
11539.2
11557.8
11665.6
12099.3
12182.2
12484.4
12493.3
12521.0
12570.9
12708.4
12821.9
12914.3
13100.3
13194.2
13230.6
13764.4
13863.1
14024.4
14048.8
14078.6
14115.7
14332.7
14495.6
14639.6
14694.8
15227.5
15415.6
15448.8
15742.5
16003.5
16230.2
16628.1
16728.4
16775.4
16863.5
17041.9
17120.1
17335.0
17594.8
17623.6
17624.6
18202.3
18920.8
19190.4
19205.7
19349.7
19591.9
19611.4
20134.7
20165.4
20167.6
20183.8
20295.5
20360.6
20498.9
20772.4
20994.8
21051.0
21396.4
21541.0
21637.5
21791.9
21860.4
21933.3
22107.3
22330.9
22501.1
22680.2
22720.2
22792.3
