187.7
1454.8
1572.6
1697.5
1849.7
1950.9
2212.2
2508.1
2519.0
2905.9
3227.1
3871.5
3940.3
3950.4
4023.6
4156.7
4317.4
4809.1
5136.2
5241.2
5358.4
5552.4
5614.5
5649.5
5948.7
5952.3
5968.7
6047.6
6190.4
6378.8
6597.6
6697.2
7551.4
7943.4
8136.7
8240.8
8327.4
8529.9
8582.2
8768.5
9275.9
9326.2
9384.9
9435.0
9523.5
10053.6
10490.1
10643.1
11032.0
11259.6
11475.2
11570.6
11661.5
12249.1
12650.1
12971.7
13117.9
13481.8
13489.8
13659.3
13684.4
13927.2
14010.3
14093.0
14168.7
14173.2
14509.7
14572.6
14692.2
14799.1
14805.0
15000.1
15399.6
15406.5
15429.9
15799.9
15805.3
15839.5
15894.5
16554.3
16720.9
16800.3
17094.0
17125.3
17537.8
17621.1
17677.8
17848.6
17995.1
18273.8
18677.3
18798.7
18836.1
18978.2
18978.6
19057.7
19104.6
19189.3
19328.0
19433.6
19863.3
20087.0
20316.6
20330.1
20815.0
20873.2
21066.4
21472.6
21556.1
21639.3
22019.1
22140.3
22452.3
22537.9
22601.8
22725.3
22875.5
22877.3
22901.5
