43.1
81.9
556.2
572.4
622.2
673.8
1084.3
1112.7
1235.7
1392.9
1438.4
1530.1
1543.4
1701.8
1971.4
2017.6
2018.2
2112.2
2124.4
2124.9
2332.1
3002.5
3904.5
3951.2
4235.9
4423.4
4678.8
4688.8
4975.4
5466.8
5946.2
6153.8
6477.9
6599.7
6671.2
6901.6
7023.0
7056.3
7058.8
7127.9
7496.2
7771.9
7880.7
7981.5
8327.4
8794.6
8835.6
9387.4
10020.5
10187.7
10242.2
10293.9
10379.1
10651.3
10693.3
10771.8
10848.7
11154.6
11213.4
11316.7
11483.0
11603.9
11765.8
11936.5
12242.2
12430.2
12544.7
12729.9
12856.0
13324.7
14015.2
14315.0
15160.3
15209.2
15283.4
15496.2
15594.5
15655.7
15682.1
15854.0
16236.9
16361.7
16510.1
16534.2
17299.6
17592.7
17607.9
17846.9
17955.6
18517.9
18659.0
18661.4
18731.1
18881.6
18979.7
19277.6
19548.2
19560.4
19641.5
19900.8
20093.1
20180.8
20938.4
20995.6
21017.7
21596.1
21977.4
22008.8
22020.2
22281.7
22288.7
22425.9
22822.3
