578.0
619.0
685.2
870.7
990.4
1040.7
1042.5
1172.5
1199.6
2217.4
2249.9
2348.7
2579.6
2859.4
3257.7
3488.6
3527.8
3703.6
4192.4
4597.1
4920.2
5171.1
5490.0
5651.4
5652.6
5689.4
5797.5
5910.0
6201.5
6574.1
6698.2
7167.5
7398.1
7464.2
7659.8
7749.2
7977.3
8451.0
8665.4
9785.7
9984.2
10439.4
10500.3
10637.6
10872.1
11150.6
11745.5
11766.2
11839.3
12260.0
12496.5
12647.4
12753.3
12948.4
12958.4
13006.7
13204.3
13304.5
13315.4
13786.7
13849.9
13978.5
13997.1
13998.8
15067.6
15248.9
15465.7
15698.8
15916.6
16005.6
16582.8
16633.0
16654.2
16854.2
16899.6
17188.3
17628.7
17721.5
17986.7
18042.2
18073.0
18132.9
18143.5
18194.3
18374.4
18427.4
18440.3
18802.6
18859.2
19735.8
19782.9
19857.8
19908.0
20289.7
20647.5
20941.1
21092.2
21104.4
21707.2
22042.8
22085.6
22116.5
22216.0
22261.8
22294.6
22518.8
22559.4
22640.8
22687.1
22791.8
22814.2
22954.7
