277.6
747.3
1228.2
1253.6
1675.9
1866.3
1970.1
2017.1
2305.6
2673.9
2769.5
3112.7
3288.0
3374.2
3378.5
3498.9
3570.8
3880.1
3907.3
4007.9
4188.6
4229.8
4444.8
4696.7
4886.9
5490.2
5634.4
6368.9
6824.3
7098.5
7531.4
7728.6
8029.9
8388.5
8578.7
9202.7
9224.0
9651.6
9771.8
9881.7
10043.5
10154.3
10183.9
10311.2
10689.0
10919.2
10923.5
10994.8
10998.4
11027.9
11053.5
11650.8
12171.5
12244.3
12431.2
12558.7
12614.5
12873.2
13006.2
13561.1
13848.5
14424.6
14547.6
14601.2
14808.4
14853.1
14972.0
15107.0
15112.7
15390.0
15688.8
15770.9
16214.7
16376.9
16466.2
16476.2
16639.4
16694.5
16713.9
16967.3
17034.6
17090.4
17252.4
17301.9
17318.3
18601.3
18667.0
18681.9
18939.2
18972.7
19105.4
19203.3
19279.9
19502.5
19670.0
19674.4
19999.1
20046.3
20384.9
20393.8
20422.9
20538.4
20544.4
20610.9
20638.5
20679.9
20827.2
20857.4
21164.3
21183.3
21399.1
21446.5
21463.8
21672.2
21768.3
21772.7
22024.6
22393.7
22580.9
22756.7
