378.3
779.9
1396.3
1675.9
1715.3
2007.7
2022.4
2110.1
2160.5
2245.2
2347.8
2564.5
2856.1
3002.9
3080.2
3183.6
3571.3
3685.9
3864.1
4014.1
4017.6
4099.8
4294.7
4409.2
4491.8
4548.9
4658.7
4662.5
4942.1
4971.2
5181.1
5475.8
5782.7
6382.5
6855.0
7115.7
7425.1
7470.5
7644.8
7664.4
8610.9
8853.4
9095.4
9365.4
9730.0
10233.7
10616.4
10772.8
10979.1
10995.5
11070.4
11074.9
11185.7
11433.1
11667.8
11788.7
11956.8
11965.2
12257.1
12558.3
12893.1
13435.6
13452.6
13660.4
13966.6
14265.5
14679.7
14795.7
14808.9
14865.0
14956.6
15099.5
15215.6
15257.0
15510.5
15583.6
15660.7
15855.7
15964.4
16150.8
16290.1
16500.8
16983.8
17013.4
17503.7
17527.5
17659.7
17788.2
17914.7
18109.7
18622.6
19141.4
19401.5
19492.3
20076.6
20147.9
20430.0
20602.8
20805.6
20942.7
21019.3
21216.7
21443.6
21614.9
21728.0
22650.1
