247.3
397.2
531.5
539.7
710.9
957.3
1138.2
1219.5
1657.9
1754.5
2409.3
3227.7
3403.0
3454.4
3475.1
3543.6
3625.7
3643.5
3935.3
4389.3
4539.1
4578.6
5104.1
5375.9
5465.5
5709.8
5727.5
5899.4
5990.1
6023.7
6135.7
6163.7
6463.4
6531.0
7179.1
7356.3
8106.6
8261.1
8294.8
8339.1
8667.1
9077.7
9449.4
9786.2
9854.8
10179.9
10297.4
10491.7
10647.6
10692.3
10708.9
11316.7
11514.0
11737.2
11922.5
11951.7
11961.7
12046.2
12051.9
12053.8
12221.3
12444.1
12505.7
12657.7
12973.9
13069.2
13631.1
13659.5
13788.9
14447.9
14451.5
14673.5
14692.6
14721.8
14828.8
14977.5
15003.7
15013.0
15029.2
15521.9
15572.2
15867.2
16385.4
16495.0
16495.7
17321.0
17452.9
17549.7
17609.7
17732.8
17739.3
17959.9
18133.4
18370.4
19082.2
19491.7
19963.4
20482.3
20659.4
20757.0
20840.5
20908.2
20909.7
20918.8
20973.2
20975.5
21032.2
21196.2
21229.9
21544.1
21970.2
22136.9
22351.7
22941.6
