147.1
201.2
209.0
404.3
425.5
512.9
1057.3
1129.6
1333.2
1376.0
1402.1
1683.8
1735.9
1755.5
1789.4
1872.0
1902.5
2020.2
2027.4
2315.8
2369.1
2637.3
2759.9
2841.2
3187.9
3340.6
3604.4
4081.3
4516.1
4583.2
4645.9
4661.5
4704.8
4754.8
5294.1
5561.6
5752.4
5840.2
6047.8
6192.9
6275.8
6315.6
6691.2
6842.7
7191.3
7456.2
8105.2
8624.4
8875.7
9196.4
9726.8
9903.4
10076.6
10141.7
10355.7
10648.1
10674.3
11049.6
11322.5
11406.3
11644.2
12685.8
13024.9
13151.8
13296.1
13297.6
13620.3
13689.0
13727.8
13833.5
14211.5
14233.4
14683.8
15160.6
15419.2
15577.8
15808.4
15915.4
16138.5
16613.1
16621.6
16855.1
16875.6
17171.4
17572.5
17612.3
17726.0
18084.9
18315.8
18441.5
18757.3
18919.8
19114.0
19541.0
19628.8
19715.2
19768.2
19856.0
20013.3
20077.5
20165.9
20173.9
20365.7
20369.2
20730.1
20855.8
21084.2
21121.8
21657.6
21831.9
21874.2
22377.4
22413.7
22814.2
