6.6
91.9
805.9
918.7
1365.6
1534.1
1590.9
1948.5
1989.8
2155.2
2860.4
3189.8
3746.5
3881.9
4215.7
4292.0
4669.3
4778.5
4854.7
4967.9
5759.0
5905.0
6014.5
6171.5
6412.3
6505.9
6558.9
6584.7
6598.7
6782.3
6948.3
7396.0
7425.5
7531.5
7616.4
7991.6
8077.7
8597.8
8781.0
8990.5
9167.4
9302.7
9308.7
9323.5
9858.9
9970.6
10031.2
10159.2
10197.0
10761.0
10982.3
11087.9
11141.9
11187.6
11369.3
11883.8
12212.9
12334.8
12368.7
12401.5
12410.4
13187.3
13316.2
13565.0
13694.9
13977.8
14301.2
14505.7
14625.1
14663.3
14849.9
15100.4
15130.6
15298.6
15510.7
15681.5
15756.8
15927.8
16107.2
16227.3
16239.8
16676.8
17206.0
17358.3
18143.8
18287.2
18299.3
18312.9
18492.2
18531.3
18601.4
18641.9
18789.4
18909.1
19073.2
19192.0
19735.2
20327.8
20870.5
21250.4
21357.3
21832.6
22065.7
22090.6
22132.9
22144.5
22549.3
22599.3
22624.4
22780.1
