413.3
854.8
1397.1
1408.5
1580.7
1811.2
2091.9
2093.0
2154.8
2157.0
2158.7
2255.1
2648.3
2988.6
3082.2
3520.4
4392.8
4865.5
4965.3
5669.1
5715.6
5756.2
5784.6
5841.8
5903.4
6131.7
6269.2
6606.4
6720.9
6871.9
6941.1
7378.9
7713.3
7714.1
7874.4
7996.0
8148.7
8286.1
8390.0
8641.8
8682.3
8787.5
8863.1
8988.6
9422.0
9440.4
9444.5
9453.6
9627.7
9678.1
9757.8
9899.1
10108.6
10126.1
10167.3
10432.5
10699.0
10737.9
10766.8
10831.9
11160.1
11259.5
11394.2
11663.9
11683.1
11755.5
11836.2
12390.2
12495.8
12567.1
12838.1
13264.9
13271.5
13334.2
13368.9
13383.2
13450.9
13454.8
13582.5
13604.7
13885.7
14343.5
14387.5
15737.5
15803.3
15912.2
15945.2
16236.3
16473.3
16527.7
16696.6
16727.7
16755.9
17013.7
17215.4
17266.0
17274.5
17563.0
17658.3
17775.8
17828.6
18226.1
18639.4
18671.8
18989.5
19019.2
19027.8
19139.2
19293.6
19440.5
19614.8
19702.5
19910.7
20018.7
20266.0
20457.0
20708.3
20751.9
21256.0
21461.4
21525.5
21753.8
22135.9
22329.4
22442.5
22469.8
22502.4
22718.4
