68.9
84.8
167.7
240.7
300.0
877.3
933.3
1049.7
1214.1
1459.9
1471.5
1606.6
1982.7
2565.0
2728.0
2741.7
3016.0
3226.5
3567.8
3637.1
4182.6
4717.3
4798.4
4874.9
4936.1
5208.5
5212.2
5325.6
5376.8
5423.9
5468.7
5616.3
5742.9
5904.9
5911.0
6038.4
6315.9
6329.3
6392.3
6842.2
7041.3
7084.8
7365.4
7375.8
7448.0
7915.0
8083.7
8314.7
8528.7
8557.6
8798.6
8906.1
8944.5
9027.6
10039.0
10198.7
10459.5
10656.0
10843.2
10981.1
10989.9
11059.4
11264.7
11314.8
11323.6
11470.8
11477.2
11538.9
11709.5
11947.8
12175.0
12407.6
12522.2
12792.8
14153.6
14324.7
14354.9
14565.4
14597.3
14634.9
14740.8
15117.8
15497.9
15643.1
16055.5
16154.5
16241.5
16268.6
16568.3
16590.0
16596.9
16671.0
16736.3
17842.8
18270.0
18474.1
18485.6
18525.6
18657.9
18776.8
19220.7
19337.0
19412.8
19437.9
19491.0
19619.1
19635.5
19734.1
19848.1
19896.2
19991.4
20052.0
20142.7
20625.8
20629.6
21257.7
21514.5
21561.5
22584.7
22730.3
