606.5
868.7
1151.4
1171.9
1240.0
1393.5
1935.2
2064.9
2157.9
2200.0
2348.0
2373.1
2473.8
2635.1
3165.6
3467.8
3584.1
3740.4
3909.6
4093.2
4199.8
5096.1
5325.4
5377.2
5537.8
5818.4
5969.2
6137.1
6282.5
6776.9
7277.2
7361.4
7786.9
7941.5
8569.8
8951.5
9159.2
9297.5
9298.4
9878.3
9966.9
10032.9
10320.7
10486.0
10566.1
10613.9
10842.0
11002.9
11384.5
11505.4
11826.4
11833.3
12282.2
12586.5
12792.7
12798.1
13211.1
13271.8
13520.6
14216.9
14272.8
14644.4
14673.2
14674.6
14849.3
14857.9
14869.2
15098.9
15109.6
15151.5
15397.7
15428.5
15854.4
15951.8
16161.4
16783.5
16883.4
16895.3
16991.8
17118.2
17196.0
17280.0
17320.1
17859.1
17889.0
17893.2
17957.5
18110.7
18133.0
18189.0
18367.6
18409.4
19046.1
19061.7
19071.2
19288.1
19343.1
19503.4
19808.3
19998.3
20177.8
20204.0
20415.7
20433.0
20535.6
20628.1
20706.1
20907.4
20980.0
21045.1
21146.9
21651.5
21652.1
21945.4
21973.7
22098.4
22101.8
22354.5
22541.1
22630.1
