84.9
375.3
451.2
580.1
694.4
958.1
1135.1
1287.4
1619.9
1652.0
2154.0
2518.0
2620.1
2849.1
2883.0
3204.5
3688.9
3814.5
3871.8
3885.2
3885.4
4137.2
4174.9
4220.8
4336.3
4560.0
4785.7
5169.0
5415.7
5534.6
5636.6
5697.4
5801.3
5869.8
6341.4
6562.5
6624.6
6643.9
6695.6
6805.2
6947.3
7397.6
7432.3
7499.3
8047.2
8240.4
8351.2
8579.4
8743.8
8760.7
9072.4
9167.7
9437.5
9443.9
9480.9
9492.6
9662.0
10168.4
10176.3
10909.3
10949.6
11038.3
11073.4
11084.5
11199.1
11839.7
11856.0
11901.0
12093.6
12121.1
12390.8
12542.1
12874.3
13268.5
13609.5
13683.6
13702.2
14039.7
14275.5
15149.5
15252.1
15293.0
15886.6
16443.4
16494.2
16900.4
16962.5
17232.8
17426.7
17721.7
17945.9
18000.9
18132.9
18140.0
18152.0
18245.8
19458.7
19507.6
19754.1
19976.3
20202.0
20213.8
20244.9
20643.9
20849.5
21127.0
21130.7
21372.8
21859.8
22366.3
22387.4
22515.4
22546.2
22708.0
