109.2
190.3
234.7
704.0
801.5
1030.7
1359.9
1590.0
1612.0
1931.2
2396.8
2456.0
2618.4
2632.9
2853.6
3004.3
3676.7
3759.1
3819.9
3835.7
3926.2
4025.6
4031.6
4062.4
4168.8
4214.7
4653.0
4891.2
4934.0
4952.9
4973.5
5544.6
5592.8
6153.2
6232.0
6268.6
6337.2
6470.5
6611.9
6664.1
6687.1
7108.7
7217.1
7270.6
7374.3
7453.5
7939.6
8127.3
9047.3
9162.7
9418.7
9477.5
9524.8
9750.9
9831.3
10168.2
10404.2
10512.2
10533.4
10772.1
10811.9
11239.8
11376.4
11901.8
11908.0
12507.6
12627.2
12775.6
12810.1
12891.2
12960.3
13310.6
13401.8
13480.6
13534.7
13736.2
13877.2
13901.3
14360.1
14544.4
14728.2
15245.0
15382.6
15427.5
15607.2
15710.6
16011.3
16316.0
16506.6
16620.1
16704.0
16892.0
17162.3
17442.3
17602.2
17790.6
17978.8
18154.7
18197.1
18502.5
18732.7
18741.0
18823.2
18872.7
19381.2
19419.1
19610.3
19658.5
19677.3
19752.1
19890.3
19980.6
21162.1
21426.2
21593.9
21906.3
21978.2
22044.1
22496.0
22527.8
22737.3
