30.2
328.9
870.4
921.4
1068.0
1279.5
1476.0
1485.6
1542.0
1603.3
2025.6
2119.2
2352.5
3218.7
3600.5
3769.7
3870.5
3969.8
4210.2
4305.4
4922.4
5122.4
5278.4
5518.6
5874.3
5921.9
5922.8
6860.2
6885.8
6931.5
7099.7
7251.3
7403.7
7578.4
7815.1
7903.2
7943.9
8197.1
8223.9
8286.0
8307.1
8381.6
8389.6
8407.4
8717.1
8744.4
8916.5
9489.2
9520.3
10050.9
10079.8
10224.8
10329.6
10848.3
11186.4
11188.0
11304.9
11316.1
11359.7
11461.4
11614.4
11669.8
11910.9
12179.7
12310.1
12310.6
12395.6
12427.1
12718.4
12749.8
12845.7
12916.7
13117.9
13229.9
13418.6
13441.8
13737.7
13837.1
14066.3
14670.0
15109.2
15517.2
15532.5
15914.2
16059.3
16153.0
16165.0
16240.2
16346.3
16503.5
16822.5
16988.5
17137.4
17430.1
17776.5
17962.4
18119.3
18265.3
18485.1
18668.1
18684.6
19131.8
19250.7
19543.2
20426.6
21004.4
21057.6
21205.1
21316.6
22134.6
22314.2
22327.5
22628.3
