144.2
257.6
474.2
562.3
643.8
654.2
784.7
1094.7
1305.6
1615.7
1663.6
1919.3
2160.9
2250.8
2366.3
2378.2
2454.9
2578.2
2598.0
2648.5
2873.9
3110.9
3522.8
3629.6
3930.6
3933.3
3978.7
4598.6
5009.7
5014.4
5153.3
5165.3
5562.8
5679.7
5735.0
6140.6
6237.1
6418.9
6604.3
6863.0
7157.3
7881.1
7926.4
8152.2
8205.0
9049.1
9054.2
9081.6
9553.0
9612.3
10155.5
10172.1
10510.8
11009.7
11041.9
11351.1
11545.5
11689.0
12174.3
12296.3
12298.2
12371.0
12527.1
12639.1
12755.2
12761.0
13113.8
13222.2
13256.4
13285.1
13419.5
13848.2
14029.7
14071.8
14725.8
15474.3
15763.5
16072.8
16742.8
16754.6
17105.0
17233.4
17362.6
17363.3
17590.5
17866.3
18197.7
18372.1
18406.3
18741.4
18779.5
18792.4
19004.7
19190.7
19408.8
19704.4
19970.1
20060.3
20920.1
21155.9
21163.3
21390.2
21643.3
22830.9
22979.4
