414.1
544.6
926.2
1172.7
1307.2
1579.0
1586.7
1812.6
2571.9
2796.6
2815.9
3088.2
3504.9
4221.6
4357.6
5293.0
5433.0
5492.8
5593.3
5616.1
5963.4
6079.2
6423.3
6465.2
6668.8
7257.0
7755.0
7806.7
7810.7
8038.3
8108.3
8218.3
8987.3
9614.6
9671.4
9715.8
9722.9
9779.2
10412.1
10740.2
10919.6
11272.0
11418.6
11649.7
12112.4
12295.7
12510.7
13077.4
13097.3
13199.8
13342.6
13409.7
13689.8
13861.2
13876.8
13976.5
14156.4
14243.2
14419.7
14807.1
14838.1
14956.4
15007.6
15509.9
16255.7
16503.5
16660.1
16696.3
17217.3
17295.5
17729.7
17879.3
17967.1
18028.0
18131.3
18182.0
18371.1
19339.8
19652.1
19743.3
19743.9
19882.8
19986.1
20610.5
20643.1
20667.5
20704.9
20927.3
21130.7
21205.3
21271.7
21748.3
21763.1
21791.4
21872.8
21972.5
22007.8
22387.7
22551.1
22625.6
22674.6
22699.0
