304.4
417.4
454.7
836.1
1194.3
1480.7
1714.4
1756.5
2093.7
2275.0
2959.5
3238.2
3323.6
3372.6
3567.2
4144.8
4437.4
4565.6
4612.5
4661.6
4742.4
5088.0
5288.7
5323.1
5718.1
5768.3
6357.4
6564.8
7097.9
7329.8
7431.9
7635.7
7886.1
7895.0
8311.2
9064.9
9293.7
10232.7
10294.8
10574.1
10589.8
10651.7
10652.1
10657.7
10739.8
11014.8
11094.3
11585.6
11594.0
11742.3
11913.8
11966.1
12203.1
12770.1
12869.3
14062.2
14179.6
14260.7
14481.6
14556.0
14974.8
15440.7
15766.6
15770.2
15850.0
15883.9
16008.1
16799.2
16845.2
16983.4
17092.8
17164.7
17230.9
17318.4
17427.5
17506.5
17536.6
17593.1
18058.4
18354.2
18406.2
19045.1
19206.6
19344.2
19861.6
19972.3
20702.0
21013.5
21189.0
21315.4
21460.6
21541.2
21738.0
21915.7
21985.3
22349.0
22381.0
22454.1
22467.0
22759.5
22881.2
22936.3
