606.9
986.1
1130.4
1180.4
1232.7
1300.6
1322.1
1752.8
2218.0
2340.1
2709.6
2842.2
2876.7
2938.1
3383.6
3443.9
3612.8
3917.5
3998.3
4012.9
4065.5
4337.1
4453.8
4466.4
4740.1
4799.2
4988.5
5036.6
5161.4
5164.4
5466.7
6300.2
6525.6
6652.4
7118.2
7540.1
7863.5
7898.3
7922.2
8010.6
8389.3
8427.3
8736.6
9190.7
9742.3
9998.4
10095.3
10208.8
10445.3
10628.8
10864.5
10944.6
11017.7
12170.7
12531.7
12956.5
12999.8
13120.9
13181.7
13772.7
13779.5
13888.0
14401.7
14547.4
14779.4
15132.5
15166.9
15263.8
15323.1
15881.6
15988.0
16121.5
16315.3
16332.2
16336.0
16420.2
16950.8
17216.5
17275.2
17306.5
17536.9
17740.1
17886.7
18270.3
18386.6
18930.6
18972.9
19029.3
19048.3
19178.2
19963.7
19996.4
20217.8
20225.0
20279.4
20660.2
20766.4
21380.1
21448.7
21451.2
21519.4
22205.3
22236.1
22562.4
22802.5
