232.3
381.1
475.6
496.0
994.5
1041.6
1291.5
1302.5
1368.4
1539.6
1695.1
2042.0
2245.0
2475.1
2643.3
2723.8
3208.8
3371.8
3420.9
3734.0
4893.5
4976.0
5138.7
5526.5
5663.6
6152.6
6420.5
6575.9
6837.1
7608.5
7775.6
7965.7
8177.4
8469.7
8653.9
9302.4
9527.6
9553.2
9737.9
9776.0
9811.1
9835.5
10003.3
10044.3
10173.1
10337.3
10350.9
10354.5
10776.9
11227.6
11494.9
11635.9
11809.8
12281.4
12369.3
12402.4
12598.2
12912.8
12922.7
13020.2
13029.6
13135.3
13837.2
13885.2
13947.8
13962.4
13983.2
14069.2
14325.7
14353.1
14744.4
14925.9
15159.7
15242.0
15454.6
15488.3
15657.3
15821.9
16062.5
16145.1
16779.4
17014.2
17216.0
17683.4
17755.3
17853.4
18011.2
18074.7
18132.2
18330.6
18773.4
19174.1
19264.4
19380.4
19413.2
19888.2
20011.6
20089.8
20182.2
20470.6
20821.3
20906.0
21012.5
21102.4
21457.3
21499.7
21680.5
21682.1
21777.1
21907.2
22487.4
22564.3
22591.0
22591.1
22651.4
22713.6
22918.0
22934.9
