160.6
326.6
363.9
428.5
562.6
624.0
723.7
785.8
812.2
836.9
1350.1
1364.7
1466.8
1475.4
1562.7
1570.5
1669.5
1736.0
1940.7
2123.1
2262.8
2854.6
3147.3
3248.2
3251.5
3389.9
3535.3
3597.5
4024.3
4418.6
4429.7
4463.0
4776.2
5019.6
5336.5
5422.4
5441.1
5759.8
5827.7
5916.3
5965.9
6248.1
6932.6
7424.0
7666.7
7863.9
7915.8
7968.5
8290.6
8332.2
8634.3
8720.4
8986.0
9276.3
9374.9
9937.4
10035.7
10042.8
10278.7
10284.8
10429.1
10743.5
10747.4
10987.2
11050.2
11263.7
11534.7
11585.4
11678.9
11702.6
11834.5
11945.8
12011.7
12249.4
12346.9
12371.9
12489.2
12700.4
13130.7
13661.1
13868.2
13946.6
14449.7
14661.4
15031.3
15094.9
15150.7
15415.9
15638.9
16059.8
16232.3
16302.9
16375.7
16449.4
16628.4
16907.2
17074.1
17128.8
17148.2
17553.0
17610.7
17664.9
17700.5
17868.1
17876.6
17969.2
18300.3
18688.2
18879.2
19066.7
19304.7
19318.0
19684.4
20045.6
20256.9
20291.1
20337.1
20472.2
20829.1
20923.6
21006.7
21066.1
21115.3
21145.7
21276.1
21365.9
21488.8
21516.4
21759.8
21994.4
22339.0
22887.3
22925.3
