371.1
508.9
702.0
932.7
1066.5
1213.7
1262.7
1700.1
1771.8
1826.7
1872.2
2365.4
2813.5
2908.6
2956.7
3342.2
3527.8
3722.1
3752.6
3789.1
3825.9
3989.5
4083.7
4526.0
4568.9
4949.9
6066.9
6230.1
6458.3
6565.8
6631.2
7024.3
7682.5
7842.7
8387.9
8535.1
8616.0
8877.2
8940.9
9669.5
9867.1
10112.8
10160.0
10204.0
10440.9
10554.8
10696.2
10843.2
10888.3
10931.6
10933.7
10988.5
11106.9
11246.3
11297.0
11746.6
12001.8
12015.2
12146.3
12148.5
12175.6
12266.7
12702.8
12813.4
13082.8
13117.5
13333.0
13698.0
13796.3
13864.9
14130.4
14197.3
14566.8
14651.3
14816.9
14848.9
15090.3
15097.9
15119.4
15231.9
15282.2
15627.7
15678.3
15703.9
16062.5
16372.1
16390.5
16536.5
16555.2
16747.7
16789.8
16900.0
16958.4
17469.9
17576.0
17705.8
17949.3
18174.7
18230.6
18573.2
19428.7
19629.7
19736.7
19799.3
19887.7
19957.5
20128.0
20601.2
20627.9
20746.2
20943.1
21230.3
21256.9
21589.0
21832.4
21858.8
21954.4
22175.3
22360.1
22383.5
22530.5
22703.0
22732.4
22880.3
