363.5
664.0
998.9
1086.5
1255.6
1579.2
1592.9
1842.3
2220.1
2222.6
2590.8
2661.8
2678.2
2923.4
3133.3
3653.5
3785.9
3930.9
4042.4
4381.2
4573.3
4898.7
4980.5
5265.6
5349.4
5401.4
5442.3
5653.8
5742.9
6042.3
6071.6
6097.7
6566.8
6571.3
6922.1
7145.7
7266.5
7319.3
7411.0
7893.3
8003.0
8138.0
8164.8
8198.1
8199.1
8313.1
8374.7
8537.1
8889.3
9618.7
9644.5
9807.3
9869.1
9976.5
9990.3
9992.4
10432.6
11029.8
11193.8
11255.6
11269.7
11293.2
11304.6
11585.3
11615.4
11642.9
12246.2
12350.9
12469.6
12478.1
12628.9
12631.4
12746.4
12988.7
13226.1
13421.1
13482.5
13517.7
13711.1
13969.7
14201.1
14416.6
14944.1
15444.1
15555.6
16020.3
16224.7
16628.8
16684.3
16825.4
16840.3
16854.4
17065.5
17223.5
17470.9
17756.4
17887.8
18252.9
18268.6
18609.4
18848.4
18867.3
18926.1
19131.4
19198.1
19270.2
19318.0
19358.3
19429.8
19862.7
19870.6
19871.4
20149.7
20542.0
20556.4
20595.9
21147.0
21187.2
21187.4
21490.5
21581.6
21741.4
21866.4
22087.6
22480.6
22556.6
22714.4
22884.3
22985.7
