147.1
153.8
288.6
307.5
344.3
539.1
567.1
696.4
823.0
1091.6
1705.9
1860.0
2102.8
3032.3
3240.4
3336.0
3447.4
3541.3
3791.1
4011.7
4036.1
4205.0
4376.6
4382.2
4947.1
5227.6
5476.7
5776.9
5816.4
5984.3
6018.5
6688.3
7250.0
7360.6
7373.6
7712.5
7800.2
7888.4
8010.0
8434.7
8803.8
8948.3
8973.5
9060.4
9109.8
9137.3
9319.4
9904.8
10256.5
10461.6
10661.0
11182.6
11369.4
11822.4
12479.2
12960.8
13272.5
13596.0
13703.3
13952.8
14065.4
14131.3
14147.8
14188.1
14438.2
14440.4
14588.2
14674.2
14798.2
15243.6
15356.5
15393.7
16468.5
16637.5
16661.0
16864.8
17143.8
17309.8
17364.5
17439.1
17667.1
17865.9
18235.3
18553.3
18854.5
19055.4
19245.4
19489.1
19497.7
19645.8
19779.4
20022.2
20170.6
20516.3
20807.7
20872.0
21199.3
21317.1
21328.0
21363.9
21662.5
22186.2
22377.5
22462.9
22763.0
22913.1
