612.4
1483.1
1934.6
2502.5
2520.9
2572.5
2753.0
2821.1
2851.2
2882.3
3068.9
3152.3
3433.0
3553.1
3648.5
4239.1
4352.3
5307.0
5337.4
5592.6
5920.4
5986.6
6307.2
6784.1
6990.2
7503.7
7589.0
7692.0
7717.0
8284.8
8348.0
8351.7
8369.0
8385.0
8390.4
8932.9
9022.8
9112.2
9137.5
9156.0
9469.8
9558.8
9632.0
9846.0
9946.2
10028.8
10037.8
10281.2
10305.0
10538.9
10561.8
10618.0
10806.2
10811.2
10911.9
10932.3
11691.1
11697.2
11744.6
11744.7
11814.1
12618.7
12651.5
12653.5
12826.1
12869.0
12902.7
12928.9
12936.9
13295.1
13309.4
13531.7
13608.4
14282.5
14501.3
14655.6
14784.9
14800.9
14824.8
14837.6
14986.7
15178.9
15186.6
15218.9
15233.8
15287.8
15337.9
15470.8
15759.2
15800.8
15912.5
15922.4
15957.9
16005.0
16020.7
16367.4
16593.9
17202.9
17454.0
17633.1
17681.5
17684.5
17723.9
17785.9
17888.8
18273.0
18277.9
18428.5
18641.0
18692.8
19052.2
19083.7
19089.5
19257.6
19902.4
20237.3
20255.2
20418.0
20914.2
20973.6
21296.7
21427.4
21509.2
21513.4
21750.1
21766.1
22289.5
22312.0
22356.3
22450.7
22593.4
22665.0
