221.6
267.6
1001.0
1539.7
1869.2
1912.5
1932.0
2138.0
2735.2
3046.4
3234.8
3277.5
3425.4
3473.5
3719.5
4065.0
4469.6
4586.3
4732.2
5088.9
5107.1
5136.5
5589.0
5826.5
5837.8
6003.1
6139.3
6264.1
6288.3
6308.7
6411.4
6451.0
6457.4
6562.7
6814.6
7288.8
7326.8
7514.6
7591.2
7774.9
7924.4
7927.8
8084.9
8481.7
8576.6
8619.4
8770.9
8915.5
8957.8
8977.4
9108.0
9118.7
9306.9
9707.7
9824.6
10087.8
10210.9
10320.4
11429.8
11940.4
11974.6
12062.8
12564.2
12789.0
12890.7
13035.0
13203.1
13425.6
13584.0
13678.0
13875.1
13876.4
13996.8
14171.2
14994.3
15424.2
15448.8
15512.5
15826.9
16137.8
16555.6
16628.0
17163.5
17345.6
17527.5
17598.1
17912.7
17932.9
18535.7
19199.5
19424.1
19553.4
19644.6
19703.7
19719.2
19753.3
19926.0
19991.5
19996.6
20185.3
20518.0
20538.8
20965.6
21142.9
21147.7
21245.0
21495.8
21812.5
22004.3
22644.2
22667.0
22819.0
