76.5
166.9
376.7
514.2
695.0
1594.8
1677.4
1929.1
1974.7
2358.5
2457.3
2644.1
2815.8
3178.5
3213.4
3406.2
3608.6
3817.9
3886.1
3999.3
4040.7
4235.8
4253.2
4494.4
4591.4
4623.2
4928.8
5298.4
5403.5
5432.8
5486.3
6007.5
6345.8
6899.8
6956.7
7102.4
7435.7
7646.2
7662.2
7713.4
7785.7
8099.2
8110.2
8137.9
8155.6
8180.8
8200.1
8507.3
8531.0
8586.8
9185.7
9405.0
9454.0
9560.2
10481.6
11312.5
11490.3
11584.9
11919.2
12869.5
13094.5
13096.7
13386.3
13396.6
13449.8
13649.7
14283.0
14482.9
14520.6
14874.5
15000.0
15036.2
15315.2
15384.3
15718.3
15860.2
16139.4
16228.3
16336.6
16419.3
16545.6
16891.5
16895.9
17342.8
17345.0
17934.1
18052.6
18748.9
18774.8
18782.8
19106.8
19132.8
19504.2
19532.1
19605.9
19826.7
20148.1
20347.1
20653.6
20694.2
20915.5
21152.7
21206.7
21240.7
21565.0
21762.4
22072.8
22383.4
22575.4
22593.3
22743.4
