125.2
232.7
320.2
379.9
442.3
447.4
743.3
854.9
920.6
1013.7
1069.4
1081.6
1462.6
1714.5
1783.8
2216.6
2676.4
3098.5
3133.9
3664.3
3854.0
3900.2
4141.3
4300.9
4346.7
4711.8
4947.4
5035.2
5047.0
5170.7
5592.6
5802.7
5991.1
6084.5
6732.8
6746.0
7143.7
7193.0
7258.6
7624.1
7828.7
7854.1
8030.0
8242.0
8448.8
8533.7
8572.5
8640.3
8716.1
9317.8
9438.7
9617.4
10093.1
10139.5
10342.5
10476.8
11020.8
11102.8
11251.4
11538.1
11557.7
11840.1
11948.5
12133.5
12342.2
12691.4
12786.5
12849.4
12968.9
13271.3
13272.7
13340.4
13419.5
13720.1
13923.0
14160.7
14173.7
14448.1
14633.3
14636.7
14788.9
15153.4
15186.9
15781.2
15981.3
17049.0
17462.5
18050.1
18182.3
18203.5
18323.2
18355.3
18422.1
18573.3
18763.1
18805.6
18808.0
18836.1
18946.5
18948.9
19014.6
19095.9
19172.8
19416.8
19661.2
19690.0
19705.1
19707.8
20191.0
20443.2
20557.0
21220.5
21356.3
21754.8
22676.0
22823.6
