473.6
487.4
647.3
686.0
799.1
867.8
1062.2
1123.3
1164.6
1443.7
1457.5
1563.9
1773.5
1953.5
2032.8
2186.9
2247.3
2737.7
3065.3
3086.3
3126.8
3161.8
3173.7
3255.6
3303.3
3727.2
4266.4
4573.0
5094.5
5198.3
5406.5
5565.6
5640.1
5698.7
5706.6
5874.6
5938.5
6240.3
6902.1
7255.6
7298.2
7308.4
7479.0
7489.6
8276.5
9096.1
9318.6
10331.3
10468.0
10853.7
10912.3
10923.3
11032.2
11192.0
11204.6
11258.6
11771.6
11772.4
12396.9
12411.2
12421.6
12951.9
12986.6
13009.6
13857.4
14365.0
14499.9
14872.0
15082.7
15232.4
15795.1
15999.0
16062.4
16304.7
16480.7
16544.9
16702.0
17082.6
17242.7
17420.6
17428.5
17643.1
18522.0
18627.2
19119.5
19211.5
19281.3
19298.7
19350.2
19369.5
19802.8
20329.5
20342.3
20600.4
20712.0
20756.4
20867.4
20966.9
21001.7
21017.2
21403.0
21515.5
22066.3
22709.2
22726.2
22855.8
