178.6
389.7
516.9
1227.8
1445.3
1667.3
1796.3
2417.3
2714.1
2815.2
3105.2
3253.5
3324.1
3333.5
3644.1
3849.3
3985.6
4279.9
4677.8
4678.0
4695.6
4897.6
5103.3
5420.8
5438.4
5475.5
6006.7
6310.7
6441.5
6859.3
6860.5
6960.6
7465.8
7566.1
7623.2
7680.7
8366.4
8445.7
8515.6
8798.9
8861.1
9257.2
9399.1
9513.1
9526.0
9613.8
9845.4
9988.4
10085.2
10182.3
10543.8
10572.1
10850.1
11207.4
11343.0
11438.5
11442.0
12099.3
12114.4
12542.7
12701.8
12711.8
12755.0
12949.3
13124.5
13139.4
13146.7
13267.2
13690.3
13982.8
14195.9
14440.6
14963.8
15082.0
15385.2
15594.7
15602.2
15743.5
15849.1
15920.3
15929.0
16278.0
16744.8
16781.3
17142.3
17160.9
17358.8
17466.8
17710.2
17974.8
18076.3
18281.1
18303.8
18530.6
18988.2
19172.4
19607.3
19833.3
20023.2
20194.3
20363.6
20381.4
20487.4
20509.6
20554.1
20570.2
20593.4
20786.8
21208.5
21245.1
21566.6
21575.5
22146.4
22289.6
22470.7
22560.8
22720.7
22772.4
22839.2
22913.9
