127.1
454.4
570.7
629.5
745.7
1359.2
1549.6
1573.2
1687.3
1810.4
1842.9
1982.6
2233.2
3023.3
3079.0
3553.4
3673.1
3945.9
3956.6
4011.8
4320.4
4682.0
4743.4
4767.4
4814.9
5101.1
5152.8
5379.0
5529.0
5581.4
5643.3
5653.4
5973.1
6090.5
6172.4
6255.7
6538.5
7062.3
7144.6
7396.2
7422.3
7473.2
7482.5
7614.8
7984.6
8270.9
8333.1
8419.0
8480.2
8655.2
8789.7
8827.5
8897.1
8985.7
10203.4
10383.3
10511.0
10602.5
10692.9
10784.6
10862.9
11120.1
11297.2
11395.9
11668.3
11964.5
12421.3
12538.2
13245.3
13541.1
13566.9
13773.3
13888.7
14051.0
14175.2
14309.6
14324.3
14847.1
14997.9
15089.2
15277.5
16434.4
16600.3
16669.4
16869.6
16902.3
17035.7
17133.1
17156.9
17228.8
17278.1
17344.3
17517.4
17560.6
17644.9
18184.3
18259.2
18292.1
18342.3
18412.1
18537.8
18545.7
18658.2
18842.2
18876.2
19005.8
19329.2
19343.8
19412.8
19522.5
19645.4
19773.9
20216.6
20368.2
20674.6
20776.5
20901.3
20933.4
21065.9
22004.8
22333.6
22688.5
22960.8
