296.1
380.3
701.4
806.5
986.9
1037.9
1052.1
1085.0
1187.2
1279.5
1910.2
2440.7
2538.8
2715.2
2925.2
3097.7
3224.9
3266.5
3486.0
3513.0
3756.2
4003.9
4412.2
4716.5
4902.3
4949.7
5227.9
5273.9
5308.2
5329.2
5613.8
5662.6
5836.9
6249.1
6469.2
6605.3
6672.5
6970.5
7055.9
7143.2
7223.0
7284.4
8022.8
8072.1
8138.7
8262.2
8287.8
8451.5
8571.2
8651.3
8697.1
9051.0
9077.4
9383.6
9461.7
9494.4
9510.6
9532.8
10042.7
10828.7
10905.4
10991.4
11184.6
11227.1
11584.4
11614.8
11720.1
11803.4
11886.5
11916.7
12253.4
12338.0
12595.6
12697.0
12855.3
12860.6
13331.7
13366.1
13729.4
13991.8
14349.6
14491.2
15401.7
15571.8
15742.6
15783.1
15946.9
16038.1
16138.7
16216.6
16261.9
16402.4
16447.9
16746.3
16775.2
17018.2
17431.7
17752.4
18290.2
18379.5
18403.1
18439.9
18741.0
18934.8
19525.4
19624.1
19726.9
19753.0
19971.6
19973.0
20006.0
20163.1
20650.1
20674.5
20677.3
21109.5
21242.6
21263.5
21329.0
21332.6
21351.5
21591.3
22631.1
22919.2
22945.3
