8.0
185.3
426.5
592.6
631.3
784.8
866.1
968.1
1065.9
1424.3
1579.9
1590.3
1947.1
2142.9
2385.5
2456.5
2673.4
2863.2
2940.2
3038.0
3212.5
3232.4
3255.6
3489.0
3656.6
4054.5
4074.6
4086.8
4090.0
4281.7
4314.7
4739.7
5016.5
5338.4
5865.0
6135.2
6524.9
6652.4
6797.8
7067.2
7218.6
7222.5
7463.6
7487.9
7639.0
7644.5
7892.5
7924.1
7983.8
8395.6
8700.6
8761.8
8772.3
8974.4
9047.3
9314.7
9433.6
9794.8
10092.8
10204.3
10693.6
10709.9
10758.1
11762.9
11807.2
12045.9
12070.5
12336.5
12363.4
12432.2
12487.1
12637.7
12742.4
12781.6
12970.4
13142.8
13959.2
13969.4
14107.6
14228.0
14655.7
15233.9
15256.2
15264.3
15363.8
15507.3
15526.8
15564.9
15668.1
15778.8
15970.5
16331.9
16350.6
16384.6
16731.5
17004.7
17363.9
17393.8
17526.5
17537.9
17577.5
17665.7
17747.1
17900.8
18367.4
18916.9
19407.4
19416.9
19455.1
19650.2
19696.0
19763.9
19882.7
20057.4
20206.8
20515.7
20588.4
20789.1
21001.9
21168.8
21533.1
21701.6
21739.1
21773.0
21808.1
22102.7
22587.3
22846.1
22910.1
22963.8
