104.6
249.9
676.5
684.4
900.9
2135.8
2404.9
2756.2
2830.1
2875.0
3110.4
3185.8
3209.8
3340.6
3401.7
3687.9
3831.3
4077.2
4191.7
4267.2
4945.2
5960.0
6070.4
6107.9
6292.8
6320.0
6462.8
6741.8
6806.7
6975.3
7501.3
8593.7
8630.7
9041.9
9070.2
9121.1
9528.1
9694.8
9787.2
9867.0
10240.2
10304.3
10514.2
10567.1
10619.4
10623.8
10676.1
10923.3
10975.0
11551.1
11889.0
12046.4
12233.1
12328.9
12581.0
12804.1
13316.6
13486.1
13515.1
13753.9
13801.1
14239.4
14263.4
14425.0
14427.3
14451.3
14724.5
14802.5
14814.3
14936.9
14995.0
15067.5
15525.0
15698.3
15875.8
15953.4
15986.7
15986.8
16501.1
16519.0
16718.7
17146.0
17149.7
17171.2
17204.4
17397.6
17688.0
18062.6
18126.3
18186.1
18198.0
18285.6
18364.1
18370.1
18737.3
18741.4
18921.0
19462.1
19504.7
19562.0
19716.3
19844.1
19942.2
20533.9
20616.4
20641.6
20667.1
20928.2
21071.4
21355.4
22049.7
22086.7
22560.5
22758.5
22838.2
