206.8
590.8
614.1
837.7
880.7
1296.4
1442.6
1671.6
1770.0
2154.5
2574.4
3152.3
3411.7
3651.2
3694.5
3961.0
4225.6
4702.7
4730.0
4796.0
4801.9
4930.7
4972.2
5088.2
5108.8
5231.2
5386.6
5488.6
5498.7
5672.6
5699.1
5720.2
6176.4
6243.4
6258.6
6444.7
6486.4
6495.7
7075.6
7134.1
7174.0
7329.1
7432.3
7968.6
8037.9
8467.3
8604.5
8672.2
8728.7
8808.1
8872.7
9175.9
9448.4
9553.0
9720.4
9904.3
9967.9
10233.4
10266.0
10448.0
10811.2
11014.0
11115.8
11182.6
11230.5
11435.6
11520.0
11987.2
12253.7
12402.6
12471.3
12543.4
12630.0
12917.9
13200.4
14630.0
14758.3
14759.7
14829.0
15317.8
15334.5
15669.4
15699.2
15886.5
15906.6
16064.9
16197.7
16278.3
16459.6
16645.8
16654.1
16722.0
16943.6
16980.3
17057.2
17143.5
17430.0
17559.4
17718.0
17810.3
17834.4
17882.6
17961.9
18235.9
18415.0
18463.9
18866.7
19134.7
19219.0
19766.3
20026.0
20904.8
21008.5
21102.4
21320.3
21548.3
21828.2
21966.3
22052.7
22091.8
22162.5
22227.1
22289.6
22466.1
22496.0
22539.2
22542.3
22616.5
22737.1
22758.8
22885.9
