563.1
601.8
647.2
730.3
765.9
1044.6
1429.0
1529.9
1695.0
1802.9
1953.1
1969.9
2426.9
2762.8
2838.3
3356.1
3746.4
3776.2
3779.9
3793.6
3906.8
3916.1
4434.9
4486.5
4493.0
4625.7
4810.2
4884.8
5115.1
5360.3
5822.3
6335.8
6550.4
6723.2
6821.5
6831.4
8176.4
8259.3
8443.3
8967.9
9255.1
9320.7
9644.4
9894.5
9940.0
10211.3
10326.3
10507.4
10732.9
10811.7
10921.7
10935.6
11135.8
11565.1
11653.4
12152.1
12787.1
12789.5
12996.0
13113.0
13561.4
13848.5
13901.3
14072.7
14163.6
14286.7
14371.0
14617.2
14950.8
15181.5
15237.3
15272.8
15539.0
15748.3
15959.0
16077.5
16097.1
16364.8
16806.8
16936.0
17017.7
17153.9
17847.0
17880.9
17952.6
17993.0
18357.4
18390.0
18453.9
18794.2
19181.7
19273.4
19324.3
19522.7
19596.9
19891.6
20113.5
20206.4
20249.9
20317.8
20415.9
20555.0
20855.8
21048.2
22273.6
22746.7
22870.7
