386.1
493.9
551.1
826.8
897.3
1062.6
1088.7
1441.4
1554.9
1742.9
1808.0
1909.0
2307.7
2480.3
2641.6
2922.2
3557.8
3728.7
4084.1
4131.5
4231.0
4530.7
4548.2
4558.3
4657.5
4842.2
4903.4
5030.5
5068.1
5200.4
5335.3
5357.9
5668.0
5978.3
5979.3
6159.7
6161.7
6239.0
6784.3
7000.9
7588.4
7778.5
7846.8
8175.7
8256.3
8269.3
8292.4
8461.9
8552.3
8581.7
8585.6
8924.8
9305.8
9351.0
10052.5
10157.0
10319.4
10463.6
10598.7
10926.9
11082.2
11165.8
11387.1
11636.2
11917.2
12025.4
12192.8
12363.6
12408.0
12493.2
13123.4
13396.1
13436.6
13627.1
14094.3
14515.4
14765.9
14788.8
14995.7
15368.7
15382.2
15537.4
15624.0
15860.6
15866.9
16078.5
16649.2
16806.1
17073.7
17107.1
17565.8
17748.3
17751.5
17806.4
17867.7
17986.1
18134.9
18353.9
18553.8
18655.4
18815.9
18924.8
19069.7
19343.0
19359.5
19445.7
19583.7
19856.5
19856.6
20080.7
20338.3
20437.0
20473.1
20685.8
20697.4
20803.8
20924.5
21231.4
21579.3
21764.9
22054.5
22225.4
22419.2
22530.7
22662.2
22810.1
22993.3
