387.5
586.9
848.6
1065.9
1294.5
1331.7
1366.4
2040.2
2059.7
2087.6
2298.5
2434.3
2633.5
2866.7
3098.5
3173.8
3182.4
3282.4
3500.6
3688.6
3775.5
4021.3
4998.4
5049.8
5503.0
5505.2
5661.7
5850.2
5893.6
6192.2
6254.1
6344.4
6356.1
6692.4
6888.7
7105.7
7177.6
7341.7
7380.3
7490.3
7568.4
7741.8
8325.1
8611.1
8639.7
8922.1
9185.3
9252.1
9569.6
9631.3
10143.3
10321.4
10729.3
11005.1
11327.4
11814.3
12038.7
12174.7
12181.9
12223.2
12324.9
12476.0
12747.0
12768.5
12795.9
12957.1
13026.6
13201.7
13251.6
13287.1
13332.7
13482.2
13624.4
13655.7
13729.2
13830.2
14086.7
14303.5
14419.7
14647.7
14798.3
15084.8
15320.8
15979.8
16377.5
16396.7
16432.1
16484.8
16495.4
16642.0
16883.9
17442.8
17551.3
17587.8
17776.7
17938.7
18027.1
18072.5
18440.2
18612.4
18622.5
19635.7
19882.6
19888.0
20249.1
20470.2
20656.0
20728.3
20789.5
21131.4
21785.6
21853.4
22007.7
22170.7
22254.3
