321.0
921.1
1541.6
1562.3
1610.2
1877.1
2108.8
2129.8
2416.1
2496.7
2818.7
2905.1
2935.0
3038.1
3372.1
3393.0
4065.0
4107.6
4505.5
5113.5
5156.5
5345.0
5366.1
6091.9
6133.5
6535.7
6575.6
6652.2
6660.5
6933.4
7261.4
7300.5
7348.7
7507.3
7590.0
8130.6
8316.2
8723.5
8803.3
8979.3
9241.8
9485.1
9560.4
9588.8
9939.2
10029.3
10454.9
10758.8
10813.5
10999.9
11053.6
11119.2
11305.8
11491.3
11642.9
11708.7
11902.0
12686.7
13100.2
13271.9
13404.3
13549.2
13858.7
13885.3
14282.0
14448.5
14823.4
14973.1
15038.6
15131.2
15226.6
15242.6
15305.9
15442.2
15487.4
15495.8
15578.5
15694.9
15743.8
15787.4
15910.8
16128.6
16257.0
16431.4
16565.2
16574.1
16859.9
17008.8
18076.0
18788.7
18974.1
19008.9
19390.8
19970.2
20356.6
20432.7
20750.9
20759.4
21264.4
21641.2
21906.9
22175.4
22422.4
22456.5
22587.2
22655.4
22845.8
