171.6
179.7
748.1
798.6
1647.7
1983.6
2303.3
2343.7
2679.3
2756.2
2764.0
2892.2
2980.0
3654.4
3762.2
3777.2
4242.4
4315.1
4378.9
4771.1
4940.2
5301.5
5876.3
6424.2
6456.9
6827.0
6854.6
6895.5
7128.3
7282.4
7451.6
7551.3
7563.8
7606.8
7666.8
7728.9
8226.5
8834.6
9145.7
9282.1
9322.4
9408.8
9637.3
10037.9
10988.6
11226.4
11282.5
11635.3
11727.0
12105.4
12267.5
13051.4
13073.5
13446.8
14093.6
14150.4
14187.2
14393.9
14472.0
14783.8
15459.8
15623.6
15659.1
16069.5
16359.6
16420.3
16439.3
16672.6
16798.4
17202.6
17548.0
17898.1
18107.0
18126.3
18225.0
18410.1
18441.8
18549.9
19077.8
19101.7
19264.1
19621.6
19931.0
20025.3
20073.4
20610.8
20905.3
21177.9
21344.8
21447.0
21784.0
22584.7
22895.7
