248.9
301.9
696.1
740.5
853.5
882.9
1123.6
1249.4
1579.8
1591.1
1691.5
1788.8
1993.0
2177.3
2616.9
2663.7
2973.6
3166.2
3177.0
3391.6
3460.8
3776.6
3857.2
4005.8
4019.8
4183.3
4590.1
4713.7
5079.3
5367.7
5666.8
5971.1
6080.4
6414.5
6584.6
6958.2
6964.7
7151.8
7351.0
7489.8
7555.6
7583.7
7783.1
7875.4
8096.5
8125.2
8300.7
8579.9
8683.2
8686.6
8793.2
8803.1
9286.6
9460.0
9493.3
9675.5
10335.6
10491.4
10587.6
10653.9
10864.4
11363.4
11514.7
11583.4
11640.0
11649.0
11914.7
12587.5
12972.6
13135.0
13354.7
13602.3
13724.9
14293.0
14454.2
14605.9
14652.9
15022.2
15209.4
15512.4
15527.2
15890.5
15954.0
15959.2
16168.4
16168.9
16218.8
16367.5
16651.3
16903.7
16926.7
17050.0
17144.8
17537.9
17571.0
17603.6
17659.7
17892.7
17911.2
18065.9
18080.0
18145.8
18313.7
18345.4
18520.5
18865.5
18975.5
19043.9
19102.3
19336.8
19372.6
19611.9
20221.3
20420.7
20941.5
21138.3
21414.4
21458.8
21980.0
22201.1
22318.9
22606.9
22722.2
22805.2
22965.3
