78.0
80.7
90.3
440.6
1073.1
1082.2
1473.0
1556.4
1751.8
1859.7
2202.7
2261.7
2318.3
2416.0
2586.1
2815.5
2866.7
3233.3
4223.9
4719.5
4829.3
5097.2
5487.7
5510.7
5860.6
5876.1
5978.4
6187.7
6458.1
6489.8
7016.3
7092.5
7554.1
7988.9
8491.6
8540.1
8640.7
8741.8
9616.8
10103.4
10104.3
10933.7
11344.7
11508.3
11555.0
11713.0
11775.4
11819.5
11831.0
12025.2
12036.6
12821.0
13243.4
13432.8
13753.1
14191.1
14476.4
14684.4
14879.7
15034.5
15408.7
16409.1
16561.3
16803.6
17120.4
17711.2
17851.6
17865.3
17934.5
18130.6
18221.1
18780.1
18964.6
19328.1
19792.1
19994.9
20029.1
20279.0
20287.8
20603.4
20672.7
20783.5
20884.0
21191.8
21471.9
21934.5
22019.2
22527.6
22600.7
22902.6
22938.1
