101.6
190.9
297.6
342.1
591.7
598.2
617.7
747.9
858.2
1401.8
1541.1
1677.8
1786.5
1889.1
1998.4
2613.0
2748.7
3069.5
3075.4
3125.7
3143.8
3164.5
3509.8
4076.7
4235.4
4299.3
5018.1
5532.0
5763.3
5777.0
6108.6
6441.9
6444.8
6476.9
6678.0
6878.4
7214.0
7307.6
7307.9
7704.3
7721.9
8092.4
8108.6
8591.4
9266.7
9541.1
9720.6
9975.6
10010.1
10111.5
10843.8
11003.6
11095.6
11396.2
11419.8
11677.8
12054.1
12159.9
12269.4
12716.4
13300.5
13692.8
13758.0
14021.6
14484.9
14541.9
14929.7
15135.7
15325.5
15417.2
15526.1
15534.9
15681.2
16039.2
16590.8
16762.9
16955.7
17209.1
17374.0
17769.4
17874.9
17965.4
18284.7
18297.8
18298.8
18725.5
18767.3
19612.9
19748.6
19833.9
19851.9
19958.9
20064.0
20144.6
20485.6
20819.5
21025.2
21357.8
22534.2
22592.3
22979.9
