276.2
614.4
626.1
1212.1
1250.3
1332.7
1465.0
1703.0
1725.0
1864.9
1995.0
2032.8
2230.0
2464.7
2773.3
2825.3
2985.8
3403.0
4062.8
4156.9
4180.7
4351.1
4453.2
5005.2
5345.8
5701.7
5770.6
5797.4
6178.7
6238.6
7150.6
7840.0
7983.9
8188.7
8779.3
9476.7
9580.3
9755.3
9950.2
10097.7
10243.9
10337.7
10626.0
10669.5
11357.7
11541.2
11761.2
11772.0
11971.4
12482.1
12662.0
12784.7
12940.1
12981.0
13284.3
13319.9
13445.6
14216.2
14340.8
14348.1
14411.7
15039.1
15110.1
15460.3
15473.3
15541.8
15543.5
15633.7
15764.6
16148.0
16177.8
16611.4
16690.1
16832.0
16902.3
18190.9
18202.5
18542.2
19395.1
19696.9
19736.9
20067.4
20569.3
20891.5
20989.8
21012.7
21056.7
21353.4
21371.7
21511.9
21610.2
21660.8
21685.2
21795.6
22164.5
22200.9
22431.5
22479.6
22678.7
