48.8
59.2
97.3
558.7
676.0
784.6
1037.9
1134.0
1225.7
2241.2
2287.1
2296.7
2800.3
3187.1
3337.2
3603.7
3915.9
4139.4
4173.1
4811.4
5088.6
5212.7
5710.1
5783.3
6036.7
6117.7
6121.7
6216.9
6400.4
6512.6
6717.3
6921.9
6978.6
7327.1
7635.1
7702.7
7949.6
8759.1
9151.1
9284.7
9356.5
9700.7
9983.9
10258.2
10312.3
10502.0
10569.2
10814.1
11000.9
11294.1
11631.3
11660.5
11754.8
12008.3
12063.3
12497.5
12949.2
13063.1
13782.3
14011.5
14023.6
14620.2
15285.9
15346.2
15346.4
15391.4
15589.5
15710.2
15743.9
16083.8
16183.3
16301.9
16533.1
16559.7
17156.0
17541.2
17659.3
17753.3
17770.4
17835.6
17948.8
18087.8
18255.6
18519.3
18990.8
19254.7
19406.4
20250.3
20406.2
20662.8
20853.9
21219.4
21229.0
21801.0
21806.2
21812.4
21929.4
21934.6
22195.6
22444.1
22734.5
22742.5
