323.7
490.3
1072.3
1092.3
1378.9
1408.9
1639.1
2172.3
2580.6
2728.2
2837.8
2991.9
3022.8
3058.5
3104.6
3174.5
3385.6
3538.4
3542.1
3642.2
3676.7
3860.6
4006.4
4094.5
4551.3
4555.4
4572.7
4812.7
4837.7
4976.8
5174.1
6176.8
6217.7
6754.0
7203.8
7320.2
7362.9
7420.3
7437.3
7613.1
8044.4
8214.1
8358.4
8397.2
8495.5
8740.9
8754.5
9164.1
9388.8
9397.3
9453.5
9622.8
10390.0
10585.0
10980.8
12243.7
12421.3
12544.1
12829.9
13030.8
13732.8
13962.5
14656.9
14658.8
14930.3
15047.6
15777.3
15791.3
15797.8
16308.6
16330.9
16471.3
17036.6
17236.1
17525.2
17534.7
17605.5
17915.5
18034.4
18811.3
18949.5
19354.0
19551.5
20209.0
20403.3
20425.3
20522.2
20566.2
20671.2
20832.1
20933.8
20975.3
21434.3
21730.7
21764.2
21792.0
21825.0
22045.9
22151.5
22641.3
