218.9
336.9
480.0
663.9
730.4
760.1
1084.1
1470.9
1487.4
1688.7
2010.6
2080.3
2124.1
2186.8
2338.6
2518.9
2567.4
2587.6
2969.3
3025.9
3033.0
3285.9
3335.3
3508.9
3558.1
4793.9
4909.1
5164.5
5332.3
5515.0
5553.7
5668.3
6218.0
6267.1
6626.9
6935.5
7242.4
7348.7
7405.5
7729.8
7900.9
7912.8
8072.3
8501.2
8639.3
8646.3
8927.6
9052.6
9196.6
9267.9
9300.5
9309.0
9339.4
9340.8
9392.2
9421.3
9633.4
10176.0
10182.8
10332.0
10427.5
10635.7
10701.3
10994.8
11520.4
11948.9
12004.9
12210.3
12255.0
12396.0
12438.6
12485.7
12513.7
13050.4
13222.8
13414.9
13435.3
13484.9
13493.1
13551.7
13601.4
13835.2
14075.1
14113.2
14171.0
14305.7
14347.1
14407.5
14454.1
15251.3
15376.8
15404.2
15541.9
15708.5
16135.2
17012.0
17276.5
17572.0
17970.7
17976.8
18107.1
18160.8
18430.4
18878.9
19268.8
19305.7
19456.2
19589.3
20464.4
20763.0
20889.1
21008.4
21049.5
21272.0
21570.6
22030.6
