39.1
94.3
141.3
255.2
688.9
887.9
998.5
1136.7
1205.0
1253.1
1431.8
1477.7
1581.6
1627.9
1644.5
1772.4
1779.1
1862.3
2242.3
2409.0
3062.8
3275.1
3561.0
3579.4
3722.3
3927.3
3928.6
4022.9
4245.7
4616.5
4787.2
5098.2
5159.8
5269.9
5495.6
5706.7
6357.0
6619.6
7015.7
7140.6
7382.7
7918.4
8039.9
8088.6
8461.1
8974.8
9038.2
9078.1
9242.9
9311.3
9589.4
9742.3
10288.9
10294.6
10400.9
10901.5
11042.0
11196.4
11641.3
12004.6
12259.8
12304.1
12442.9
12548.0
12591.5
12723.3
12845.7
12862.6
13269.6
13376.6
13441.9
13450.2
13488.6
14026.7
14109.2
14187.9
14286.3
14361.7
14412.4
14506.3
14579.2
14613.7
15364.0
15433.4
15474.7
15592.2
15635.3
15806.3
16163.0
16412.1
16430.5
16448.4
16924.9
16941.7
17126.9
17290.2
17337.0
17801.7
17893.3
18052.9
18831.0
19249.6
19299.7
19327.5
19405.4
19677.1
20283.4
20286.6
20411.8
20467.6
20615.0
21161.9
21385.3
21569.9
21572.3
21584.1
21767.3
21917.7
21946.0
21958.8
22503.9
22561.0
22593.2
22646.3
