43.0
126.4
252.3
715.0
1214.2
1880.5
2038.8
2281.4
2325.4
2598.1
2598.4
2753.8
2766.4
3262.8
3318.6
3373.1
3389.0
3812.0
4043.7
4600.3
4987.2
5199.5
5570.8
5665.4
5706.2
5914.2
6386.9
6400.7
6529.7
6886.6
6916.8
6946.8
6994.7
7275.0
7645.6
7730.3
7933.4
8261.0
8382.9
8537.5
8670.8
9119.2
9241.9
9297.9
9413.1
9630.6
9688.5
9852.7
10030.0
10105.4
10227.9
10297.3
10336.6
10987.0
11179.7
11558.5
12184.3
12550.5
12654.3
13060.7
13116.3
13502.5
13696.1
13789.5
13794.7
14154.5
14611.3
14743.0
14801.4
15010.7
15102.9
15292.5
15368.3
16063.0
16084.1
16118.6
16197.8
16268.2
16284.0
16552.3
16656.2
16783.5
16792.4
16873.9
16885.5
17165.0
17675.6
18149.9
18399.5
18730.3
18826.4
18877.7
18892.5
19380.0
19451.5
19599.2
19785.1
20575.1
20575.9
20718.8
20732.4
20848.0
21180.7
21559.3
21559.5
21578.4
21623.2
21825.4
22004.9
22309.3
22494.2
22658.2
22681.8
