57.8
105.1
136.6
142.6
329.6
567.4
881.3
1284.3
1583.5
1702.2
1906.5
2273.9
2460.5
2482.6
2554.3
2740.0
3466.7
3622.9
3721.6
3779.2
4114.8
4402.1
4471.6
4503.1
4559.4
4793.0
4923.8
5009.5
5101.1
5330.1
5566.1
5982.6
6495.4
7767.6
8557.1
8965.3
8965.5
9226.1
9517.1
9809.5
9833.6
10012.8
10302.9
10330.9
10516.9
10629.8
11762.8
11773.1
11779.7
11837.5
11870.5
12113.2
12219.8
12423.7
12429.1
12650.4
13444.7
13713.2
13724.9
14438.6
14486.7
14489.8
14497.8
14546.7
15085.5
15101.7
15292.8
15297.1
15579.0
15622.1
16359.9
16406.5
16514.8
16673.9
16684.2
16710.7
17095.1
17116.3
17136.0
17222.8
17359.0
17399.1
17426.7
17525.7
17573.5
18420.0
18744.4
18823.8
18879.4
18898.9
18997.1
19108.5
19160.5
20320.0
20411.9
20469.0
20688.7
20953.7
21335.3
21429.6
21569.6
22391.9
22471.8
22496.6
22749.0
22823.7
