152.7
647.5
707.9
782.8
829.8
922.4
1032.1
1254.6
1286.0
1512.8
1579.2
1590.6
1725.0
1843.7
1901.5
1965.0
2086.9
2097.6
2382.1
2604.9
2763.6
2785.6
2828.9
2887.9
2955.5
3183.0
3421.9
4164.3
4337.1
4612.7
4824.3
4847.2
5006.2
5033.3
5047.5
5166.4
5315.8
5373.9
5379.9
5391.0
5475.6
5534.4
5835.0
5877.0
6115.9
6225.7
6262.3
6486.7
6891.5
6935.2
6984.9
7123.0
7691.6
8033.3
8136.9
8270.0
8342.5
8395.6
9134.6
9295.3
9516.8
9817.2
9846.1
9852.6
10130.3
10172.0
11089.7
11307.9
11357.4
11568.6
12482.7
13387.3
13761.5
13771.0
14122.0
14455.8
14660.5
15212.9
15562.5
15669.0
15706.0
15820.1
16556.1
16568.5
16685.1
16806.0
17174.9
17571.3
17810.0
18307.9
18345.7
18365.8
18556.6
18679.9
18753.6
19425.5
20042.3
20478.6
20867.7
20943.0
20989.1
21127.4
21183.1
21572.6
21936.1
22165.4
22969.8
