228.2
268.4
439.3
519.0
729.8
936.7
1256.2
1263.3
1485.9
1629.7
1667.8
1715.6
1847.4
1888.7
1971.5
2397.8
2755.1
2922.9
3058.1
3069.4
3090.5
3145.3
3523.6
3660.1
4168.4
4263.0
4409.2
4568.7
4689.4
5133.1
5149.9
5604.6
5955.0
6205.3
6512.0
6920.9
7225.8
7523.8
7626.8
7745.3
7815.8
7973.6
8026.2
8114.5
8119.5
8355.7
8618.7
8729.7
8846.3
8959.5
9398.0
9507.1
9694.9
9896.6
9996.6
9997.9
10220.0
10857.8
10930.2
11042.4
11055.4
11400.7
11642.4
11937.5
11948.2
12346.6
12419.0
12828.9
13027.6
13045.4
13071.7
13092.2
13092.6
13215.4
13351.5
13896.4
14143.4
14185.0
14253.2
14462.8
14511.5
14579.9
14596.1
14898.4
14917.5
14942.6
14975.8
15161.3
15179.2
15896.4
15914.2
16135.3
16141.8
16472.0
16472.2
16613.5
17818.9
17875.1
18231.0
18484.4
18971.7
19702.4
20026.0
20106.2
20133.7
20153.5
20168.4
20207.4
20336.3
20404.0
20493.0
21907.9
22230.9
22277.6
22320.8
22371.8
22665.0
22925.7
