230.4
238.2
300.6
410.0
776.9
1206.1
1473.8
1481.7
2002.1
2203.3
2251.1
2514.8
2724.8
2853.3
2857.2
2883.5
2955.8
3247.6
3346.2
3401.0
3768.1
3850.1
3935.8
4132.0
4363.5
4365.0
4475.1
4688.5
4763.1
4822.5
4933.7
5518.2
5789.1
5914.2
6106.7
6158.7
6362.5
6589.0
6828.8
6963.3
7441.2
7470.2
8414.5
8462.8
8501.5
8823.5
8976.3
9245.7
9251.9
9622.4
10193.1
10382.4
10390.0
10403.6
10476.0
10618.4
10833.8
10900.4
11139.6
11470.0
11588.9
11706.0
11839.1
11867.6
12409.7
12768.1
12962.0
13314.9
14037.0
14346.4
14509.9
14777.8
14912.0
15125.0
15153.5
15275.7
15324.1
15577.6
15582.9
15812.1
16006.4
16328.4
16463.8
16702.8
16830.0
16970.0
17066.3
17090.1
17261.8
17514.2
17632.1
17669.7
17766.6
17836.3
18083.9
18284.1
18300.7
18341.0
18341.8
18462.8
18891.2
18914.1
19040.9
19098.0
19322.0
19420.8
19499.8
19776.3
20286.3
20537.1
20586.8
20639.8
20740.0
21028.3
21079.9
21198.8
21218.7
21431.9
21518.6
21550.6
21679.0
21797.4
21863.3
22128.8
22176.4
22177.4
22196.0
22283.2
22377.4
22458.1
22657.6
22931.0
