191.2
321.8
398.4
581.0
813.4
842.9
1376.8
1394.3
1456.4
1495.8
1627.4
1668.5
1860.3
2146.5
2295.5
2515.4
2515.6
2577.6
2728.9
3229.1
3464.3
3674.3
3901.5
3949.9
4218.9
4370.8
4623.7
4861.6
5233.5
5349.8
5404.1
5418.4
5531.2
5809.8
6624.5
6991.5
7261.0
7482.0
7532.7
7668.3
8572.0
8632.9
8953.7
9166.6
9296.1
9301.0
9478.1
9500.4
9542.2
9823.5
10048.9
10473.4
10489.6
10619.2
10686.6
10783.4
11237.0
11782.3
11965.7
12004.5
12020.2
12032.5
12072.9
12287.2
12430.8
12473.2
12532.6
12576.4
12715.3
12792.4
12975.6
13165.6
13487.5
13544.7
13556.7
13610.5
13617.9
14470.8
14611.3
14649.1
14889.6
14931.4
14992.9
15111.3
15147.3
15290.6
15604.0
15751.4
16740.0
17270.6
17657.5
17794.5
17885.9
18325.9
18430.5
18702.5
18774.8
18887.1
19137.1
19240.5
19574.7
19880.0
20144.8
20182.7
20430.2
20497.1
20982.8
21302.8
21496.9
21512.0
21813.6
22395.1
22671.7
22762.4
22782.7
22835.6
