137.1
331.9
568.9
937.4
1315.7
1831.2
1984.5
2096.1
2179.7
2482.6
2551.4
2672.1
3598.7
4017.6
4034.1
4076.2
4347.8
4447.5
4623.8
4706.2
4759.5
4815.6
4941.5
5513.3
5556.4
5616.9
5698.6
5824.4
5835.1
5841.7
5976.9
5995.5
6294.1
6321.5
6383.7
6524.8
6590.1
6710.1
7066.6
7163.3
7293.3
7536.7
8294.3
9177.0
9270.8
9271.6
10010.1
10150.6
10589.8
10604.2
11031.0
11054.1
11285.2
11408.1
11797.9
12085.1
12450.4
12584.6
12717.5
12898.5
13225.1
13639.4
13657.3
14228.0
14395.4
14883.7
15026.3
15329.8
15351.9
15391.4
15475.2
15505.4
15644.2
15824.9
15837.7
15907.7
16280.2
16414.9
16460.5
16610.0
16636.6
16718.7
16772.1
16855.4
17077.5
17197.3
17472.4
17498.9
17880.4
18029.0
18074.2
18673.3
18892.0
19078.1
19173.0
19205.4
19300.3
19316.9
19446.4
19523.7
19734.3
19748.6
19873.0
20319.1
20617.4
20646.7
20733.6
20929.3
21209.8
21354.7
21732.2
21837.5
21995.5
22154.9
22341.2
22451.3
22533.9
22582.5
22694.0
22716.5
22784.3
22888.0
22888.8
22978.2
