1198.2
1271.2
1495.9
1602.1
1775.0
2039.0
2099.4
2467.6
2608.8
2723.4
2782.6
3368.0
3519.2
3660.2
3668.5
3683.1
3734.2
4066.1
4075.6
4100.4
4439.6
4722.0
4738.1
4881.6
5011.2
5181.7
5362.6
5480.7
5531.8
5867.2
6047.8
6389.1
6582.9
7005.8
7342.1
7450.4
7547.8
8500.8
8709.5
8727.1
9141.9
9302.9
9666.4
9912.8
10215.6
10827.7
11049.6
11203.1
11357.9
11582.7
11624.9
11659.2
11725.7
11820.6
12382.5
12822.5
13074.9
13081.0
13164.1
13375.3
13454.3
13486.1
13666.5
13702.8
13903.9
13939.2
13956.6
14249.5
14298.6
14430.2
14767.0
15025.0
15301.8
15313.3
15433.4
15636.7
15815.6
16148.7
16515.9
16555.8
16778.7
16863.5
16944.2
17385.7
17451.4
17767.5
17778.3
17814.7
17822.3
17911.7
17926.5
18535.5
18780.2
18899.6
19061.5
19197.2
19325.9
19826.5
20526.8
20620.8
21004.6
21138.8
21262.2
21390.4
21435.2
21857.8
21922.5
21967.1
22081.6
22327.2
22352.7
22523.2
22688.9
22936.3
