23.9
74.8
188.5
461.7
529.1
1056.6
1284.9
1419.6
1455.7
1499.7
1502.4
2075.9
2146.9
2211.6
2353.2
3101.7
3178.9
3235.4
3431.7
3591.2
3884.2
3982.5
4108.6
4116.6
4288.9
4378.1
4623.7
4674.6
4802.1
5226.4
5260.5
5379.9
5933.7
6310.3
6403.1
7306.4
7512.0
7600.7
7686.5
7751.1
7786.5
7807.4
8023.9
8370.6
8517.5
8695.4
9176.8
9196.5
9532.5
9598.4
9693.1
9741.5
9805.1
9946.2
10136.1
10249.2
10596.6
10785.9
11318.7
11349.4
11376.3
12097.7
12142.7
12300.2
12503.0
12519.6
12732.1
12784.6
13622.3
13814.4
13973.6
14261.8
14332.6
14473.3
14495.6
14497.3
14525.0
14576.5
14580.2
14595.4
14611.6
14719.6
14745.9
14862.4
15943.4
16040.7
16235.6
16435.8
16512.2
16646.1
16708.6
16950.9
17135.8
17251.8
17272.9
17275.8
17324.1
17379.5
17446.9
17520.5
17853.6
18008.7
18674.8
18939.3
18940.7
19005.5
19342.9
19771.7
19928.0
20281.3
20310.4
20650.1
20674.5
21054.9
21199.1
21547.4
21784.7
21793.6
22096.5
22448.1
22542.3
22958.6
