72.5
199.9
269.8
467.4
1070.2
1562.0
1824.9
1897.7
1923.8
1985.8
2087.7
2196.7
2333.7
2478.4
2536.7
2538.1
2592.3
2768.2
2939.4
3206.3
3218.3
3366.3
3728.7
4095.3
4196.7
4315.5
4551.9
4629.7
5332.2
5597.1
5609.1
5837.8
5935.8
6301.6
6870.2
7468.6
7535.7
7810.1
7845.3
7964.9
8052.4
8102.2
8324.9
8720.3
8978.3
8985.5
9224.9
9296.6
9667.3
10007.2
10088.0
10100.7
10281.7
10307.5
10376.4
10498.8
10638.2
10748.9
10879.9
10980.5
11014.7
11165.9
11203.7
12301.8
12409.3
12547.3
12635.4
12642.5
12826.2
12917.7
13210.1
13358.8
13374.0
13397.1
13458.5
13615.6
13693.9
14168.5
14175.4
14451.1
14456.5
15914.7
15920.5
15988.3
16439.9
16561.2
16600.0
16711.7
17061.7
17105.6
17126.7
17301.9
17531.8
17737.6
17768.2
17920.2
18142.6
18531.0
19293.2
19303.3
19411.7
19485.9
19869.9
19889.1
19947.6
19993.3
19997.0
20186.8
20235.5
20345.4
20541.6
20680.1
20696.6
20717.8
21442.9
21519.8
21575.4
21645.8
21707.7
22314.2
22360.8
22533.1
22675.0
22725.3
22958.8
22969.5
