16.2
261.3
416.3
425.9
444.5
616.2
799.2
829.9
907.0
1113.0
1142.3
1202.5
1318.3
1567.4
1830.7
2485.6
3604.8
3824.2
4260.5
4467.3
4942.8
4965.6
5103.6
5340.2
5675.9
5826.9
5873.8
6031.5
6701.7
6996.8
7018.4
7215.5
7276.2
7492.5
7597.2
7863.4
8284.1
8841.3
8868.0
9315.8
9503.9
9556.7
9700.1
9716.4
10020.3
10334.7
10531.2
10539.5
10638.3
10720.9
10832.0
10860.3
11146.6
11198.4
11350.6
11408.3
11429.9
11553.3
11656.8
12340.0
12426.6
12462.8
12491.2
12497.4
12499.7
12617.1
12771.2
12777.0
12836.3
12971.1
13109.2
13403.1
13451.1
13826.6
14183.3
14201.2
14407.6
14469.0
14572.0
14717.5
15089.0
15164.7
15464.4
16109.4
16125.4
16386.4
16440.9
16533.9
16669.8
16863.8
16951.3
17058.9
17316.6
17602.6
17723.9
17863.5
17993.7
18009.8
18118.3
18486.2
18512.7
18631.8
18691.9
18862.5
18908.1
19293.6
19639.1
19682.6
19688.8
19738.5
19940.3
20114.7
20295.1
20410.3
20467.6
20698.9
20723.4
20780.7
21595.4
21817.7
21963.3
22577.0
22813.5
22867.4
22992.9
