325.2
443.3
452.7
505.0
837.4
920.4
940.8
953.0
1332.6
1385.5
1492.9
2035.1
2452.7
2547.0
2720.8
2834.0
3374.8
3926.5
4211.7
4383.1
4587.1
4629.3
4741.9
4893.0
4937.6
4972.8
5334.7
5344.9
5588.8
5720.6
5964.5
6103.4
6143.3
6158.8
6408.5
6493.6
6536.2
6587.8
6867.2
7052.5
7078.1
7977.3
8255.2
8342.1
8360.2
8566.9
8571.4
8794.2
8917.5
8939.4
8985.7
9470.2
9572.2
10210.5
10227.5
10301.1
10309.5
10405.6
10694.0
10820.1
11172.9
11676.5
11726.9
12017.6
12214.3
12221.0
12371.4
12458.5
12560.4
12587.9
12612.6
12986.1
12993.2
13127.8
13362.3
13405.4
13479.6
13633.3
13986.6
14026.1
14383.0
14477.7
15065.6
15266.8
15272.3
15582.4
15761.1
15794.1
15816.7
16366.3
16514.2
16678.5
17072.6
17106.2
17631.9
17956.9
18189.0
18610.9
18695.9
18989.7
19627.6
20260.8
20355.4
20384.6
20459.7
20782.0
21212.4
21650.3
21684.1
21818.3
21849.0
22395.3
22593.2
22803.4
22855.5
