163.3
205.5
385.6
551.0
764.8
790.7
862.3
1063.7
1245.4
1302.6
1464.3
1946.7
2417.6
2450.5
3298.9
3804.0
4037.2
4213.0
4474.1
4578.4
4581.4
5445.6
5547.8
5653.9
5804.4
6089.7
6296.1
6713.0
6717.8
6796.1
6944.5
7062.7
7307.7
7362.0
7402.3
7584.9
7665.7
8003.4
8434.1
8477.1
9281.6
10096.4
10165.0
10280.3
10368.4
10524.8
10691.4
10797.8
10825.8
11075.0
11619.8
11638.4
11712.8
11896.0
12015.5
12151.4
12261.5
12262.6
13124.5
13695.1
13745.4
13848.0
14166.6
14285.0
14353.9
14770.4
15192.8
15309.2
15711.8
15771.5
15781.5
15841.4
16005.4
16011.0
16127.8
16705.6
16994.2
17000.0
17052.4
17071.5
17203.2
17541.3
17720.5
17983.5
18096.5
18517.2
18797.5
19025.5
19083.6
19216.4
19440.1
19501.2
20060.8
20227.4
20318.9
20330.4
20524.8
20655.4
20659.6
20726.8
20812.2
21178.3
21609.3
21696.2
21822.9
21982.1
22389.1
22832.8
