111.6
235.7
290.7
375.9
376.2
664.5
856.0
1038.7
1275.9
1356.7
1684.0
1976.0
2173.5
2364.6
2389.3
2525.8
2929.1
2976.1
3015.2
3031.2
3074.9
3238.1
3339.1
3494.3
3560.2
3633.1
3928.7
3979.6
4349.3
4563.0
4658.3
4819.8
4935.6
5100.2
5187.7
5223.7
5420.5
6143.8
6525.6
7116.3
7138.6
7378.5
7411.7
7471.5
8057.3
8217.1
8411.0
9085.0
9193.6
9656.8
9719.3
9892.2
10002.4
10012.5
10085.8
10263.6
10657.8
10715.9
11154.4
11476.0
11714.8
11963.2
12497.4
13240.4
13303.6
13411.3
13433.9
13499.1
13843.2
13946.4
13963.9
14220.1
14283.4
14476.2
14779.6
14899.9
14984.3
15096.0
15277.0
15984.6
16004.7
16113.0
16198.8
16350.4
16366.4
16388.3
16407.9
16431.4
16439.2
16807.4
17312.7
17745.8
18045.1
18096.0
18998.3
19054.4
19072.0
19212.4
19732.0
20319.3
20393.0
20416.6
20858.3
20991.8
21192.8
21433.1
21447.3
21631.2
21800.8
21836.4
22507.1
22836.6
