114.5
136.6
483.1
1074.2
1180.7
1443.4
2103.4
2201.9
2506.8
2702.7
2852.9
2940.9
3352.4
3503.9
3586.6
3835.2
3858.7
4457.6
4535.1
4646.8
4669.9
4727.2
5062.5
5291.4
5315.2
5613.6
5912.3
6341.3
6700.4
6777.8
6836.6
7499.5
7591.2
8033.8
8090.0
8124.7
8178.6
8813.0
8921.9
9221.4
9433.3
9781.4
9967.6
10493.2
10549.1
10651.3
10747.1
10983.5
11341.6
11651.3
11669.5
11850.1
12012.8
12211.5
12297.4
12391.0
12524.5
12859.6
12905.6
13037.5
13260.0
14127.9
14332.4
14374.8
14495.0
14744.2
14782.6
15007.3
15033.5
15178.9
15417.6
15496.5
15722.8
15780.7
16205.1
16504.7
16516.9
16844.0
17290.0
17488.5
17586.1
17799.7
17854.5
18100.7
18379.5
18563.7
18811.9
18867.9
19470.0
19598.2
19612.9
19893.5
20031.7
20168.5
20275.1
20458.5
21167.2
21440.2
21506.6
21615.5
21722.9
22007.8
22044.0
22760.4
