381.8
654.3
675.3
781.1
808.2
853.6
984.9
1130.0
1165.0
1215.3
1248.1
1344.8
2447.5
2938.4
3276.7
4370.9
4506.8
4679.0
5052.1
5070.8
5332.1
5528.6
6208.7
6508.2
6540.5
6679.4
6801.6
6842.0
6887.6
6970.7
7063.8
7240.6
7596.8
7777.8
7904.6
7993.9
8346.6
8547.0
8831.6
9142.1
9250.2
9381.1
9433.2
9815.6
10883.8
10902.3
11521.8
11807.8
12141.2
12480.9
12575.5
12605.6
12698.3
12753.8
12878.0
12926.1
13037.9
13205.3
13352.5
13392.3
14017.2
14052.8
14138.1
14185.1
14312.1
14580.2
14607.2
14937.8
15433.5
15474.9
15780.7
16362.0
16558.9
16673.6
16819.4
17025.4
17286.2
17582.0
17688.8
17942.0
18142.7
18174.7
18273.3
18500.2
18624.0
18984.7
19088.2
19359.5
19780.4
19948.5
20046.7
20050.5
20148.6
20273.6
20409.2
20694.3
20889.7
20898.6
21056.7
21345.1
21401.5
21853.3
22002.7
22566.6
22660.8
22968.5
