177.3
494.1
750.8
808.7
993.0
1028.1
1122.2
1310.4
2323.2
2982.3
3202.7
3220.1
3288.3
3372.1
3483.9
3561.0
3873.2
3958.7
3980.1
4066.5
4229.2
4740.4
4766.8
4797.4
5140.6
5166.2
5190.9
5270.3
5439.4
5534.5
5580.0
5682.4
5830.6
6050.6
6387.9
6522.7
6649.7
6794.4
7201.4
7352.5
7928.4
8001.5
8054.2
8081.0
8156.2
8169.5
8295.4
8834.7
9022.7
9030.0
9079.9
9288.2
9673.3
9756.0
9769.0
9878.2
9913.2
10240.1
11033.0
11175.8
11607.9
11819.7
11910.4
12244.7
12523.5
12706.7
12715.2
13084.7
13416.5
13687.7
13778.8
14259.1
15188.4
15189.2
15300.8
15627.3
15896.8
16333.9
16613.9
16916.1
17456.8
17473.2
17567.9
18291.1
18541.0
18563.3
18636.6
18697.8
18743.5
18817.0
18846.7
19014.6
19236.1
19694.5
19790.2
19933.6
19986.9
20148.2
20367.0
20474.3
20939.7
21056.5
21093.0
21303.8
21404.5
21833.9
21866.3
22009.8
22344.0
22460.3
22602.4
22735.7
22917.1
