6.3
39.3
154.8
581.6
835.8
967.4
1013.2
1300.9
1692.0
1710.0
1866.1
2382.4
2448.3
2656.3
3144.5
3402.4
3436.6
3670.9
3812.0
4176.6
4478.6
4863.4
5012.2
5012.6
5084.9
5420.3
5465.4
5632.9
5841.2
5929.6
6541.9
6827.4
6975.9
7222.8
7438.4
7455.7
7512.6
7684.6
7764.2
7932.2
7950.3
8557.9
8614.6
8806.8
8933.6
9216.5
9355.4
9653.2
9692.5
10219.4
10260.9
10274.9
10303.7
10496.3
10625.7
10655.0
10784.3
11034.3
11531.4
11605.1
11811.4
11920.0
12001.9
12208.8
12228.4
12234.7
12522.2
12545.3
12630.0
13039.3
13271.8
13279.2
13428.1
13639.6
13718.3
14236.0
14384.3
14761.0
14913.3
15018.4
15074.1
15111.9
15403.7
15419.2
15465.6
15678.4
15806.6
16283.2
16462.7
16483.0
16571.6
16594.1
16824.8
16831.5
17006.2
17132.0
17267.4
17298.5
17311.0
17521.6
17821.4
17857.6
18140.4
18165.7
18177.8
18281.2
18444.7
18772.0
18923.4
19050.3
19328.9
19350.9
19415.9
19916.6
20653.3
20654.0
20881.5
21179.1
21473.2
21920.1
22166.0
22394.6
22470.7
22546.8
22566.7
22930.4
