182.4
722.8
756.1
930.5
1361.5
1482.4
1614.2
1858.7
2482.1
2515.6
2779.2
2863.9
3225.2
3229.6
3409.0
4008.4
4143.3
4426.7
4658.3
4690.8
4859.9
5002.4
5023.7
5116.5
5675.7
5689.4
5755.4
5802.2
5834.0
6707.5
6978.3
7336.5
7572.4
7911.4
7970.8
7995.8
8064.6
8166.2
8181.9
8462.4
8466.1
9486.3
9493.8
9654.4
9923.8
9999.2
10003.1
10113.5
10319.2
10403.6
10456.7
10727.0
11010.9
11358.7
11499.8
11508.2
11695.7
11782.9
12385.8
12439.6
12535.3
13142.0
13312.0
13841.0
13879.7
14173.3
14369.9
14384.6
14432.6
14478.5
14540.2
15021.9
15022.4
15421.8
15452.6
15983.9
16106.3
16130.9
16529.1
16590.6
16658.5
16673.3
16935.7
17080.4
17167.6
17696.9
17833.8
17945.0
18002.6
18158.0
18231.5
18809.8
18902.1
19063.0
19336.2
19368.4
19429.7
19712.4
19720.2
20141.5
20673.0
20863.2
21411.3
21779.5
21802.3
21822.6
21970.0
22342.0
22422.4
22462.3
22468.1
22480.7
22561.4
22874.7
22995.8
