119.9
899.2
912.8
1062.4
1357.7
1445.5
1686.7
2061.3
2261.5
2374.2
2410.5
2686.7
2697.4
3123.7
3251.5
3616.5
3845.4
4476.3
4716.7
4749.2
4976.9
5045.8
5294.1
5476.6
5477.4
5628.3
5636.1
6094.5
6412.0
6455.8
6545.3
6775.2
6989.1
7171.4
7319.7
8051.4
8099.7
8230.8
8378.8
8480.5
8918.8
9484.7
9589.1
9597.0
9623.5
10065.8
10363.0
10473.1
10589.5
10628.4
10634.3
10719.1
10776.8
11247.4
11407.7
11677.6
11789.6
11934.9
11952.8
12130.1
12341.6
12845.4
13098.0
13166.5
13763.8
13802.2
13816.8
13854.7
13862.7
14329.1
14399.3
14703.0
14819.2
14907.5
15161.4
15246.9
15803.0
16347.5
16697.5
17039.2
17158.5
17158.9
17327.6
17380.8
17407.3
17422.2
17445.0
17525.1
17701.2
17707.8
17926.5
18327.3
18377.3
18713.2
18789.7
19558.0
20364.6
20822.9
20927.4
21097.7
21264.4
21288.7
21374.6
21592.7
22115.9
22377.9
