568.3
581.8
1053.2
1082.0
1160.2
1217.2
2020.6
2147.7
2147.9
2372.4
2405.0
2535.2
2607.8
2864.5
2871.3
3312.0
3397.2
3633.6
3708.3
4827.3
4878.3
4969.3
5059.5
5113.1
5517.6
5524.1
5557.0
5722.0
5798.0
6005.7
6216.0
6479.6
6607.0
6863.4
6984.4
7000.3
7020.8
7029.9
7065.7
7089.3
7122.8
7417.8
7492.1
7835.3
7842.0
7939.6
8751.1
8892.6
8977.0
9553.7
9609.9
9689.2
10286.8
10890.3
10926.7
11559.7
11795.1
12024.9
12169.3
12235.5
12305.4
12577.7
12636.0
12710.8
12820.1
13085.5
13940.6
14593.5
14814.1
15050.8
15278.2
15654.8
15694.6
16228.5
16461.4
16658.4
16954.3
16955.4
17181.9
17434.8
17684.3
17875.1
18324.1
19069.1
19434.5
19508.9
19646.9
19718.6
19796.4
20103.0
20148.3
20759.2
20854.0
21011.2
21319.3
21466.5
21599.2
21632.9
21884.8
21924.4
22915.2
