82.8
149.7
637.6
881.3
906.2
1089.1
1105.3
1113.7
1272.9
1365.3
1825.4
2054.0
2076.9
2230.1
2305.1
2788.4
2913.7
3091.8
3629.8
3670.0
3944.9
4265.6
4440.8
4572.1
4599.1
4602.1
4639.1
4745.8
4846.2
5011.3
5094.4
5301.6
5443.2
5455.3
5590.7
5778.3
5822.6
6146.2
6223.1
6568.9
6574.0
6662.0
6945.3
7045.8
7250.5
7272.4
7689.4
8025.3
8316.7
8638.6
8820.9
8990.9
9026.7
9172.5
9220.5
9366.7
9455.8
10002.4
10059.2
10221.0
10532.8
10552.0
10781.9
11122.4
11204.4
11371.8
11592.5
11799.4
12527.4
12568.6
12769.8
12848.8
13226.4
13262.9
13529.6
13570.9
13947.7
14293.7
14298.1
14575.4
14589.5
14716.9
15427.9
15465.0
15680.6
15696.9
15714.9
15800.2
16135.2
16270.2
16462.4
16616.8
16776.2
17538.2
17897.1
17933.9
18022.8
18449.2
18854.2
20522.0
20700.9
20981.9
20989.7
21181.6
21716.1
22147.4
22276.3
22405.7
22407.1
22447.6
22494.8
22812.5
22921.2
