454.5
1188.9
1378.2
1934.4
2006.2
2128.2
2271.4
2671.4
2738.6
2907.5
3176.9
3653.7
3767.2
3869.8
4132.1
4262.9
4288.1
5031.4
5038.8
5387.1
5483.7
5733.6
5863.0
6512.0
7056.1
7379.2
7633.0
8348.7
8396.6
8442.4
8473.1
8496.6
9002.3
9228.9
9410.0
9443.4
9752.7
9947.9
10127.8
10451.7
10473.0
10486.0
10491.6
10561.4
10605.9
11068.3
11143.1
11452.8
11565.2
11826.7
11984.9
12107.6
12309.3
12702.3
13250.0
13436.6
13490.9
13517.2
13565.7
13864.7
14400.0
14426.6
14532.3
14596.9
14739.4
14899.5
14925.1
15396.3
15419.3
15423.5
15532.5
15577.8
15867.8
15900.9
16232.6
16405.6
16427.8
17031.1
17221.3
17570.9
17795.0
17835.3
17901.8
17997.0
18335.7
18451.1
18471.2
18475.6
18558.1
18597.6
18680.2
18732.1
18749.8
18924.8
18964.2
19455.0
19847.6
20353.6
20407.6
20528.6
20552.0
20837.4
20868.5
20920.9
21155.0
21463.1
21567.6
22326.0
22480.0
22951.0
