530.7
880.6
1479.4
1950.5
2251.8
2769.3
2827.0
3046.4
3061.8
3073.3
3159.7
3344.7
3407.4
3607.6
3839.2
3946.4
4023.0
4040.9
4273.0
4776.1
5159.8
5248.3
5771.2
6173.4
6263.0
6464.8
6656.9
7016.1
7274.6
7355.7
7676.6
7769.5
8251.9
8403.0
8439.7
8594.4
8752.9
9476.4
9678.2
10226.9
10258.4
10482.5
10769.7
10784.9
11144.3
11177.7
11482.9
11511.3
11661.9
11813.5
11978.5
11983.6
12116.7
12270.7
12419.6
12499.7
12853.6
12954.5
13682.9
13915.4
14400.7
14406.1
14478.5
14588.0
15362.6
15683.3
15732.9
15802.2
15982.4
16158.8
16164.3
16168.3
16390.0
16483.5
16554.3
16794.9
16920.1
16954.2
17296.3
17329.3
17363.8
17433.0
17600.9
17631.5
17652.1
17786.1
17832.4
18304.0
18395.5
18555.2
18902.2
19138.5
19321.9
19540.8
19577.6
19580.8
19822.9
19932.7
19978.8
20021.5
20315.3
20683.0
20878.7
21924.3
21961.1
21978.2
22198.0
22401.0
22990.8
22992.1
