75.3
94.1
536.4
563.4
564.3
776.8
846.5
893.3
1317.4
1386.9
1464.5
2070.3
2114.4
2154.9
2240.4
2315.6
2555.0
2848.7
2999.9
3155.7
3458.3
3518.6
3704.8
3738.5
3742.4
3910.3
3937.0
4777.6
5169.6
5171.1
5262.9
5301.0
5703.1
5825.3
5843.6
6648.7
6744.3
6766.9
6820.5
7126.3
7351.0
7822.2
8588.0
8631.8
8740.3
8926.9
9130.8
9197.5
9625.8
9816.9
9832.5
9977.9
9994.1
10144.0
10191.3
10493.3
11123.8
11210.0
11502.3
11678.2
11782.3
11899.3
11985.1
12020.6
12268.3
12431.2
12659.8
12775.4
12955.4
13022.9
13260.9
13638.6
13871.5
13881.7
13930.4
13942.5
14071.5
14260.9
14297.3
14439.4
14515.0
14757.8
14824.6
14991.6
15417.2
15529.6
15952.7
16114.6
16125.8
16502.4
16598.9
16796.8
17192.3
17214.8
17231.8
17466.7
17532.1
17750.7
17944.8
18247.6
18255.2
18265.7
18815.2
19017.1
19096.8
19189.6
19263.8
19303.8
19327.2
19604.1
19604.6
19649.6
20047.8
20101.8
20156.0
20313.7
20518.0
20776.5
21008.9
21026.3
21081.9
21244.7
21467.7
21485.5
21558.9
21670.4
21779.7
21853.5
22015.9
22156.8
22252.2
22302.0
22561.1
22711.8
22736.7
22967.6
