309.8
355.0
619.6
717.1
823.9
1662.0
1908.7
2221.6
2446.5
2887.4
3105.2
3302.7
3901.6
3960.7
4082.4
4161.7
4469.1
4720.8
4720.9
5286.8
5550.3
5959.2
6118.5
6176.4
6192.1
6579.8
6867.3
6896.8
7301.1
7415.9
7650.6
7707.0
7842.3
7853.1
8084.2
8100.8
8196.1
8595.4
8655.0
8687.9
8787.8
8846.9
8919.8
9054.1
9408.8
9434.9
9696.3
9819.7
9965.8
10056.7
10317.9
10512.0
10715.7
10996.8
11092.1
11265.8
11341.1
11527.0
11562.6
11767.1
11809.6
12267.0
12305.8
12419.5
12522.9
12673.8
12681.2
12755.2
12949.0
13302.1
13318.6
13483.5
13498.8
13626.9
13801.5
13909.8
14058.0
14422.5
14428.3
14430.8
14844.5
15666.9
16113.1
16182.6
16250.7
16327.3
17029.4
17405.0
17449.9
17456.9
17617.5
17836.2
17914.5
18342.9
18469.2
18574.4
18734.4
18908.7
19065.8
19225.4
19452.0
19720.2
19870.5
19905.1
20055.1
20810.3
20985.1
21218.7
21593.1
21993.5
22202.5
22219.8
22359.6
22710.8
22712.3
22781.5
22911.4
22924.8
