100.9
182.1
532.7
565.4
904.8
1372.2
1515.1
1575.0
2138.8
2604.9
2672.0
2697.8
2768.7
2910.9
2921.0
2990.5
3064.2
3303.9
3323.0
3959.5
4007.4
4041.3
4234.4
4257.7
4353.3
4548.6
4559.4
4643.0
4849.1
4893.7
5065.4
5123.2
5223.7
5351.0
5708.8
5775.6
5832.7
6085.0
6352.2
6399.4
6480.8
6658.1
6871.0
7529.5
7764.2
7957.7
8776.7
8835.6
8955.2
9010.2
9037.8
9128.1
9343.2
9358.7
9520.5
9932.1
9994.5
10266.5
10306.2
10353.8
10733.7
10768.8
10805.8
11147.4
11569.8
11790.7
11795.8
11946.6
12190.8
12706.9
12721.3
13038.0
13461.7
13710.6
13803.5
14189.2
14322.5
14346.8
14374.0
14677.7
14842.4
15060.4
15187.8
15612.8
15616.0
15639.4
16627.0
16839.7
16875.9
16901.5
16989.2
17007.3
17086.9
17252.9
17347.4
17561.2
17611.2
17911.1
18420.3
18432.1
18489.4
18582.6
18603.4
19000.6
19041.8
19056.1
19144.5
19209.2
19216.0
19953.3
20186.2
20215.5
20528.7
20705.7
20788.4
20792.9
20888.0
21091.5
21578.4
21580.6
22132.5
22529.4
22844.5
22926.2
