221.3
333.7
340.7
455.9
1196.7
1228.2
2296.9
2435.5
2513.5
2710.8
2804.9
3061.8
3238.3
3316.7
3721.8
3985.9
4226.7
4265.2
4296.9
4360.0
4422.7
4551.2
4690.2
4724.7
5544.4
5600.9
5886.8
6061.4
6236.9
6258.2
6308.1
6390.0
6619.4
7065.3
7613.6
7933.6
8162.0
8207.6
8670.4
8781.8
9159.9
9227.7
9798.0
9829.0
10452.1
10555.3
10567.4
10592.9
10756.2
10907.5
11072.0
11098.3
11321.0
11347.0
11375.7
11652.4
12065.0
12112.8
12204.6
12391.4
12518.5
12910.2
13134.0
13184.5
13481.9
13732.3
13927.4
13941.3
14233.0
14248.6
14265.6
14285.8
14381.0
14564.7
14645.7
14985.4
15010.6
15021.5
15029.0
15216.4
15409.0
15509.5
15543.8
15693.0
15872.1
16850.6
16891.4
16963.0
17106.7
17346.2
17460.8
18429.9
19165.0
19822.0
19828.3
20003.1
20119.5
20141.4
21116.0
21178.2
21367.8
21508.5
21846.6
22187.4
22258.0
22282.8
22425.7
22461.7
22776.9
22940.4
22982.1
