29.9
747.4
1014.8
1214.5
1553.9
1836.6
2059.9
2174.5
2585.6
3011.1
3343.4
4015.9
4403.6
4503.2
4513.1
4628.9
4676.0
5330.5
5346.9
5587.6
5695.1
5710.3
5886.4
6223.8
6245.8
6487.4
6771.6
6850.6
6936.7
7100.7
7209.0
7215.2
7314.5
7509.5
7576.2
7604.8
7840.9
8469.1
8539.3
8703.6
9601.4
9690.5
9856.4
9863.6
9955.3
10223.2
10639.7
10905.4
10963.8
11122.6
11336.9
11456.6
12017.4
12319.4
12708.5
12794.3
12806.5
13239.0
13570.6
13684.0
13688.7
13922.9
14753.5
14799.5
14799.7
14952.8
15141.0
15281.0
15352.8
15772.1
15808.9
15909.4
15910.8
16280.9
16462.3
17023.5
17034.2
17140.3
17252.0
17457.1
17933.7
18049.4
18644.9
18801.4
18808.3
18851.0
18966.3
19011.4
19309.4
19384.7
19427.7
19723.3
19782.8
20240.4
20253.0
20594.2
20656.5
21179.2
21272.2
21733.7
21968.0
22005.7
22006.5
22101.5
22188.8
22287.2
22716.5
22779.1
