496.4
531.9
781.5
926.1
1222.5
1246.1
1481.4
1618.9
2119.9
2210.5
2294.5
2533.5
2596.1
2630.1
2819.7
2834.2
2843.3
2846.7
2920.9
2968.2
3630.7
3882.9
5059.8
5065.0
5130.5
5995.1
6003.7
6182.2
6350.1
6430.4
6470.5
6736.0
6992.6
7904.3
8034.7
8036.4
8048.0
8120.5
8227.9
8335.1
8423.0
8601.0
8604.3
8791.3
9236.8
9417.9
9425.7
9447.7
9489.6
9514.4
9796.2
10362.6
10408.6
10723.5
11221.4
11344.4
11378.1
11515.0
11516.7
11706.1
11870.7
11898.1
12134.2
12160.3
12175.3
12901.8
12987.1
12991.6
12998.3
13123.9
13184.8
13206.0
13471.0
13668.5
13699.5
13979.2
14067.2
14358.3
14578.4
14774.2
14791.3
14899.2
15140.8
15441.6
15585.5
15765.4
15952.6
16312.3
16414.3
16436.4
17147.7
17148.3
17577.6
17724.0
18152.0
19281.1
19312.4
20317.6
20589.2
20687.0
20780.8
21049.0
21082.8
21268.5
21339.9
21358.6
21467.2
21620.6
21688.0
21804.6
21805.6
21840.6
21988.0
22014.9
22145.1
22665.1
22785.5
22786.7
