619.7
633.6
705.9
776.2
848.1
981.7
997.5
1023.0
1023.2
1422.8
1945.4
2120.6
2743.6
2834.6
2927.9
3097.3
3221.4
3346.0
3556.6
3622.5
3644.9
3899.3
3904.6
4110.0
4498.5
4521.7
4571.0
4651.2
4732.5
5085.6
5270.5
5307.8
5452.8
5590.3
5673.6
5776.1
5898.4
6141.0
6157.4
6159.1
6543.7
7006.2
7460.4
7478.2
7610.9
7763.6
7772.2
7877.3
7948.7
8139.7
8232.7
8330.1
8390.6
8441.9
8591.3
8815.2
8838.5
8869.8
8896.0
8940.4
8942.4
9113.7
9576.5
9864.6
9907.5
10164.2
10250.9
10330.7
10543.8
10873.9
10913.6
11046.7
11083.4
11390.8
11585.0
12063.3
12543.5
12678.3
12792.4
13124.3
13160.8
13716.8
13835.5
13965.4
13976.5
14270.8
14271.3
14383.6
14398.8
14415.5
14996.8
15069.2
15211.7
15271.0
15285.3
15356.8
15384.6
15414.2
15476.8
15522.3
15635.5
16215.3
16221.6
16358.0
16404.9
17257.5
17475.9
18425.7
18501.0
19486.0
19516.8
19652.5
19682.7
20071.7
20644.6
20892.4
20956.3
21243.6
21288.0
21786.7
21899.9
21910.0
22142.2
22330.8
22334.8
22580.1
22753.4
22851.5
