660.1
816.8
882.0
1051.0
1398.4
1540.2
1585.4
1631.2
1714.8
2460.0
2688.5
3067.7
3231.2
3281.7
3398.5
3410.4
3699.1
4185.1
4751.0
5048.8
5104.6
5279.7
5456.0
5613.9
5923.0
6125.0
6236.6
6646.0
6812.3
7061.5
7862.1
7915.6
8256.0
8317.1
8353.6
8409.5
8450.3
8519.8
8745.4
8811.8
8886.0
9205.1
9450.7
9481.7
9659.1
9704.3
9914.5
10088.4
10126.6
10133.6
10661.1
10876.1
10911.1
11020.8
11089.2
11360.3
11441.4
11501.4
11731.9
11875.3
12052.3
12287.4
12954.5
13009.2
13182.9
13619.2
13669.9
13809.6
14097.2
14165.7
14490.8
14585.2
14587.8
14814.4
14929.5
14941.7
15057.3
15132.6
15362.6
15975.4
16027.9
16179.7
16328.9
16523.0
16599.1
17033.6
17394.1
17787.3
17789.7
17925.9
17968.1
17978.3
18147.9
18296.1
18400.8
18694.4
18993.6
19087.1
19462.1
19519.3
19561.7
19911.1
20222.0
20419.9
21148.0
21172.0
21350.7
21459.1
21555.6
21659.8
21727.6
21734.9
21987.0
22013.9
22156.8
22472.9
22834.9
