386.8
531.6
768.1
1029.8
1291.2
1396.6
1739.2
1790.4
1820.5
2103.7
2217.5
2268.9
3187.9
3553.4
3888.4
4195.9
4362.2
4635.1
4679.0
5349.5
5496.5
5873.3
6261.9
6473.4
6477.7
6684.6
6727.4
6921.3
6958.5
7035.3
7245.7
7320.7
7345.0
7363.0
7437.4
7617.4
7619.8
7751.7
7871.1
8025.9
8209.1
8219.5
8296.8
8371.6
8448.7
8650.2
8697.5
8744.9
8844.5
9063.5
9437.3
9573.6
9671.9
9682.0
9727.5
9857.4
9878.4
10419.2
10525.2
10626.3
10706.4
10796.9
11032.5
11971.6
12266.6
12369.3
12626.7
12691.5
12745.1
12760.8
13206.0
13245.0
13492.2
13632.6
13792.1
13903.9
13978.8
14249.1
14426.4
14556.8
14736.0
15167.1
15627.2
15767.6
16106.0
16221.4
17292.0
17364.9
17570.5
17933.7
18037.0
18100.7
18117.9
18150.9
18180.1
18362.3
18475.1
18556.5
18746.9
19064.8
19232.4
19296.5
19409.4
19571.7
19591.2
19762.9
19874.4
20127.3
20269.3
20445.3
20666.8
20736.5
20788.3
20928.3
21578.1
22052.4
22418.1
22657.7
22991.9
