157.7
666.3
745.1
928.9
931.1
939.7
1037.7
1619.1
1648.5
1719.9
1737.7
2033.6
2091.5
2111.2
2121.3
2243.6
2523.6
2843.8
3096.9
4303.7
4834.8
4980.5
5563.3
5860.8
6103.0
6222.0
6628.7
6828.7
6979.5
7319.0
7659.1
7682.2
8078.8
8143.6
8390.7
8560.6
8913.8
9024.0
9024.2
9087.8
9161.2
9180.9
9185.8
9312.0
9334.8
9384.4
9385.6
9390.7
9884.5
9906.8
10581.7
10621.6
11060.8
11314.7
11378.0
11428.9
11590.4
11657.5
11685.5
11700.1
12008.7
12159.9
12855.7
13052.1
13212.8
13400.3
13637.7
13671.7
14129.3
14954.7
15153.9
15391.8
15741.5
16348.3
16422.1
16594.5
16635.8
16792.6
16819.5
16830.5
17018.5
17167.0
17371.8
17445.9
17548.9
17871.1
17932.4
17936.0
17994.4
18162.8
18303.9
18790.4
18837.2
19068.6
19104.8
19433.4
19568.4
20135.0
20551.3
21201.6
21317.0
21335.6
21626.0
22002.9
22161.6
22323.9
22373.1
22802.6
22815.7
22859.5
22932.6
22996.0
