151.8
256.8
869.1
1076.3
1102.8
1153.2
1172.4
1221.7
1543.0
1617.3
1867.6
1913.1
1971.4
2055.0
2119.0
2276.4
2418.9
2640.9
2660.1
2680.5
2715.0
2734.8
2823.8
2937.4
3113.1
3233.5
3445.8
3746.4
3921.7
4087.8
4169.3
4255.2
4269.4
4655.5
4762.1
4839.0
5072.4
5744.0
5976.3
6178.1
6250.8
6262.3
6728.2
7052.4
7399.3
7478.4
7568.3
7762.2
7924.4
7967.9
7990.0
7993.7
8171.8
8543.4
8678.5
8852.9
9131.7
9320.8
9559.3
9774.5
10056.6
10462.8
10560.0
10672.3
10817.6
10867.9
10877.0
11623.9
11718.9
11719.1
11726.7
12212.7
12293.1
12297.3
12674.1
13340.0
13777.4
13791.1
13820.0
13877.3
14266.4
14298.7
14340.6
14596.5
14877.5
15015.4
15080.6
15365.1
15994.6
16010.8
16791.2
17007.9
17079.6
17174.1
17310.2
17337.1
17493.9
17811.4
18177.0
18203.0
18491.3
18642.2
19103.9
19190.6
20061.7
20272.6
20305.7
20307.6
20421.9
20555.6
20651.6
21365.8
21794.0
21963.7
21992.0
22751.6
22919.9
