412.1
603.0
884.3
1394.4
1416.8
1420.8
1583.0
1589.3
2209.3
2324.2
2530.3
2652.7
2784.1
2800.0
2808.7
2949.8
2971.5
3021.4
3542.0
4308.7
4349.1
4495.3
4662.2
4778.0
4902.1
5132.2
5322.6
5400.6
5437.7
5479.6
5668.0
5757.1
5925.5
6739.8
6908.3
7056.5
7223.6
7308.1
7381.1
7402.7
7419.4
7542.8
8099.6
8151.0
8295.5
8532.6
8579.0
8590.0
8762.1
9221.2
9336.9
9436.5
9514.1
9562.4
9845.2
9917.8
10181.1
10181.2
10461.4
10482.4
10659.6
11280.6
11289.6
11308.3
11493.6
11904.7
11904.9
11976.4
12024.8
12127.0
12594.6
13198.2
13506.9
13716.1
13732.3
14142.4
14163.2
14353.2
14428.3
14440.5
14661.3
15860.0
16011.6
16276.7
16345.8
16712.2
16881.0
17087.9
17501.9
17937.5
18529.7
18688.4
18746.7
19375.8
19485.2
19867.3
20293.5
20557.7
20680.4
20832.9
21118.8
21126.7
21215.1
21434.7
21509.2
21559.2
21584.9
21759.7
21892.5
22010.7
22174.6
22353.7
22706.9
22750.7
22974.2
