42.4
77.2
290.7
508.4
510.7
535.1
564.2
719.5
1057.8
1132.5
1402.0
1863.7
1899.3
1933.4
2170.8
2237.8
2471.6
2714.1
2766.4
3202.8
3267.1
3378.6
3601.4
4081.3
4549.8
4848.5
4896.7
5024.0
5514.1
5517.7
5627.6
5664.4
5885.8
6216.0
6217.7
6325.2
6909.4
7029.2
7088.1
7095.6
7625.6
7663.7
7915.1
8375.7
8606.3
9252.3
9285.6
9910.3
9961.2
10070.4
10148.8
10559.3
10709.9
10769.5
10780.9
10796.4
10837.6
10930.5
11031.0
11594.6
11686.9
11740.2
11812.6
11884.6
12421.0
12438.4
13292.0
13427.2
13491.6
14066.5
14212.3
14249.2
14793.1
14810.1
15055.6
15476.2
15637.2
15765.9
16027.5
16128.1
16144.7
16721.1
17031.0
17183.8
17643.8
18029.2
18213.2
18615.6
18640.6
18646.8
19340.9
19949.0
20186.1
20335.3
20344.5
20522.1
20530.1
20696.1
21045.6
21470.8
21546.6
21658.1
21673.8
21712.7
21826.4
22067.4
22078.8
22109.2
22197.4
22259.2
22493.9
