41.5
144.5
297.2
574.8
748.2
853.8
903.4
1719.6
2206.2
2225.8
2640.3
2798.5
2818.7
2839.1
3086.5
3136.2
3223.0
3248.1
3312.2
3423.6
3447.6
3575.5
3622.1
4270.9
4604.0
4610.4
4617.8
4696.7
4714.7
4902.0
5024.5
5435.2
5557.1
5616.7
5621.7
6053.9
6199.3
6266.5
6317.9
6451.8
6609.2
6644.0
6895.3
6896.3
7027.8
7209.5
7240.0
7914.3
8187.7
8301.9
8376.9
8752.6
8773.6
9051.1
9080.9
9449.9
9464.3
9507.8
9801.5
10152.0
10669.8
10766.0
11229.5
11292.5
11594.1
12036.2
12044.9
12155.1
12231.3
12483.8
12791.1
12961.7
14093.6
14371.5
14504.1
14558.6
14725.4
14750.5
14836.3
15463.8
15493.0
15598.8
16403.5
16787.2
16888.6
17020.4
17650.9
17947.0
18012.0
18261.4
18335.0
18362.3
18461.7
18553.1
18874.2
19273.2
19282.0
19989.4
20017.4
20060.4
20356.4
20389.3
20545.4
20932.4
21248.6
21252.9
21697.5
21804.7
21891.5
