238.0
252.8
345.6
380.8
578.3
601.6
968.7
1099.7
1237.0
1473.1
1674.5
2134.1
2315.5
2505.8
2583.0
2769.7
3596.9
3908.8
4043.3
4391.0
4785.4
4819.9
4833.2
4887.3
4949.4
5069.8
5332.5
5337.5
5559.1
5559.6
5633.0
5865.7
6142.3
6288.4
6412.6
6563.9
6695.5
6721.6
7081.9
7160.1
7378.2
7650.2
7654.8
8035.8
8659.1
8929.5
9138.7
9142.1
9689.0
9694.0
9938.7
10024.0
10311.9
10399.7
10480.2
10961.0
11039.4
11513.8
11624.2
11939.6
11982.4
12103.0
12289.5
12487.7
12544.9
13166.1
13494.1
13611.7
14398.4
14595.6
14659.9
14690.6
14703.2
15091.8
15123.7
15164.1
15202.9
15261.1
15629.1
15811.8
15847.4
16058.2
16204.3
16271.3
16956.9
16984.9
17056.3
17509.9
17582.4
17665.0
17678.9
17729.9
17738.9
17947.6
17960.1
18275.8
18334.5
18416.9
18723.1
19101.1
19206.0
19262.1
19669.7
19814.6
19992.8
20125.2
20566.3
20607.1
20613.8
20971.0
21217.0
21351.7
21550.5
21820.1
21855.7
21970.4
22201.4
22864.5
