689.1
956.3
1137.1
1208.8
1588.5
1816.6
2366.9
2537.4
2604.7
2615.5
3276.7
3358.1
3452.8
3739.4
4146.3
4281.5
4288.4
4393.1
4589.0
4635.8
4861.0
5643.1
5796.2
5824.7
6093.0
6094.9
6333.7
6498.9
6527.1
7676.1
7707.6
7780.8
7968.3
8212.3
8262.6
8674.4
8690.6
8709.6
9102.4
9218.5
9329.8
9614.3
10137.8
10150.6
10279.0
10815.2
10930.7
11140.4
11286.8
11399.9
11870.5
12053.1
13141.3
13166.5
13190.3
13313.7
13549.7
13658.8
14261.9
14529.4
15005.2
15069.8
15105.4
15470.2
16164.9
16362.7
16499.7
16516.3
16632.6
16859.2
16916.0
17270.3
17305.6
17379.3
17383.2
17509.1
17634.9
17875.8
17964.7
18287.8
18554.0
18615.7
18851.7
19016.6
20078.0
20531.0
20567.7
20677.4
21225.0
21235.2
21447.6
21472.8
21505.3
21564.6
21738.0
22370.3
22770.9
