16.4
46.2
179.9
285.3
379.4
401.4
566.3
646.5
704.8
707.3
1012.6
1246.5
1376.8
1457.3
1457.6
1528.7
1695.4
1804.4
2161.8
2276.9
2896.7
2966.4
3046.9
3104.5
3298.7
4063.0
4320.0
5092.7
5099.8
5162.5
5407.7
5408.5
5881.8
5920.2
5930.7
6003.9
6035.2
6226.8
6461.4
6548.7
6698.7
6706.3
6876.4
7003.0
7261.0
7418.5
7560.9
7660.9
7740.5
8176.4
8328.7
8377.6
8524.1
8580.6
8755.7
8758.9
8786.8
8793.3
8878.0
9045.5
9677.8
9701.9
9994.1
10289.5
10525.5
10609.2
10716.2
10978.7
11226.0
11323.0
11569.0
11685.4
12482.5
12525.6
12823.4
12880.0
12900.4
13064.7
13226.9
13247.2
13622.2
14373.9
14409.4
14475.0
14552.5
14583.1
14753.6
14947.0
15426.7
15538.2
15761.7
15765.8
16013.1
16275.6
16350.0
16371.5
16772.0
16792.4
16964.4
17246.7
17434.8
17772.6
17984.1
18842.1
19162.2
19403.0
19678.4
19709.3
19791.2
20339.2
20546.0
20678.0
20748.9
21000.2
21118.2
21312.0
21605.1
22034.5
22148.3
22374.0
22430.5
22480.6
22531.6
22627.8
22811.7
22931.9
