6.8
208.5
259.1
276.0
365.1
412.4
414.4
1163.3
1219.7
1357.5
1883.7
2171.1
2178.0
2345.4
2557.4
2613.4
2619.2
2874.8
3541.7
3656.3
3819.6
4167.3
5018.8
5101.7
5385.0
5448.0
5461.8
5532.1
5726.1
6174.1
6461.0
6800.7
6829.0
6906.9
7108.0
7288.9
7414.8
7478.8
7621.9
7669.1
7754.4
7957.1
8098.1
8356.8
8982.2
8992.5
9566.7
10001.2
10331.5
10593.6
11045.4
11047.9
11355.4
11554.0
11664.4
11708.5
11942.4
12016.0
12339.0
12666.3
13340.9
13348.5
13469.8
13726.0
13929.5
13968.3
14310.6
14350.0
14497.5
14566.2
14694.4
14831.9
14978.1
15159.5
15294.3
15364.8
15540.0
15668.4
15919.6
15997.5
16322.8
16327.4
16348.6
16352.9
16376.5
16399.9
16468.1
16528.1
16621.7
16933.9
16974.1
17316.4
17345.3
17413.3
17426.5
17568.4
17587.7
17805.2
17938.8
17977.0
18097.6
18128.0
18231.2
18388.8
18426.8
18732.1
18859.8
19376.2
19439.4
19477.1
19479.2
19580.9
19815.0
19879.2
19920.6
20025.9
20178.2
20402.3
20476.4
20642.9
20958.5
21144.1
21303.4
21388.7
22020.5
22218.0
22340.8
22363.0
