187.0
298.4
645.3
761.0
801.1
1224.2
1286.1
1475.9
1592.8
1919.3
2224.9
2301.9
2528.4
2781.6
3202.5
3577.0
3590.6
3735.2
4689.1
4723.6
4897.1
5151.7
5262.6
5285.1
5412.6
5517.8
6074.8
6224.3
6343.7
6403.6
6472.2
6531.2
6758.3
7172.7
7816.7
8098.4
8420.8
8444.5
8456.6
8599.6
8753.5
8888.6
9233.4
9258.3
9573.7
9581.6
9669.6
9890.0
10030.8
10408.2
10770.0
10869.0
10976.4
11035.3
11091.4
11101.3
11271.1
11825.4
11884.6
12023.0
12106.2
12188.2
12779.6
12826.4
13027.4
13087.9
13146.3
13396.9
13755.3
13903.7
14194.8
14390.1
14441.8
14721.5
14750.6
14967.4
15206.6
15659.0
16167.0
16179.2
16230.2
16352.4
16702.0
16708.6
16811.1
17023.6
17062.4
17313.2
17433.3
17634.1
17658.2
17695.2
17927.5
18267.4
18460.9
18847.0
18883.4
19472.0
19877.8
19885.1
20421.2
20526.0
20781.0
21071.0
21092.3
21297.7
21358.7
21597.7
21607.0
21651.1
21655.9
21812.5
21855.6
21939.2
22185.9
22578.7
22586.1
22891.3
