37.1
71.3
716.0
1049.4
1439.0
2049.5
2092.0
2168.2
2269.2
2496.0
2719.6
3015.0
3090.3
3339.8
3537.5
3777.8
3941.2
4017.2
4090.2
4248.6
4322.5
4388.7
4429.9
4966.0
5613.4
5702.4
5890.2
6408.5
6556.0
6652.4
6666.3
6767.9
7118.3
7259.2
7570.3
8245.3
8311.9
8444.1
8717.9
8991.7
9145.8
9200.3
9208.0
9508.8
10580.8
10706.2
10780.8
10995.6
11270.0
11287.5
11420.9
11515.6
11905.0
12787.6
13104.1
13105.7
13377.5
13735.1
13788.5
13844.0
14004.5
14386.4
14450.3
14667.1
14863.3
15064.5
15115.0
15317.4
15366.8
15570.3
15724.1
16116.9
16174.4
16219.6
16591.5
16749.6
16836.7
16947.5
17148.7
17258.9
17304.4
17524.0
17669.7
17675.5
17974.0
18179.1
18227.9
18532.5
18557.4
18650.4
18829.0
19164.6
19594.1
19636.7
20136.1
20272.0
20483.0
20639.5
20649.2
20943.1
20963.7
21001.3
21034.7
21477.1
21729.6
22007.6
22262.8
22269.9
22678.0
22858.1
