562.0
682.8
768.7
841.4
940.4
1053.4
1205.7
1263.7
1324.7
1359.1
1498.4
1607.2
1679.5
1986.7
2123.2
2345.0
2528.2
2651.9
2817.4
4186.9
4346.6
4368.5
4548.0
4639.2
4657.3
4784.9
4859.3
4884.3
5291.4
5460.6
5961.6
6064.2
6198.9
6327.4
6409.5
6519.6
6912.6
6968.5
7347.9
7687.5
7951.1
8065.3
8489.7
8553.0
8585.8
9038.0
9158.1
9223.1
9358.8
9867.4
9905.1
10200.4
10214.1
10272.6
10312.6
10456.0
10544.7
10741.1
11069.4
11126.9
11310.4
11418.6
11494.8
11574.3
12559.6
13026.6
13113.5
13543.5
13688.8
13701.7
14087.3
14463.4
14609.4
14797.1
16054.0
16318.1
16380.9
16726.1
16993.6
17131.7
17363.2
17579.7
17753.6
17941.6
17962.1
18041.1
18118.3
18145.5
18765.8
18825.1
18890.8
19090.7
19378.9
19881.6
20212.2
20262.1
20305.7
21007.4
21478.0
21604.5
22334.1
22421.5
22747.6
22794.9
22805.7
22847.9
