56.5
381.4
517.1
549.4
1006.7
1178.4
2017.4
2146.1
2189.0
2734.9
2789.4
3696.1
3720.7
3740.2
3762.2
4162.7
4217.9
4508.2
4689.1
4710.0
4899.2
5393.6
5692.8
6024.9
6425.4
6497.6
6893.4
7019.9
7060.3
7232.1
7395.1
7449.5
7878.9
7933.3
7981.9
8342.3
8583.3
9168.0
9699.9
9700.3
9735.6
9755.4
10412.1
10427.7
10758.7
10834.3
10887.4
10947.2
11298.7
11473.0
11487.6
11708.2
11732.4
12006.4
12180.7
12182.4
12444.6
12878.3
12969.0
13281.6
13394.3
14011.6
14266.6
14424.6
14457.9
15111.9
15544.5
15659.1
16114.8
16244.5
16427.3
16733.7
17516.5
17678.0
17909.2
18203.3
18504.6
18671.1
18859.2
18939.2
18943.2
19461.0
19493.7
19858.3
19876.8
19878.0
20059.3
20081.1
20108.5
20478.1
20765.9
21112.3
21593.2
21943.2
21952.7
22190.8
22348.4
22358.7
22634.7
22921.2
