107.9
158.4
203.9
790.7
844.7
1884.6
2230.2
3125.7
3769.3
3861.6
4341.9
4671.4
4981.9
5042.2
5318.3
5548.8
5592.1
5593.4
5654.2
6193.7
6327.9
6460.6
6649.4
6681.5
6696.0
6796.2
7055.3
7340.8
7747.8
7954.6
8138.4
8302.3
8494.1
8550.6
8695.4
8857.8
9315.3
9316.4
9706.7
9859.9
10051.7
10207.0
10881.2
10936.2
11206.8
11522.9
11706.6
11765.6
12191.5
12450.6
12522.3
12579.7
12588.2
13363.7
13447.0
13461.1
13558.5
13732.2
14347.7
14619.8
14718.0
14732.2
14745.3
14941.9
15027.2
15283.8
15440.2
15523.8
15629.2
15942.1
15973.2
16259.4
16326.2
16511.3
16588.0
17045.7
17047.4
17078.1
17287.9
18172.2
18293.4
18373.4
18465.8
18496.2
18546.7
18650.9
18959.7
19463.5
19577.5
20107.4
20120.2
20150.4
20664.0
20892.3
21017.6
21046.8
21164.4
21252.7
21347.2
21396.0
21604.3
21802.7
22310.0
22418.5
22564.2
22742.9
