92.9
359.9
448.1
856.1
893.8
1154.5
1194.9
1278.3
1313.1
1336.7
1499.8
1547.6
1631.6
1659.4
1661.6
1700.3
1723.1
1852.1
2010.6
2057.6
2215.3
2307.9
2769.5
3211.0
3322.2
3490.7
3765.0
4481.1
4570.5
4583.5
4992.2
5349.6
5559.3
5575.6
5711.9
5797.0
5896.7
6122.0
6642.9
6732.0
6888.5
7045.7
7122.7
7237.3
7266.4
7482.5
7909.4
8049.2
8555.9
8605.3
8927.1
9060.2
9082.1
9250.4
9590.9
9593.6
10642.6
10854.2
11308.6
11336.3
11562.2
11798.0
12176.3
12270.1
12490.6
12594.0
12679.7
12685.5
12919.3
13496.0
14242.0
14759.2
15177.2
15477.8
15736.9
16110.7
16293.1
16699.6
16981.8
17221.5
17447.6
17457.0
17570.4
17870.7
17876.0
18014.6
18368.1
18554.4
18870.5
19043.1
19300.8
19306.3
19319.3
19404.5
19564.5
19583.1
19657.9
19680.0
20221.7
20367.7
20412.5
20420.5
20717.1
20913.7
21204.7
21363.3
21497.6
21780.4
22071.2
22246.9
22498.0
22720.8
22927.4
