422.0
666.9
832.5
1863.5
1987.9
2117.6
2361.9
2782.5
3043.3
3075.3
3195.7
3482.8
4136.0
4142.2
4287.4
4712.8
4771.1
5287.0
5350.5
5540.6
6018.3
6047.8
6321.6
6765.0
6782.4
6800.4
6813.1
7328.4
7431.9
7559.8
8084.5
8133.7
8260.1
8452.7
8715.5
8819.1
9068.7
9487.0
9542.5
9583.4
9815.2
10253.1
10261.2
10330.4
10340.9
11097.6
11208.6
11266.5
11518.0
11850.9
11871.7
11933.8
12016.4
12138.1
12153.6
12256.9
12275.1
12369.0
12435.0
12473.4
12492.4
13061.1
13294.6
13486.2
13856.0
13856.7
14323.6
14647.7
14676.6
15755.9
15843.8
15890.1
16659.0
16828.3
16963.0
17031.8
17267.1
17294.8
17295.7
17387.7
17494.7
18254.7
18372.9
18461.0
18542.8
18993.4
19033.5
19080.0
19110.1
19297.1
19435.1
19662.5
20091.7
20165.5
20182.5
20311.9
20491.7
20868.6
21062.8
21399.1
21423.5
21532.0
21661.8
22154.6
22522.4
22756.7
