10.1
34.8
404.0
479.5
494.6
751.0
787.7
843.8
1087.5
1095.4
1564.5
1750.4
2533.9
2634.8
2696.6
3328.5
3411.3
3512.6
3521.7
3681.0
4076.8
4186.7
4515.5
4568.0
5239.6
5430.9
5455.5
6200.9
6328.9
6358.9
6413.6
6465.0
6499.5
6709.0
6999.8
7605.7
7694.6
7924.3
7967.0
8005.2
8010.1
8776.8
8810.6
9005.9
9127.6
9151.0
9165.4
9329.2
9528.3
10017.2
10282.1
10357.2
10508.2
10743.9
10780.5
10827.8
10842.2
11142.3
11192.5
11839.0
12046.6
12204.0
12823.4
12908.1
13174.5
13523.3
14602.5
14609.2
14750.8
15041.3
15141.0
15214.9
15342.7
15688.3
15831.1
16302.2
16429.3
16782.5
16830.3
17144.6
17283.4
17503.1
17511.9
17577.0
17709.5
17848.3
17935.5
18339.7
18829.2
19822.6
19921.1
20047.7
20062.3
20116.3
20165.8
20322.0
20348.5
20640.8
20715.2
21052.6
21313.1
21537.5
21718.6
21938.4
22119.1
22329.9
22388.2
22701.1
22770.9
22926.4
22959.7
