437.2
961.4
1324.6
1424.2
1487.2
1621.2
1641.3
2583.2
2833.2
3356.3
3365.4
3436.2
3704.7
4022.2
4064.8
4154.8
4176.0
4195.8
4425.6
4560.2
4590.0
4716.0
4734.9
5169.0
5214.8
5509.5
5604.7
6156.1
6517.0
6663.7
6841.4
6936.5
7288.0
7426.1
7583.3
7740.0
7863.0
7908.6
8013.3
8401.1
8591.3
9113.8
9531.0
9625.5
9657.7
9968.7
9976.6
10135.9
10261.8
10724.8
11189.5
11216.5
11449.5
11471.4
11479.1
11635.8
11658.6
11859.7
12061.4
12302.0
12376.3
12650.4
12760.9
12772.6
12805.7
12966.7
13170.3
13555.3
13661.3
13704.0
13877.9
14138.5
14234.0
14299.0
14802.6
15340.4
15503.6
15832.6
16178.4
16228.5
16265.2
16563.3
16578.7
16967.4
16967.6
17139.6
17196.2
17470.8
18045.3
18174.4
18259.5
18837.9
19462.6
19474.5
19529.3
19644.3
19679.7
19881.0
19930.6
20362.0
20508.9
20546.4
20580.3
20602.5
20640.4
20731.5
20761.8
21688.7
21691.5
21710.2
21756.0
22023.7
22164.8
22502.0
22646.2
22965.3
