106.8
172.4
299.9
303.3
419.4
581.4
590.9
742.0
850.3
987.5
1108.3
1424.9
1683.5
1719.2
2057.7
2580.9
2622.6
2628.6
3973.0
4085.3
4328.8
4481.5
4973.2
5124.1
5234.5
5629.3
5698.5
6192.2
6192.6
6428.1
7018.3
7130.2
7172.2
7672.5
7699.1
8688.8
8973.5
9050.9
9185.7
9513.1
9777.0
9783.0
9972.1
10192.3
10756.7
10980.0
11130.1
11308.5
11416.8
11508.6
11643.8
11700.0
11813.9
11959.8
12013.6
12275.0
12474.7
12801.6
13290.4
13827.5
14281.9
14499.3
14822.5
14952.5
15496.3
15691.5
15864.5
15902.2
16278.3
16298.7
16344.2
16349.9
16576.9
16752.5
16799.8
16936.6
17341.5
17374.4
17595.9
17707.5
17728.0
17821.5
17955.3
17970.6
18154.0
18250.1
19041.1
19129.2
19530.1
19556.2
19596.4
19677.1
20154.7
20190.6
20487.2
20561.0
20854.3
21160.2
21223.2
21535.1
21686.3
21843.5
21922.6
22096.6
22171.9
22483.7
22513.8
22518.1
22683.7
22742.7
22865.7
