85.5
180.1
182.2
189.1
235.2
279.0
538.2
680.6
874.2
1103.0
1426.2
1569.3
1860.4
1939.8
2549.0
2615.5
2697.9
2829.6
2913.6
3060.5
3084.3
3555.8
3601.5
3900.8
3931.9
4207.5
4207.9
4270.7
5173.2
5174.9
5249.6
5504.5
5526.5
5558.7
5755.8
5780.4
6333.2
6452.9
6967.5
6987.9
7055.9
7089.8
7265.4
7329.9
7402.0
7424.1
7529.2
7678.7
7735.5
7967.0
8340.4
8365.9
8489.6
8552.9
9078.6
9939.4
9981.0
10109.7
10194.4
10369.6
10926.6
10979.5
11658.1
12268.2
12289.5
12640.5
12695.3
13097.3
13180.3
13229.3
13278.4
13356.7
13569.2
13812.6
13943.6
14098.2
14689.0
14978.0
15238.3
15555.6
15618.2
15778.6
15931.2
15962.7
15998.2
16204.6
16456.5
16500.1
16599.6
17031.4
17151.1
17507.0
17586.2
17647.6
17692.4
17727.1
17815.3
18196.5
18484.9
18717.8
18834.9
19155.5
19158.8
19346.4
19460.6
19462.0
19512.4
19513.0
20053.7
20570.2
20961.2
21348.0
21739.4
21760.2
21961.8
22336.7
22707.4
22794.6
22880.6
22953.8
22992.1
