140.0
145.9
224.1
242.0
908.7
928.4
1143.1
1218.4
1261.2
1310.8
1396.7
1665.7
1728.1
1845.8
1868.7
1876.9
2248.6
2414.4
2719.7
2734.7
3163.4
3482.4
3784.2
3930.6
3945.1
4051.3
4164.2
4164.6
4173.1
4490.8
4741.0
5010.7
5013.0
5138.2
5282.9
5311.6
5314.0
5722.7
5861.6
5926.0
5946.0
6094.0
6106.9
6350.4
6385.4
6483.2
6659.8
6697.9
6863.0
7005.9
7150.9
7662.0
8258.9
8361.1
8442.5
8720.3
8741.9
8911.5
9599.8
9683.0
9771.4
10843.1
11225.0
11654.0
11726.5
11769.8
11801.9
11811.0
11893.4
11945.4
11970.8
12038.3
12242.8
12262.4
12277.6
12373.0
12845.0
12944.2
13636.6
13746.9
13877.0
13890.0
13903.8
14299.2
14344.2
14365.9
14452.1
14458.8
14677.9
14804.1
14822.3
15126.9
15382.8
15489.0
15613.9
15815.7
15921.3
16057.8
16100.1
16198.9
16375.7
16657.1
16721.2
17046.0
17271.0
17329.6
17432.6
17721.6
17929.4
18575.4
18669.1
18869.6
18890.1
18949.3
19160.3
19845.6
20086.6
20245.8
20327.6
20378.3
20470.8
20475.9
20545.7
20613.3
20641.8
20729.2
22098.1
22699.6
22840.8
