55.5
59.5
64.3
237.9
366.0
430.2
895.8
1254.3
1593.6
1744.1
1904.8
1927.8
2791.0
2839.3
3462.3
3470.2
3517.9
3666.4
3740.3
3762.3
3829.0
3893.5
4473.3
4647.6
4829.7
5036.6
5127.4
5154.0
5533.0
5916.6
6022.5
6119.8
6580.8
6621.6
6662.4
7082.6
7465.5
8424.1
8536.0
8779.1
9222.5
9390.3
9789.6
9934.7
10244.3
10272.2
10374.7
10456.8
11006.8
11110.8
11512.1
11513.0
11725.5
12043.1
12180.5
12416.3
12456.9
12594.1
12735.9
12838.4
13102.3
13305.7
13360.4
13567.2
13841.1
13949.2
14516.1
14647.1
14949.6
15354.4
15373.3
15557.1
16562.5
16677.0
16712.9
17541.3
17575.0
17679.2
17895.2
18131.2
18240.8
18734.9
18754.6
18846.0
19197.7
19255.9
19744.7
19745.5
19782.5
19975.6
20095.3
20245.5
20747.4
20772.0
21144.5
21247.7
21571.9
21597.6
22250.1
22332.5
22342.0
22658.1
22662.1
22752.7
22855.6
22900.0
