139.1
383.6
1020.6
1074.1
1107.7
1132.2
1277.1
1306.2
1537.4
1659.6
1858.9
2335.3
2343.1
2603.4
2852.4
2991.8
3309.2
3345.0
3480.4
3737.7
3822.9
4039.5
4058.8
4197.8
4208.9
4280.3
4960.3
5140.2
5424.4
5477.2
5512.1
5708.0
5737.4
5845.4
6229.9
6251.8
6308.9
7183.9
7253.6
7475.3
7732.8
7981.9
8293.0
8458.3
8535.9
8804.3
8933.8
10043.7
10179.2
10827.9
10887.7
11377.0
11793.8
11827.7
11946.7
11962.6
13082.5
13226.5
13272.3
13351.3
13690.2
13861.6
13912.3
14075.4
14256.2
14314.0
14808.4
15151.1
15608.2
15738.3
15799.1
16611.0
16748.4
16905.7
16959.4
17078.3
17208.7
17371.5
17709.6
17845.0
17870.2
17871.8
17899.6
18005.0
18398.2
18534.3
18801.7
18884.3
19425.5
19495.3
19702.9
19884.4
20050.0
20104.3
20111.1
20232.5
20626.9
20848.6
20912.6
20919.7
21037.3
21466.0
21608.7
22137.7
22166.7
22348.7
22416.5
22987.3
