27.4
113.9
114.2
261.8
365.7
1362.9
1493.9
1904.1
1996.5
2210.4
2386.6
2432.0
2647.9
2734.6
3000.4
3272.1
3916.6
4176.1
4369.7
4396.5
4446.2
4649.0
5357.7
5403.4
5502.0
5618.4
5669.1
6040.0
6200.1
6234.3
6265.6
6898.0
7007.9
7114.4
7234.1
7393.8
7541.8
7570.3
7589.1
7711.3
7868.2
7915.9
8132.9
8465.1
8490.3
8690.3
9083.9
9087.2
9101.5
9262.4
9723.7
10078.2
10167.8
10201.3
10269.3
11206.2
11281.6
11641.0
11664.1
12144.3
12172.6
12227.3
12340.6
12912.9
13948.6
14120.9
14322.4
14460.9
14513.7
14745.5
15663.7
15822.0
16589.4
16691.8
16761.5
17340.9
17411.5
17734.4
18234.8
18909.3
18938.1
19378.6
19502.1
19603.8
19679.3
19693.8
19984.4
20296.2
20359.2
20541.9
20645.8
20918.0
21047.0
21136.9
21413.7
21486.0
21509.2
22110.6
22283.9
