75.3
565.7
1271.9
1343.1
1612.3
1661.7
1753.7
1906.8
1912.8
1987.2
2659.9
2837.3
2842.1
3081.5
3157.8
3169.7
3317.5
3343.8
3535.0
3570.6
4251.8
4268.1
4618.3
4648.5
4720.5
4858.1
4917.3
5130.4
5214.2
5252.8
5346.5
5566.6
5569.2
5598.7
5841.2
6101.7
6351.2
6555.8
6609.5
6655.4
6684.5
6704.0
6715.6
7337.5
7648.9
8053.2
8258.0
8383.2
8521.3
8711.1
8741.7
8896.1
9153.8
9183.4
9219.5
9261.3
9524.7
9921.7
10011.3
10088.9
10131.3
10407.6
10472.0
10542.5
10736.1
11009.2
11075.8
11239.4
11319.6
11356.0
11381.1
11491.5
11758.0
11792.8
12069.2
12352.4
12452.3
12581.4
12815.5
12920.9
13131.0
13186.1
13398.1
13438.7
14227.9
14387.4
14442.6
14493.0
14594.9
14910.6
15010.6
15358.1
15761.9
15852.1
16303.5
16374.9
16633.1
16642.6
16741.2
16855.9
17026.0
17049.9
17077.3
17381.4
17443.8
17553.8
17587.4
17640.3
18082.4
18284.8
18346.5
18412.5
18879.1
18889.7
19009.4
19131.1
19144.9
19183.1
19191.8
19501.6
19508.5
19907.7
19942.9
20051.0
20437.3
20643.1
20668.1
20770.1
21296.0
21362.7
21679.7
22552.4
22597.7
22704.3
22995.2
