592.0
609.3
1044.9
1218.1
1301.2
1503.6
1859.8
2138.9
2179.6
2259.3
2539.3
3163.7
3186.8
3648.5
3755.8
3808.3
3959.9
4450.0
4459.0
4630.3
4728.0
4869.4
5069.3
5155.5
5250.7
5333.0
5587.4
5652.5
5790.4
7157.3
7212.2
7503.6
7584.6
8491.1
8506.3
8610.3
9104.2
9114.8
9145.2
9235.6
9274.4
9312.6
9327.6
9385.6
9779.2
9855.9
10025.4
10029.1
10261.3
10440.8
10539.4
10660.4
11140.6
11355.9
11973.6
12238.4
12488.8
12762.5
12938.3
13822.8
13894.2
13956.3
14152.2
14163.9
14409.5
14520.0
14552.5
14591.0
14615.3
14638.5
15035.3
15380.8
15555.0
15656.5
15863.4
16010.6
16043.1
16097.3
16274.9
16278.8
16605.2
16640.2
16965.2
17104.7
17451.0
17986.6
18006.2
18333.1
18356.5
18717.9
18814.4
19060.3
19247.7
19879.8
19914.5
19964.9
20256.1
20661.8
20753.4
20848.8
20872.6
20967.5
21304.6
21970.9
22322.2
22376.3
22915.3
22986.3
