15.0
274.4
495.3
562.3
629.4
824.4
1534.8
2145.6
2165.8
2271.0
2651.2
2741.1
3253.6
3345.0
3366.8
3461.2
3558.9
3572.8
3789.4
4013.8
4110.9
4306.7
4683.3
4709.2
4782.5
4822.7
4942.9
5737.0
5883.7
5947.0
6326.2
6729.2
6778.3
6839.7
6917.6
7129.8
7340.5
7743.6
7961.9
8074.8
8166.7
8289.2
8379.8
8380.8
8679.4
8804.3
9011.2
9344.9
9372.3
9374.7
9401.3
9586.4
9790.3
9877.4
9912.3
9913.7
10051.1
10135.5
10201.2
10279.4
10286.4
10831.8
10970.0
11167.1
11204.3
11394.7
11404.2
11423.5
11491.4
11646.4
11813.3
11905.7
11919.7
12174.9
12410.0
12731.7
13048.6
13528.8
13660.1
14055.0
14071.2
14717.7
14744.3
15215.4
15256.5
15495.3
15631.7
16701.7
16799.5
16850.4
17001.4
17044.6
17052.4
17085.4
17099.4
17322.9
17405.7
17561.2
17887.4
17975.4
18215.3
18276.1
18330.8
18415.4
18545.3
18695.5
19166.7
19538.6
19816.0
19827.9
19950.2
21249.5
21276.3
21335.0
21608.5
21682.6
21775.8
21915.6
22051.0
22265.7
22371.8
22373.2
22421.2
22699.8
22729.0
22814.0
22923.9
