278.0
299.0
786.2
821.2
1071.5
1285.7
1954.2
2088.2
2427.4
2979.4
3021.9
3089.3
3514.8
3694.9
4461.7
4820.8
4881.5
5077.0
5408.9
5421.4
5861.6
6109.5
6477.5
6547.1
6553.5
7172.9
7547.2
7739.5
7870.7
7928.5
8117.6
8466.3
9304.1
9381.9
9472.0
9508.5
9778.0
9799.5
10142.6
10167.8
10282.6
10366.4
10629.4
10867.1
10922.7
11270.4
11300.9
11698.3
11745.3
11751.9
11979.9
12199.0
12210.2
12649.3
12881.1
13315.5
13609.2
14175.6
14188.6
14250.0
14380.4
14781.3
15016.4
15069.4
15197.9
15308.3
15400.7
15554.7
15570.5
15721.5
15837.8
15972.6
16081.7
16124.2
16128.6
16230.1
16358.9
16690.3
16745.0
17153.6
17334.2
17522.5
17541.6
17727.0
17746.4
18360.8
18917.6
19111.7
19308.5
19450.5
19619.2
19638.7
19658.6
19713.8
19747.2
20080.8
20155.2
20218.2
20501.4
20551.0
20831.9
20866.6
20872.1
21368.1
21406.8
21846.6
21944.6
22064.0
22842.2
22857.7
22961.7
22973.5
