156.4
257.1
285.2
293.7
549.8
1140.6
1404.0
1864.8
1889.2
1942.0
1960.3
2012.1
2063.5
2523.8
2552.9
3903.1
4162.8
4262.2
4432.3
4982.3
5118.7
5551.9
6110.4
6183.7
6336.0
6521.3
6641.8
7064.3
7175.6
7650.9
7707.4
7897.7
8118.8
8443.7
8749.0
8968.7
9226.7
9302.8
9585.4
9853.7
10514.9
10530.1
10735.0
10964.3
11013.3
11040.4
11043.7
11067.6
11122.9
11169.6
11265.7
11349.8
11440.7
11621.5
11692.9
12206.3
12302.0
12619.8
12686.7
13201.0
13207.2
13268.2
13430.4
13507.5
13564.9
14097.9
14161.9
14177.9
14312.1
14848.4
15091.9
15212.5
15218.8
15223.4
15291.0
15452.8
16446.7
16505.8
16519.6
16896.9
16951.3
17162.4
17305.2
17516.7
17597.6
17654.9
17838.5
18398.7
18479.4
18957.7
18960.0
18981.5
19068.7
19132.0
19325.0
19390.4
19686.3
19767.2
20188.5
21137.1
21212.4
21274.2
21726.9
21849.7
22035.0
22278.3
22417.3
22513.0
22851.4
