102.9
127.9
355.9
411.5
465.0
535.8
612.0
683.5
761.6
1085.2
1480.4
1573.5
2061.2
2238.2
2281.6
2282.3
2446.0
2744.7
2887.9
2988.7
3168.0
3852.6
3876.3
4061.6
4105.4
4749.6
4939.2
5073.3
5117.7
5409.5
5428.6
5916.5
6077.6
6743.7
6765.9
6996.4
7175.9
7239.0
7304.9
7640.1
7916.4
8291.9
8292.2
8685.2
8883.2
8948.5
9038.3
9072.0
9125.3
9140.5
9155.8
9234.7
9399.3
9491.5
9707.2
9725.7
9825.6
10606.7
10684.7
10788.9
10796.0
10948.1
11432.2
11615.6
11662.9
11701.7
11815.2
11822.0
11963.9
12227.0
12532.6
12693.7
13026.4
13183.6
13530.7
13698.4
13736.7
13968.9
13999.1
14477.7
14690.8
14818.2
14905.7
14958.1
15231.4
15282.9
15557.4
15708.1
15763.4
15920.8
16136.9
16524.7
16673.7
16860.6
16942.7
17012.3
17490.2
17522.4
17986.6
18067.8
18242.6
18350.8
18404.0
18564.0
18952.3
19273.0
19336.9
19363.0
19404.2
19427.6
20094.9
20110.1
20586.2
20704.7
20804.6
20840.9
20842.4
20912.2
21390.6
21588.4
21897.9
22161.6
22577.5
22686.6
22856.9
22993.2
