37.9
62.5
95.1
145.1
468.8
680.5
725.7
951.5
1010.0
1081.8
1108.3
1740.5
2322.7
2681.6
2855.9
2931.1
2942.2
3627.9
3683.8
3727.9
3875.1
4002.8
4030.4
4095.4
4279.2
4314.8
4349.1
4350.4
4465.8
4615.7
5030.0
5928.4
5929.7
6314.8
6629.1
6659.3
7188.5
7272.1
7528.0
7704.1
7872.6
7988.8
7992.5
8120.9
8172.9
8427.8
8665.2
8818.0
8878.8
9006.5
9070.0
9403.7
9723.6
9956.0
10065.9
10108.5
10147.4
10299.5
10633.8
10747.4
10779.1
10916.2
11131.3
11201.8
11314.8
11343.9
11660.3
11983.8
12541.3
12666.1
13062.2
13285.6
13570.8
13820.3
14131.3
14152.5
14825.1
15185.7
15225.2
15417.3
15810.5
15850.7
15961.4
16071.8
16098.0
16410.0
16496.1
16515.8
16950.9
17352.4
17734.0
17832.1
18432.7
18462.7
18515.0
19012.7
19243.5
19700.2
19748.1
19790.4
20293.0
20365.8
20384.9
20394.1
20560.8
20623.8
20623.9
20684.9
20685.9
20709.3
20710.4
20769.6
21023.1
21273.4
21620.9
21890.4
22005.9
22242.9
22471.5
22992.1
