7.6
764.9
931.8
953.5
1521.2
1646.9
1769.3
1935.0
2438.8
2791.9
3176.2
3271.6
3316.9
3749.6
3798.1
3882.3
4051.0
4620.1
4748.8
4750.4
4772.8
4980.5
5053.1
5509.4
5561.0
5571.3
5676.4
6119.7
6327.0
7277.0
7291.7
7333.2
7339.7
7565.2
7838.0
8043.0
8307.8
8346.8
8667.5
8920.6
8930.8
9308.1
9412.0
9587.2
9739.1
9768.7
10144.5
10430.1
10618.0
10628.1
11154.6
11171.7
11515.1
11526.9
11580.7
11627.5
11760.0
12160.0
12231.5
12413.0
12502.0
12641.0
12838.4
13050.9
13112.7
13336.2
13876.5
14156.6
14222.3
14501.9
14681.3
14784.4
14917.1
15648.8
15689.1
15743.8
15810.8
15818.4
15920.6
16107.1
16136.4
16175.0
16257.8
16575.3
16976.6
17042.7
17483.1
17670.7
18168.5
18327.5
18438.0
19685.1
19758.7
19815.4
19906.0
20340.0
20898.6
20975.1
21232.9
21590.8
21867.0
22152.4
22328.1
22606.0
22849.3
