318.1
450.0
728.8
794.6
850.3
857.0
875.5
876.5
1001.0
1161.9
1169.6
1267.1
1324.2
1342.5
1364.5
2172.3
2605.7
2650.8
3054.3
3250.2
3522.9
3815.0
4081.3
4136.6
4187.2
4244.9
4256.0
4363.1
4667.3
4829.6
4853.3
5089.1
5175.8
5604.7
5762.5
5779.2
6034.0
6097.8
6169.4
6309.2
6357.0
6461.6
6779.5
6859.6
6963.5
7189.5
7342.7
7431.1
7671.4
8182.7
8614.4
8737.3
8745.0
8857.3
9394.9
9680.8
9700.4
9700.8
9843.7
9929.3
10077.9
10171.1
10291.3
10919.9
10998.0
11117.0
11349.0
11527.6
11621.6
12040.5
12181.9
12409.6
12689.6
12953.1
13206.4
13332.4
13708.5
13776.9
13805.8
13855.9
13857.1
14015.0
14080.9
14215.0
14717.6
15114.3
15429.7
15447.4
15674.4
15830.1
16116.4
16225.0
16229.2
16543.9
16682.4
16953.3
17034.7
17050.2
17455.8
17614.7
17734.6
18006.6
18322.7
18407.3
18432.4
18629.8
18749.6
19338.2
19645.0
20614.5
20843.2
21109.5
21346.9
21586.1
21899.7
22403.8
22407.4
22803.0
22838.5
