250.3
252.7
317.8
371.1
568.6
569.8
624.7
759.7
798.2
969.3
1078.2
1160.9
1262.3
1605.9
1657.6
1699.2
1713.7
1858.7
2292.1
2401.7
2460.0
2744.8
3037.9
3148.4
3190.3
3290.1
3294.4
3296.4
3313.0
3383.8
3393.3
3517.5
3563.6
3709.7
3800.5
4224.9
4246.0
4686.3
4890.0
5224.5
5363.4
5409.0
5585.5
5634.7
5687.3
5792.3
6030.6
6100.2
6812.9
6837.7
6916.2
6978.1
6983.5
7331.9
7439.5
7673.9
7867.7
7916.2
8547.9
8581.4
8710.4
8758.8
8831.4
8875.7
9038.2
9124.2
9305.5
9399.8
9471.0
9851.1
10087.5
10178.9
10478.8
10499.5
10675.1
10878.6
11747.1
12223.1
12448.9
12584.9
12821.5
12880.0
12927.3
13171.2
13177.9
13227.5
13417.3
13452.4
13528.4
14084.1
14356.1
14400.1
14718.4
15024.7
15060.0
15309.8
15345.8
15534.6
16113.0
16569.8
17120.7
17153.9
17506.7
18267.6
18438.1
18475.8
19035.2
19096.1
19226.8
19271.8
19636.9
19789.1
19916.9
19976.2
20088.1
20114.3
20335.4
20677.8
20754.3
20837.4
20921.1
20993.1
21261.0
21300.3
22396.3
22813.1
