78.2
111.5
115.5
135.3
421.2
454.3
602.0
709.3
986.4
1001.5
1423.8
1549.9
1743.8
2111.9
2378.8
2416.7
3435.6
3469.9
3676.2
3898.3
4021.7
4029.1
4394.5
4542.6
4790.0
4930.1
4984.9
5405.3
5509.7
5563.1
6301.1
6675.6
6755.8
6794.8
6926.2
7145.2
7154.0
7256.2
7455.1
7935.6
8314.6
8406.8
8826.6
8896.9
8902.2
9217.5
9317.6
9357.0
9520.5
9872.1
10026.5
10228.5
10527.6
10648.1
10865.4
10883.4
11898.0
11899.0
11924.8
11929.2
12136.6
12140.7
12496.1
12496.4
12621.2
12641.1
12979.1
13146.0
13218.7
13238.1
13240.1
13477.6
13888.1
14730.4
14738.6
14757.3
14863.8
14889.5
14984.7
15076.3
15140.7
15144.6
15534.4
15548.3
15554.7
15556.7
15724.3
16169.7
16262.7
16288.1
16842.4
17166.0
17525.9
17630.0
17752.9
17915.9
18252.8
18539.9
18684.7
18777.0
18921.6
19341.8
19471.8
19525.9
19631.1
19874.5
19955.3
20319.1
20871.3
21561.4
21691.3
21694.7
22061.5
22116.3
22204.3
22396.9
22961.9
