52.4
212.5
412.4
530.3
543.8
618.1
688.2
700.0
945.9
965.0
1298.2
1364.8
1490.7
1669.4
1752.2
1775.1
1850.1
1871.8
2013.9
2023.2
2054.3
2106.0
2202.7
2574.1
2584.0
2995.0
3436.6
3450.4
3828.9
3859.8
3968.2
3997.3
4018.1
4502.0
5010.4
5411.5
5462.2
5585.1
5737.1
5955.0
5990.3
6161.2
6197.7
6318.3
6691.4
6787.6
7107.3
7220.7
7631.6
7773.9
7931.2
8288.6
9129.4
9129.5
9272.9
9529.4
9818.2
9863.4
9875.7
10040.5
10046.2
10079.0
10813.0
11103.0
11482.5
11524.7
11634.9
12126.4
12431.0
12839.9
12995.9
13025.6
13646.3
13716.7
13892.6
14314.8
14654.0
14774.6
14840.8
14998.6
15149.4
15459.0
15512.7
15611.3
15792.4
15871.3
15892.9
15919.1
15921.8
16322.1
16820.3
17440.7
17787.9
17869.3
17936.0
17991.3
18436.8
18625.1
19387.1
19410.3
19443.1
19593.3
19747.9
20155.1
20188.3
20412.0
20518.7
20829.1
21137.2
21514.8
21540.6
22461.1
22498.9
22565.2
22674.8
22819.4
