190.0
585.0
845.7
1090.6
1539.8
1672.5
1844.1
1848.7
2072.7
2625.9
2830.6
3627.3
4303.9
4433.5
4450.2
4650.6
4816.2
5173.8
5300.7
5340.3
5397.4
5412.8
5476.1
5786.2
5915.5
6214.3
6216.6
6498.3
6514.9
6554.9
6583.9
6605.6
6650.2
6836.6
7008.8
7067.7
7238.4
7250.8
7358.4
7633.8
7707.7
7716.4
8124.4
8261.4
8748.2
8766.2
8801.8
8862.1
8885.6
9587.0
9597.3
9655.3
9731.5
10371.1
10812.5
10813.0
10953.1
10994.0
11231.3
11751.9
11869.2
12225.4
12531.7
12811.5
12953.6
13362.4
13956.8
14129.4
14357.4
14437.8
14569.5
15114.3
15366.6
15429.6
15864.9
15925.6
16027.1
16297.0
16387.5
16491.2
16535.1
16684.1
16769.1
17184.6
17188.5
17590.9
18019.4
18069.9
18593.0
19081.0
19241.5
19294.9
19797.9
19804.9
19812.6
19905.9
19952.8
20302.7
20393.2
20441.1
20446.6
21335.5
21559.3
21597.1
21836.5
22976.6
