557.0
730.8
1465.9
1590.4
1978.9
2054.9
2163.6
2330.3
2446.3
2553.2
2737.8
2831.5
3217.5
3219.0
3718.1
4177.1
4305.5
4328.3
4875.9
4959.2
5093.8
5324.5
5325.0
5526.7
5671.9
5802.5
5970.5
6954.1
7327.0
7509.1
7649.3
7675.1
8196.3
8322.8
8659.2
8781.2
9084.3
9203.1
9680.2
9763.7
9766.8
9810.5
9842.8
9861.4
10467.2
10752.0
10987.0
11447.2
11484.9
11491.8
11511.3
11722.1
11823.0
12113.9
12323.8
12359.3
12361.3
12530.0
12580.6
12755.2
12864.6
13206.0
13217.3
13607.5
13752.1
14321.0
14482.4
14513.5
14536.3
15005.2
15392.1
15471.0
15496.6
15694.8
15727.4
16066.3
16130.5
16265.1
16318.0
16673.2
16816.4
17092.2
17260.9
17300.9
17384.7
18058.5
18506.7
18826.6
18851.0
18960.2
19190.9
19461.6
19524.5
19638.9
19751.8
19917.0
20068.2
20433.4
20459.2
20659.3
20703.6
20789.2
20816.4
21220.6
21601.3
21755.7
21859.2
22233.2
22340.1
22450.0
22602.0
22926.9
