61.6
263.5
476.2
729.3
988.8
1056.5
1085.5
1090.9
1154.2
1339.4
1613.0
1630.6
1654.6
1696.5
1703.2
1830.1
1913.6
2347.1
2591.5
2915.2
3229.5
3382.9
3591.9
3617.4
3814.0
3863.4
3867.3
3880.8
4015.0
4564.3
4598.9
4735.8
4867.7
4926.2
5091.9
5096.8
5157.1
5268.7
5281.5
5294.4
5577.4
5642.1
5696.2
5701.4
5752.8
6017.5
6222.4
6553.9
6593.6
6936.4
6990.4
7364.5
7870.3
7915.7
8339.8
8486.1
8486.6
8531.1
8618.6
8839.3
8946.6
9305.9
9616.6
9731.7
9942.8
10279.3
10508.7
10683.2
10754.6
11296.0
11613.0
11838.5
12002.1
12002.7
12049.8
12235.9
12445.7
12496.8
12674.8
12700.0
12966.3
13171.4
13383.4
13951.3
14329.7
14391.6
14820.9
16323.1
16489.2
16543.7
16545.0
16550.9
16631.5
17391.4
17470.1
17524.3
17528.9
17881.4
18025.4
18034.5
18063.2
18866.0
19541.7
20214.4
20383.6
20677.7
20865.7
20942.1
21130.2
21299.0
21551.9
21622.7
21697.0
21892.4
22172.0
22494.4
22571.6
22686.8
22773.9
