37.5
94.6
391.2
749.6
1041.0
1144.8
1168.1
1203.5
1417.4
1518.3
1561.5
1667.2
1885.9
1924.2
2341.8
2345.0
2906.1
3318.7
3355.8
3562.0
3675.6
3680.1
3735.1
3894.7
4320.1
4511.3
4532.0
4532.9
4844.9
4876.2
5071.7
5150.4
5242.5
5267.0
5598.4
5845.2
5958.7
6019.8
6108.4
6624.8
6698.4
6978.3
7313.1
7490.5
7753.9
8016.6
8136.4
8226.9
8418.4
8691.7
8695.9
8734.2
9235.2
9566.3
9649.9
9901.3
10003.9
10182.9
10313.2
10668.3
10809.0
10821.0
10940.0
10965.7
10999.9
11163.3
11320.8
11619.6
11942.6
12285.8
12707.4
12846.7
12857.7
13218.6
13538.9
13713.6
13836.7
13862.3
14014.8
14015.6
14029.9
14046.1
14088.4
14323.6
14495.6
14760.3
14782.5
14999.4
15062.4
15102.3
15354.1
15408.8
15985.2
16132.0
16144.4
16465.4
16868.8
16907.9
17215.5
17237.3
17325.0
17537.8
17585.6
17608.3
17684.9
17766.5
17944.2
18234.8
18414.0
18665.0
18722.4
18775.3
18813.6
18964.8
19324.6
19750.1
19753.4
19766.5
19782.7
19795.9
19812.7
19959.8
20012.3
20130.4
20378.1
20447.2
20856.9
20869.1
20973.7
21405.2
21444.7
21533.5
21589.5
21621.8
21871.4
21976.5
22379.9
22544.5
22569.8
22583.0
22668.6
22928.4
22990.6
