274.5
492.1
630.6
682.0
1012.4
1194.0
1531.0
1658.5
2074.0
2482.3
2558.1
2603.6
2667.4
2668.5
2795.7
2866.1
3166.8
3260.7
3311.9
3635.5
3768.8
3926.1
3946.9
4073.5
4119.3
4796.3
5107.4
5332.8
5511.4
5692.2
6243.5
6551.5
7052.4
7206.3
7294.7
7392.3
7560.6
7969.2
7971.0
7974.1
8094.5
8131.2
8264.4
8282.1
8366.9
8385.5
8646.3
8853.9
9279.3
9490.9
9605.0
9621.9
9626.9
9629.7
9894.4
9900.5
10063.2
10160.7
10177.8
10289.4
10515.7
10684.8
10822.0
11530.7
12204.2
12623.5
12848.1
13412.0
13584.8
13594.8
13939.4
15162.4
15261.2
15589.4
15722.4
16259.6
16265.0
16624.3
16696.3
16773.3
16787.4
17342.3
17367.1
17514.6
18007.1
18211.3
18414.3
18435.0
18484.8
18749.5
18812.4
19002.1
19172.8
19333.8
19345.6
19515.9
19553.3
19605.7
19621.6
20137.8
20144.3
20520.9
21263.5
21414.0
21582.6
21890.5
22160.8
22624.8
22708.5
22868.5
