258.3
261.1
775.1
987.8
1074.8
1222.9
1261.9
1343.0
1372.9
1397.2
1492.0
1705.6
1815.4
1820.2
1823.0
2120.8
2234.9
2468.6
2530.4
2650.2
2706.7
2902.3
3050.6
3174.6
3763.0
4699.0
4733.6
4915.5
5200.7
5680.3
5838.0
6039.5
6059.7
6422.1
6873.0
6908.0
7525.4
7791.5
7978.2
8184.6
8198.1
8401.7
8535.6
9080.2
9080.9
9606.0
9741.1
9960.8
10342.1
10457.3
10717.0
10881.8
11059.0
11319.0
11321.8
11333.8
11391.5
11722.3
11733.0
11791.0
12082.3
12137.4
12376.1
12758.7
13056.0
13369.6
13439.2
13465.4
13682.0
13754.5
13838.1
13854.1
14193.8
14281.2
15009.5
15083.6
15125.8
15262.1
15269.6
15301.5
15470.1
15484.0
15659.6
15681.7
15758.9
16282.5
16362.6
16384.1
16739.5
16740.5
16767.6
17063.8
17762.7
17938.8
18035.4
18590.8
18649.7
18714.5
19409.6
19520.1
19570.8
19647.5
19863.7
19950.1
20095.7
20170.3
20272.0
20365.0
20419.8
21107.4
21560.6
21867.3
21916.4
22245.6
