334.8
549.6
914.0
1022.7
1112.6
1142.0
1219.1
1337.6
1827.9
1900.1
1963.8
2083.9
2174.8
2646.0
2822.0
2969.9
3055.3
3074.2
3537.5
3823.2
3871.8
4018.9
4212.5
4291.6
4411.8
4418.5
4473.8
4634.2
5304.9
5474.4
5527.6
5651.6
5718.6
5869.5
6218.0
6236.0
6491.2
6904.1
6949.4
6973.9
7121.9
7750.9
7870.8
7976.1
8236.4
8316.4
8340.7
8852.2
8978.2
9161.3
9289.5
9631.6
9642.4
9889.2
9926.3
10058.1
10227.3
10383.5
10406.6
10465.3
10522.1
10663.7
10666.9
10685.3
10824.9
11678.4
11998.5
12003.4
12109.7
12153.2
12444.7
12589.4
12624.3
12833.1
12900.1
13134.6
13268.9
13675.8
13813.5
13973.9
14461.0
14773.2
14916.7
14928.6
15419.4
15489.0
15914.7
15956.9
16222.9
16382.4
16386.9
16577.4
16610.2
17224.8
17344.7
17547.9
18054.2
18133.6
18491.4
18880.7
19201.1
19849.2
20403.4
20445.6
20623.5
21057.6
21517.3
21545.9
21744.7
21946.2
22205.3
22677.5
22680.0
22702.9
22802.5
22809.8
