798.8
966.2
976.5
1552.4
1573.3
1846.0
1984.3
2320.9
2400.4
2478.6
2609.2
2888.8
3292.1
3431.7
3475.5
3495.1
3619.6
3907.9
3946.0
3987.9
4319.7
5342.7
5811.2
5981.1
6367.4
6418.9
6478.8
6575.5
6812.6
7198.6
7411.4
7627.5
7648.6
8008.9
8387.1
8639.6
9124.1
9140.2
9468.8
9531.1
9654.9
10720.5
10921.9
10968.8
11159.4
11684.6
11931.6
11989.9
12432.0
12448.8
12504.6
12739.0
13000.2
13192.7
13415.4
13927.4
13963.0
14023.9
14242.2
14439.5
14446.5
14599.4
14983.9
15028.9
15047.0
15639.3
15693.9
15711.6
15719.8
15792.6
15833.9
16149.3
16253.3
16480.9
16551.8
16701.1
16735.1
16739.8
16804.1
16895.5
17116.8
17515.5
17569.6
18222.9
18404.9
18636.3
18688.3
19138.1
19338.8
19368.4
19530.1
20397.6
20447.3
20506.5
20523.9
20746.2
20849.8
21139.5
21159.4
21181.3
21261.6
21406.1
22467.7
22743.1
