21.7
478.4
976.4
1123.5
1135.1
1259.4
1329.0
1531.7
1646.2
1872.1
2118.9
2549.8
2711.9
3084.9
3158.4
3260.4
3402.3
3871.3
4150.6
4777.7
5070.4
5280.2
5339.4
5440.4
5626.1
5648.9
6054.6
6120.2
6476.4
6704.4
6760.0
6764.8
6818.5
6835.8
6912.6
6937.8
7113.7
7186.6
7715.2
7819.6
7955.8
8430.2
8554.6
8980.0
8992.6
9325.7
9461.1
9658.5
10140.4
10275.5
10403.6
10576.2
10785.5
10947.6
11065.4
11162.5
11288.8
12136.7
12243.5
12304.2
12524.5
12642.5
12655.0
12887.9
12888.8
13823.3
13835.6
14153.3
14232.4
15061.5
15274.0
15514.6
15582.4
15613.4
15652.6
16201.4
16369.9
17077.5
17123.3
17253.3
17417.1
17992.6
17993.1
18353.0
18380.8
18864.1
19134.9
19441.0
20374.8
20492.1
20512.2
20780.2
21054.8
21249.6
21381.5
21437.4
21480.3
21498.9
21594.9
21714.9
21725.9
21733.9
21769.3
21814.2
21904.8
21912.7
22176.1
22216.1
22474.5
22665.2
