299.2
411.1
1511.8
1710.5
2070.6
2257.4
2264.4
2344.0
2397.4
2542.6
2784.4
2807.9
2899.4
2949.3
3045.3
3118.9
3695.5
3827.4
4005.7
4322.0
4556.6
4791.1
4947.0
5642.0
5785.2
5986.7
6176.3
6356.7
6481.3
6665.1
6833.1
7112.2
7368.8
7980.9
8018.7
8152.4
8623.1
8831.0
8922.5
9239.1
9613.2
10264.3
10345.8
10357.9
10474.1
10580.9
11028.7
11103.9
11491.4
11598.1
11617.1
11655.7
11735.3
11746.0
11910.8
11915.8
11944.9
11963.5
13043.4
13585.3
13717.0
13741.8
13856.7
13869.3
13950.0
14009.5
14331.0
14826.0
15177.7
15182.8
15257.5
15337.4
15641.9
15700.9
16160.0
16196.9
16288.1
16301.2
16348.2
16353.9
16473.3
16684.5
17268.3
17317.2
17524.9
17572.7
18179.0
18238.8
18241.1
18252.7
18309.3
18734.4
19097.3
19490.1
19580.2
19640.1
19706.5
19957.2
20238.6
20449.6
20527.0
20549.6
20982.3
21317.4
21513.1
21855.0
21873.8
21932.6
22486.4
22538.6
22609.5
22759.0
22862.5
22895.0
22972.5
