337.6
817.2
933.0
1173.1
1436.0
1474.8
1481.6
1578.4
1669.8
2063.0
2341.0
2431.6
2546.7
2574.3
2972.7
3022.7
3245.5
3326.1
3347.1
3408.8
3457.4
3780.3
3789.2
4242.7
4294.2
4567.1
4634.4
4815.3
4818.1
5040.6
5116.2
5320.8
5544.9
5795.5
5956.0
6247.0
6441.7
6594.3
6703.4
6714.1
7084.2
7162.0
7264.0
7365.5
7398.9
7624.4
7637.3
7671.5
7982.3
8087.3
8197.5
8403.4
8433.4
8554.5
8940.0
9104.3
9208.9
9391.7
9470.9
9891.8
10045.6
10047.5
10467.5
10833.1
10903.1
11159.3
11329.4
11481.9
11600.8
11986.5
12117.3
12516.2
12784.0
12952.0
12964.2
13014.5
13032.8
13508.4
13532.8
13538.4
13663.3
13967.4
13993.9
14060.6
14377.1
14574.7
14663.5
14770.8
15087.9
15094.9
15400.6
15470.4
15486.6
15727.6
15988.2
16075.7
16171.6
16347.0
16430.5
16435.3
16918.8
17094.6
17287.7
17437.3
18151.8
18208.0
18211.3
18324.8
18553.4
18649.4
18759.6
18933.0
18958.4
19138.1
19375.7
19518.4
19583.8
19603.0
19758.1
19765.8
19780.1
19956.6
20066.5
20351.5
20718.1
20888.5
21237.9
21535.0
21962.7
22105.6
22173.3
22739.3
22934.6
