10.0
261.8
480.8
574.3
698.4
738.8
838.3
856.4
1005.6
1118.3
1130.2
1389.7
1496.5
1692.0
1706.7
1983.1
1994.6
2005.1
2148.8
2233.3
2498.5
2709.0
2930.9
3502.0
3534.4
3706.0
3721.7
3743.8
3805.1
3850.1
3924.4
4123.2
4309.8
4841.0
5022.5
5224.9
5557.5
5778.7
5868.3
6517.8
6850.9
7131.4
7779.0
7875.7
8528.0
8606.5
8794.7
8804.4
8927.9
9431.0
9698.0
9752.3
10172.2
10181.6
10358.4
10489.2
10697.4
11918.6
12247.4
12517.8
12731.1
12770.8
12845.1
13042.6
13732.5
14019.4
14335.9
14497.4
15335.1
15629.0
16401.0
16578.8
16874.3
16885.6
17022.8
17179.1
17224.3
18077.3
18254.9
18275.2
18529.8
18814.9
19011.9
19154.8
19308.0
19403.9
19469.2
19503.6
19641.2
19726.9
19983.3
20138.0
20233.6
20263.9
20276.7
20290.1
20293.7
20370.3
21902.6
22423.6
22473.2
22515.2
22710.5
22881.6
