205.5
205.8
273.8
401.6
564.8
1179.3
1265.3
1468.9
1829.9
2072.1
2118.7
2478.2
2688.4
2814.9
2863.6
3157.6
3392.9
3737.8
3855.4
4319.1
4717.0
4860.3
4935.0
4964.6
5020.4
5116.9
5505.8
5827.8
5832.1
5843.6
5999.2
6217.6
6342.2
6500.3
6703.5
6741.0
6819.6
6998.7
7006.2
7031.2
7084.2
7127.0
7145.6
7234.0
7339.4
7407.8
7432.9
7674.1
8043.5
8072.0
8115.5
8912.0
8961.4
9015.0
9094.4
9305.5
9326.0
9445.0
9910.5
10093.4
10229.6
10328.1
10830.2
11020.2
11101.2
11122.7
11158.7
11543.9
11588.0
11819.7
12194.4
12306.1
12328.6
12662.6
12667.0
13065.1
13074.1
13088.5
13179.6
13309.7
13328.7
13582.7
13621.0
13679.3
13840.7
13976.7
14060.1
14746.6
14772.3
14990.4
15111.5
15341.0
15347.9
15426.3
15606.4
15679.2
16595.7
16785.4
16852.0
16901.7
17082.0
17193.8
17444.2
17499.1
17910.1
17935.0
18142.1
18387.8
18665.4
18696.4
18812.9
19040.9
19079.9
19442.0
19638.7
19708.5
20296.6
20488.1
20976.8
21086.5
21215.7
21257.3
21367.3
21821.3
21953.0
21998.3
22215.5
22417.5
22417.8
22582.5
