402.4
461.3
610.7
1167.8
1381.6
1832.9
1836.8
1890.3
2011.1
2120.2
2307.8
2375.4
2565.3
2570.0
2570.5
2744.2
2752.1
2877.5
3202.0
3281.5
3700.6
3734.5
4150.0
4435.0
4591.4
4754.6
4825.5
5071.1
5092.4
5098.7
5509.8
5730.3
6077.4
6084.0
6191.8
6932.1
7019.3
7186.2
7648.6
7762.9
7915.4
8217.9
8544.9
8652.2
8852.4
9266.6
10541.8
10553.1
10874.8
11036.3
11138.2
11187.1
11563.5
11645.1
11912.0
12617.7
13088.5
13288.2
13595.1
13641.0
13664.5
13888.6
14105.7
14125.2
14392.1
14963.7
15164.0
15173.3
15298.0
15869.4
16043.5
16234.0
16348.2
16371.1
16376.9
16551.0
16657.5
16666.2
16879.3
16896.0
16951.2
17072.4
17075.8
17143.6
17310.1
17438.0
17476.0
17814.1
17989.7
18051.6
18077.2
18589.7
18627.0
19088.7
19379.7
19812.4
19931.6
19979.7
20269.2
20718.8
20739.5
20958.0
21076.5
21281.2
21514.1
21746.5
22454.4
22543.4
22730.3
22779.5
22868.0
