325.3
1180.2
1427.0
1639.4
1758.2
1948.0
2055.7
2162.6
2226.2
2916.5
3075.2
3130.7
3182.9
3220.0
3375.9
3925.1
4269.5
4440.2
5026.7
5098.9
5442.4
5640.8
5646.6
5952.3
6318.3
6454.6
6518.4
6607.5
6946.2
6966.4
6992.1
7459.5
8075.4
8130.8
8234.2
8577.0
8616.0
8660.7
8787.6
8992.2
9319.9
9513.2
9672.4
10232.5
10244.2
10386.4
10410.7
10969.2
11020.6
11174.0
11433.5
11612.7
11951.3
12532.9
12543.0
12863.0
12882.5
13051.3
13173.4
13310.2
13697.2
13767.0
14255.7
14409.8
14750.8
14943.2
15155.0
15281.4
15336.0
15367.1
15493.6
16252.9
16985.0
17281.7
17968.8
18140.9
18211.0
18257.5
18592.9
18668.2
18810.8
19619.9
19781.9
19828.1
19860.9
20006.9
20250.0
20348.8
20375.2
20473.7
20944.6
21336.8
21477.8
21534.4
21779.9
21897.4
22020.1
22449.9
22618.2
