36.8
55.7
446.4
550.5
625.2
1208.2
1333.6
1484.1
1899.0
3130.2
3139.1
3150.7
3408.2
3477.3
3562.6
3810.2
3920.5
3975.0
4331.6
4675.6
5295.8
5448.1
5501.9
5792.7
6334.0
6347.4
6457.4
6715.6
7023.7
7092.7
7478.8
7652.3
8153.2
8280.6
8318.2
8449.5
8510.8
8654.8
8700.4
8827.6
8900.5
9395.1
9552.6
9596.4
9643.4
9678.2
9740.7
10047.2
10155.8
10231.8
10318.4
10541.2
10571.6
10639.0
10806.0
10926.5
10987.7
11189.2
11220.3
11251.2
11936.6
12276.1
12305.2
12323.6
12362.2
12469.3
12494.4
12511.0
12573.8
12683.9
12784.5
13105.8
13325.2
13358.1
13403.1
13508.3
13629.7
13782.6
14056.0
14601.4
14932.7
14956.7
15252.3
15281.3
15437.0
15556.6
15673.2
15740.0
16109.0
16275.2
16448.2
16492.4
16703.5
17006.0
17358.8
17382.4
17403.8
17445.9
17482.2
17755.2
17889.1
18111.7
18308.7
18583.8
19554.9
19868.4
20045.8
20046.1
20189.8
20294.9
20328.1
20658.0
20807.9
20898.9
21054.7
21149.8
21487.9
21725.1
21901.6
22075.7
22796.2
22997.0
