357.7
359.3
426.3
513.0
578.6
619.1
1149.3
1405.2
1490.2
1861.4
1918.5
2106.3
2304.7
2469.8
2495.0
2965.3
2987.9
3103.2
3172.6
3331.5
3479.5
3523.8
3990.1
4109.0
4604.1
4609.5
4641.6
5125.1
5449.2
5453.3
5589.9
6056.7
6202.2
6254.3
6262.3
6482.3
6581.8
6935.9
6988.2
7445.0
7938.3
8060.6
8419.9
8556.8
8808.3
9222.0
9283.2
9775.9
9981.8
10561.4
10701.1
10717.8
10967.1
11291.7
11343.0
11350.4
11449.1
11721.2
11753.4
12339.2
12434.5
12549.3
12634.3
12677.1
12866.6
12948.5
13190.3
13239.5
13330.9
13374.9
13400.0
14091.7
14223.6
14487.6
14823.2
15027.0
15840.1
16149.1
16151.8
16413.2
16562.7
16601.2
16650.7
16671.2
16844.9
17516.0
17623.7
17625.4
18200.3
18254.7
18305.8
18444.9
18908.5
18933.5
19093.3
19104.5
19170.7
19214.5
19278.0
19366.6
19465.1
19530.7
19656.3
19976.2
20107.5
20150.0
20267.3
20472.7
20677.8
21163.9
21487.1
21613.3
21954.9
22378.5
22793.8
