123.5
167.6
199.2
211.1
227.0
653.1
761.4
1189.2
1400.8
1805.1
1949.3
2037.2
3111.2
3370.6
3694.9
4006.7
4592.3
4612.3
4644.0
4799.6
4962.6
5582.6
5731.8
5737.5
5929.6
6271.0
6455.2
6517.2
6588.6
6699.9
6742.4
6910.1
7035.6
7192.8
7454.2
7541.0
7600.0
7858.3
7862.7
8393.2
8561.3
9111.7
9146.5
9206.3
9243.0
9377.9
9563.8
9569.7
9875.9
9897.7
10035.4
10139.1
10247.3
10718.9
11109.9
11309.5
11311.2
11341.7
11637.9
11801.8
11851.6
12771.6
12875.6
13175.2
13251.2
13257.1
13351.6
13521.2
13637.7
13768.9
14025.3
14100.5
14101.4
14197.8
14447.4
14510.8
14881.6
15148.0
15470.3
15523.7
16445.7
16573.3
16643.7
17080.9
17301.2
17304.0
17631.7
17704.4
17760.7
18060.7
18107.6
18429.7
18618.9
18643.1
18647.1
18668.2
18948.4
19192.7
19193.3
19286.3
19784.1
20033.2
20073.6
20259.7
20374.7
20443.7
20509.2
21145.9
21316.1
21416.2
21766.3
22314.9
22377.2
22626.3
