249.6
255.3
354.4
597.4
631.8
767.0
1031.8
1314.9
1641.5
2028.6
2231.5
2499.0
2670.6
2697.0
2851.3
3150.7
3466.4
3488.2
3754.6
4081.9
4177.5
4365.5
4482.1
4592.0
4608.7
4812.7
4935.2
4963.9
5248.2
5251.4
5254.6
5283.6
5383.8
5728.6
5851.6
5882.9
5904.5
6168.3
6406.1
6491.2
7086.7
7293.1
7312.7
7723.9
7778.4
7924.0
8342.0
8625.4
8654.3
9455.0
9659.6
9789.4
9920.8
9926.4
10547.0
10743.4
10852.4
10868.5
11043.6
11066.6
11206.3
11537.9
11584.3
11914.1
11946.7
12013.6
12090.1
12222.7
13293.8
13361.5
13366.3
13574.5
14075.0
14210.5
14260.9
14586.1
14872.5
15425.7
15782.5
15877.5
16012.6
16434.4
16754.8
17069.1
18059.1
18095.9
18589.1
18902.0
18905.0
18930.9
19146.4
19165.3
19697.5
19860.1
19866.3
20135.2
20375.7
20560.5
20583.6
20646.6
20779.6
20868.6
20892.7
21936.3
22111.0
22177.6
22269.0
22453.2
