546.0
804.9
844.8
935.6
1064.7
1249.6
1378.0
1996.2
2098.6
2138.4
2307.8
2811.5
3239.9
3293.1
3307.3
3311.3
3417.2
3577.5
3607.5
3778.0
4679.1
5322.4
5336.2
5441.4
5636.7
5749.0
5755.5
5812.0
5941.0
6118.3
6223.6
6326.6
6370.2
6506.9
6598.5
6963.1
7013.3
7299.3
7369.6
7461.5
7907.8
8053.5
8155.6
8565.2
8803.8
9246.8
9274.5
9329.5
9453.0
9501.3
9601.8
9738.8
10180.5
10426.2
10625.7
10935.9
11357.6
11495.9
11637.3
11966.5
12017.6
12034.0
12239.7
12516.4
12600.1
12651.4
12781.5
13070.6
13476.7
13533.5
13679.0
13840.8
13887.7
13954.3
14116.8
14222.5
14354.1
14463.0
14575.1
14599.1
14626.2
14648.7
14780.7
15539.3
15674.2
15851.0
16210.9
16283.8
16390.5
16444.6
16528.3
16690.7
16924.2
17182.6
17499.0
17561.9
17733.0
17771.3
18309.4
18510.9
18601.0
18847.5
18930.9
19127.2
19246.0
19268.8
19283.5
19348.9
19899.2
20073.8
20351.9
20730.1
21416.7
21676.0
21798.3
21801.8
