36.0
213.1
408.5
495.0
532.8
740.1
801.9
848.8
990.5
1096.8
1170.1
1698.5
1844.5
2607.8
2638.1
2708.6
2834.1
2846.6
2913.0
3057.1
3145.7
3292.2
4512.8
4645.5
4786.9
4807.6
4859.9
4864.5
5278.7
5830.4
5923.2
6073.1
6103.4
6158.4
6209.5
6714.0
6879.2
6885.5
7339.1
7443.8
7521.6
7790.8
7906.0
8143.1
8367.8
8821.3
9038.8
9198.3
9277.8
9282.1
9594.5
9594.9
9830.9
10036.1
10159.6
10217.9
10243.6
11210.6
11652.6
11689.9
11708.9
11781.6
11824.7
12290.3
12300.4
12654.7
12709.5
12787.6
13170.5
13518.3
13607.7
13665.3
14026.2
14161.6
14687.0
14788.9
15036.6
15918.7
15939.5
15945.2
16229.6
16272.7
16278.4
16446.1
16751.1
16946.2
16973.4
17237.9
17583.0
17605.5
17993.2
18159.8
18205.6
18615.1
19277.0
19342.8
19409.3
19423.7
20307.6
20456.8
20610.6
20959.7
21100.5
21379.1
21898.4
22289.7
22650.9
22698.5
