66.6
186.3
303.2
329.3
472.8
1353.8
1537.2
1593.5
1670.1
1821.5
1859.8
2374.9
2645.1
3443.5
3521.1
3585.2
4109.0
4306.4
4310.9
4318.0
4757.8
4759.9
4909.8
5299.6
5512.0
5817.7
5839.0
6294.1
6485.9
6784.0
6867.2
7578.2
7590.2
7692.5
7704.6
7768.5
8280.0
8469.5
8472.6
8762.5
9219.1
9483.3
9573.6
10113.6
10140.4
10339.1
10424.6
10549.7
10675.5
10849.9
10950.2
11039.4
11237.5
11371.1
11606.1
11860.2
11901.9
11957.7
11965.0
12784.6
12898.6
13116.5
13600.2
13934.5
14019.6
14409.1
14572.3
14626.2
14888.7
14973.7
15284.3
15286.3
15912.6
16475.8
16595.8
17027.6
17484.2
17580.2
17613.3
17694.1
17746.1
17833.5
17920.8
18177.0
18326.2
18432.4
18518.6
18538.0
20612.4
20690.1
21019.8
21074.1
21434.5
21461.0
21495.3
21565.6
21784.8
21968.4
22350.3
22407.2
22500.8
22532.6
22605.6
22862.9
22882.7
22910.6
