201.6
1115.5
1281.2
1328.0
1657.2
1765.1
1838.9
1877.8
1963.9
2255.5
2327.4
2414.8
2499.4
3858.4
3996.9
4613.0
5115.7
6127.6
6193.2
6249.4
6497.8
6520.4
6800.4
6815.7
6873.0
7058.9
7070.9
7281.4
7423.2
7518.0
7585.0
7866.4
8066.2
8144.0
8357.5
8985.6
9175.8
9346.6
9675.1
9848.7
10308.1
10995.7
11074.2
11345.8
11491.4
11499.5
11645.6
11799.6
11934.7
12071.7
12154.5
12164.8
12196.6
12224.6
12246.9
12291.3
12354.3
12723.0
12768.8
13030.3
13124.8
13809.0
14256.1
14439.1
14796.4
14933.6
15061.2
15180.4
15436.1
15545.4
15686.4
16079.0
16454.3
18014.2
18031.3
18347.5
18632.8
19042.8
19227.7
19411.2
20050.6
20903.6
20991.8
21185.8
21736.6
21796.2
22228.5
22239.0
22390.5
22705.1
22844.4
22884.4
