300.3
555.9
620.3
830.9
1021.8
1063.0
1484.4
1777.4
1845.3
2269.7
2506.0
2737.4
2945.7
3134.7
3150.6
3151.5
3443.0
3468.7
4051.8
4170.9
4297.8
4567.2
4642.1
4865.6
5106.3
5170.4
5179.1
5380.1
5511.2
5833.5
6253.8
6424.0
6706.6
6717.8
6891.3
7090.1
7256.5
7596.2
7825.0
7917.5
7973.2
8210.2
8314.7
8432.4
8535.1
8600.2
8848.2
8848.3
9158.8
9462.6
9587.2
9792.6
9914.7
9981.2
10140.5
10248.9
10321.3
10671.9
11004.3
11114.7
11410.2
11499.4
12236.2
12360.6
12364.6
12372.3
12592.9
12724.3
12790.4
12972.8
13560.8
13656.5
13840.0
13898.3
14027.5
14044.2
14109.2
14137.4
14207.2
14255.6
14292.4
14526.0
14730.2
14769.7
14809.2
14816.4
14879.3
14887.0
15109.9
15136.1
15512.5
15573.7
15912.6
15925.1
16046.9
16296.7
16409.3
17075.3
17248.6
17254.7
17609.5
18209.1
18559.9
18923.4
18930.3
19473.2
19603.9
19799.7
20570.8
20701.6
20786.2
20961.4
21048.5
21131.0
21237.5
21410.7
21624.0
21829.4
22095.8
22289.6
22323.7
22512.7
22619.6
22798.5
22869.8
22997.4
