372.6
630.2
1081.5
1093.0
1603.1
2653.9
2665.8
2820.3
2842.2
3139.4
3247.5
3370.3
3518.0
3831.1
4216.6
4573.1
4793.8
4956.7
4976.3
5179.2
5736.0
5788.8
6529.9
6704.4
6906.4
6964.0
7091.5
7144.2
7236.0
7270.9
7809.0
8360.8
8447.8
8556.4
8584.9
8623.1
8643.4
8828.0
8869.7
8925.9
9075.2
9248.5
9400.0
9420.0
9588.0
9680.5
9955.4
9971.5
10005.5
10020.2
10021.3
10249.7
10288.9
10335.5
10888.9
10920.7
10965.9
11087.6
11120.4
11391.0
11731.3
11991.2
12165.1
12310.7
12317.8
12465.0
12606.3
12685.9
12827.7
12878.8
13107.6
13241.5
13362.4
13376.8
13670.3
13731.7
14001.8
14268.3
14981.4
15237.5
15673.5
15700.4
15796.6
15873.9
16091.1
16237.8
16288.3
16295.3
16361.0
16761.5
16958.1
16969.5
17778.5
17974.7
18071.2
18126.1
18343.3
18375.4
18538.4
18711.8
18859.9
19319.5
19369.5
19414.5
19442.0
19590.6
19627.6
19867.2
19982.0
20007.8
20089.0
20236.0
21086.1
21136.9
21267.9
22061.2
22285.8
22422.3
22865.1
22874.0
22880.5
22998.7
