86.2
155.1
295.8
313.8
387.7
482.1
560.3
561.8
762.3
879.3
879.6
1220.0
1513.1
1722.4
1741.7
1865.9
2056.7
2066.8
2580.6
2886.1
3078.4
3109.9
3326.0
3535.4
3612.8
3935.1
4102.2
4226.7
4274.4
4275.1
4395.4
4614.6
4655.5
4658.9
5039.0
5140.6
5262.0
5729.2
5841.9
6030.7
6328.1
7011.6
7375.9
7424.6
8040.6
8700.2
9015.5
9329.8
9611.5
9955.3
9992.0
10399.9
10690.9
11272.2
11510.6
12163.1
12167.6
12468.0
12469.7
12611.1
12619.7
12778.4
12786.3
12821.6
13011.6
13297.6
13710.5
13940.3
15061.7
15421.1
15490.6
15587.5
15705.3
15944.0
15964.2
16094.4
16204.8
16323.4
16506.6
16950.2
17346.7
17491.2
17629.7
17885.8
18272.9
18315.2
18470.7
18764.3
19182.4
19424.0
19430.1
19526.0
19526.7
19731.3
19747.4
19948.2
20021.7
20096.6
20385.3
20412.9
20565.5
20590.0
20719.6
21055.6
21280.9
21441.9
21443.5
21935.8
21954.9
21981.5
22137.3
22800.5
22833.0
