381.9
701.0
942.8
1317.5
1389.7
1513.5
1838.0
1911.4
2006.1
2288.7
2389.9
2882.3
2942.8
3446.0
3506.9
3844.6
3930.5
4016.7
4426.8
4560.8
4758.8
4916.1
5050.4
5508.4
5515.2
5742.3
6205.3
6274.0
6426.3
6543.4
6840.9
6875.3
6896.7
7059.8
7236.0
7309.3
7370.2
7421.7
7482.5
7961.3
8204.1
8358.1
8498.9
8715.7
8985.7
9036.7
9054.4
9066.8
9445.2
9586.3
9604.8
9709.9
10643.2
10756.2
10834.3
11019.3
11123.0
11231.8
11507.7
11792.2
12118.7
12479.7
12519.7
12543.8
12562.7
12774.9
12796.7
13247.4
13691.7
13703.2
13849.1
14262.9
14378.3
14470.0
14596.5
14602.5
14653.2
14698.2
14767.2
14792.2
14964.4
14983.4
15557.4
15628.1
15758.0
15772.0
16077.6
16169.1
16257.1
16458.9
16474.7
16760.2
16869.0
16913.7
17417.8
17445.0
17546.3
17705.8
17875.9
18094.4
18178.4
18211.3
18268.9
18380.2
18973.0
18995.9
19021.5
19602.8
19745.3
19780.4
20236.7
20242.5
20568.6
20765.0
20777.9
20917.7
21566.3
21714.7
21983.8
22067.8
22973.2
