1156.2
1369.4
1503.4
1563.3
1782.8
1936.5
2332.3
2382.1
2395.5
2545.1
2793.3
3310.1
3311.4
3414.3
3807.3
4065.8
4190.0
4364.9
4414.1
4463.4
4711.9
5021.8
5077.1
5227.7
5255.0
5459.2
5689.6
5998.7
6062.4
6660.2
6982.7
6992.4
7235.6
7936.0
7977.4
8369.1
8479.8
8538.5
8621.1
8716.5
8947.5
8991.6
9819.9
9836.4
9845.1
10443.7
10528.0
10548.6
10627.7
10737.0
11515.5
11615.0
11627.3
12107.9
12342.3
12395.9
12443.8
13340.5
13437.1
13450.4
13818.3
13866.2
13869.7
14380.1
14405.6
14591.4
14678.7
14828.5
14900.9
15110.8
15265.7
15489.9
16718.4
16950.4
16964.3
17232.9
17861.3
17949.6
17982.1
18021.2
18060.0
18129.8
18238.2
18406.3
18592.8
18682.4
18748.3
18814.2
18971.9
18986.1
19175.3
19314.4
19443.4
19652.9
19660.9
19689.1
20446.5
21226.4
21329.6
21500.1
21565.7
22803.8
