463.5
511.7
715.1
770.1
1162.1
1821.7
2383.7
2406.3
2756.6
3343.7
3394.9
3461.1
3692.1
4017.4
4788.4
4925.8
5376.1
5415.8
5575.5
5803.5
6124.8
6279.0
6744.3
7140.7
7561.6
7698.4
7780.3
7994.3
8172.2
8211.3
8237.7
8245.6
8446.4
8684.3
8763.2
8872.4
8959.6
9395.9
9618.9
10199.5
10840.9
11263.0
11728.2
11734.0
11857.6
12092.3
12204.6
12243.5
12288.2
12375.4
12432.1
12521.1
12928.0
13757.4
13954.2
14095.9
14356.3
14546.0
14736.1
14836.3
15126.3
15627.5
15681.3
15748.7
16129.1
16167.9
16317.9
17125.3
17251.6
17413.0
17484.9
17633.8
18121.6
18138.0
18534.9
18623.0
18906.5
19247.3
19285.9
19332.7
19401.7
19408.5
19450.3
19625.8
19789.3
19846.3
20304.4
20515.7
20881.0
20938.5
20968.9
21074.4
21133.5
21240.6
21252.5
22087.5
22254.2
22556.1
22723.0
