158.7
284.2
293.5
431.9
563.2
732.9
2331.8
2781.3
2894.0
2915.2
3395.0
3440.7
3493.2
3569.7
3620.5
3728.6
3791.7
3806.4
4109.3
4245.4
4306.8
4438.8
4450.1
4878.2
5138.5
5404.2
5525.9
5527.2
5621.5
6148.5
6626.8
6675.7
6720.1
6733.0
6769.5
7294.9
7487.0
8107.0
8227.7
8316.1
8456.3
8659.5
8846.9
8896.5
8940.8
9027.3
9078.3
9334.7
9388.3
9448.7
9930.4
10264.2
10276.6
10399.4
10861.9
11011.4
11025.3
11111.6
11148.4
11245.9
11251.5
11279.2
11305.7
11518.3
11945.5
12463.2
12547.0
12678.5
12734.5
13081.9
13116.9
13364.4
13509.9
13694.4
13704.3
13785.6
13787.7
13896.0
13998.4
14058.9
14390.3
14680.3
14729.1
15176.8
15439.5
15702.6
15835.9
15974.9
16213.0
16230.2
16262.8
16398.2
16453.8
16509.0
16732.7
16798.2
17031.1
17079.3
17087.6
17179.6
17612.3
17797.2
17830.4
18411.7
19108.5
19273.1
19499.1
19520.6
19795.1
19960.8
20001.8
20606.3
20654.3
20878.4
21008.5
21354.6
21382.9
21664.8
22152.5
22170.9
22291.9
22635.9
22688.3
22731.5
22843.2
22844.9
22970.4
