207.5
379.6
402.8
416.2
486.4
756.3
1027.8
1080.9
1153.4
1154.0
1195.1
1414.8
1457.2
1641.4
1786.8
1810.7
1901.1
1925.8
1970.0
2026.5
2227.1
2348.5
2651.9
3073.8
3135.5
3259.0
3316.5
3318.4
3685.6
3771.3
3928.3
4216.5
4402.6
5805.1
6170.7
6181.5
6224.2
6233.2
6315.9
6378.1
6405.3
6877.1
6947.3
7171.5
7200.8
7428.4
8263.5
8664.0
8723.8
8897.5
9088.4
9560.1
9768.7
9787.0
9911.3
10142.8
10218.1
10225.2
10669.4
10982.1
11374.9
11686.8
11789.5
11858.0
11870.0
12107.3
12281.4
12327.0
12334.9
12531.0
12535.2
12838.1
12933.8
12983.6
13077.0
13135.9
13343.0
13715.3
13950.5
14157.2
14379.1
14427.1
14552.8
14685.0
14704.7
14879.0
15979.3
15986.5
16217.4
16248.3
16332.0
16417.6
16772.8
16778.7
16904.6
17054.2
17105.3
17350.4
17378.6
17385.9
17439.7
17462.1
17569.7
17964.4
18034.6
18106.6
18744.4
18794.4
18806.3
18898.9
18946.2
18962.9
19041.7
19453.6
19810.1
19930.0
20009.5
20037.7
20050.8
20227.3
20428.8
20522.2
20523.5
20600.6
20748.8
20827.0
21029.3
21229.1
21859.6
21888.4
22038.6
22278.4
22392.8
22589.2
22697.9
22751.0
