190.6
458.2
603.1
704.7
973.4
1079.8
1223.6
1304.5
1540.9
1867.7
1878.9
2092.0
2164.6
2425.1
2490.8
3112.8
3166.7
3180.9
3494.0
3494.7
3627.8
3705.1
3754.5
3870.8
3902.5
4248.9
4435.2
4809.3
5164.5
5454.0
5471.4
5864.7
6113.7
7218.3
7473.3
7634.8
7675.3
7692.2
7777.0
7790.8
8027.1
8049.1
8371.5
8506.8
8526.5
9160.4
9332.6
9357.0
9439.9
10189.0
10310.8
10448.2
10471.4
10747.0
10850.9
11286.0
11402.8
11771.6
12006.6
12240.4
12352.0
12591.3
12790.1
12831.0
13019.8
13090.2
13111.4
13653.3
14117.7
14186.4
14590.1
14627.6
14742.9
14760.8
14785.2
15200.9
15441.8
15646.0
15681.3
15715.8
15869.3
16406.1
17306.2
17525.0
17625.9
17761.8
18314.7
18325.6
18336.8
18346.1
18352.3
18598.2
18657.5
18974.3
19513.7
19717.4
20145.2
20286.5
20335.1
20559.5
20733.0
20857.3
21485.3
21690.9
21734.5
21816.5
22300.6
22476.4
22740.9
22801.3
22936.5
