210.0
856.4
1180.1
1216.4
1546.0
1603.2
2051.3
2103.0
2353.4
2485.8
2640.6
2660.4
2701.3
2703.3
3066.4
3202.1
3204.6
3958.6
4287.6
4387.2
4843.2
4911.0
5106.8
5138.8
6002.3
6515.8
6830.7
6936.0
7169.9
7752.1
8092.4
8190.5
8192.0
8288.2
8645.2
8736.0
9080.8
9351.0
9376.4
9605.1
9627.0
10078.0
10136.2
10445.4
10515.9
10755.8
10786.5
11270.2
11294.1
11471.4
12002.3
12140.2
12276.2
12620.1
12736.0
12775.0
12779.4
13193.1
13213.9
13384.0
13986.9
14004.6
14248.5
14584.1
14860.9
14964.7
15057.7
15176.1
15537.0
15549.4
15731.6
15744.1
15877.0
16259.8
16591.8
16638.6
16758.8
16763.5
17494.4
17553.6
17555.6
17629.3
17857.6
18212.7
18219.5
18320.7
18480.3
18508.1
19051.2
19196.8
19286.2
19457.7
19473.5
19522.6
19617.3
19648.8
19722.7
19807.6
19836.7
20171.6
20276.1
20661.4
21002.2
21142.2
21262.9
21463.9
21518.5
21734.5
22002.4
22048.9
22053.7
22133.4
22143.8
22163.8
22181.4
22568.5
