23.4
85.3
271.6
325.1
331.6
332.7
444.1
512.2
912.9
1081.1
1170.2
1207.8
1207.9
1453.6
1892.2
1996.0
2082.2
2190.5
2246.2
2975.8
3079.0
3786.5
4003.9
4034.7
4057.4
4519.8
4793.6
5278.6
5440.9
5519.8
5598.3
5817.7
5949.6
5982.8
6115.9
6451.7
7187.8
7225.3
7397.2
7446.0
7523.1
7699.4
7892.8
7984.2
8482.3
8594.9
8619.9
8700.3
9213.8
9576.9
9953.2
10454.6
10477.7
10666.3
11502.3
11557.6
11575.2
11611.3
11755.9
12130.3
12525.7
13087.9
13276.5
13523.0
13766.9
13779.3
13854.1
14114.5
14371.9
14588.2
14677.8
14898.0
14987.1
15079.3
15137.8
15568.4
15899.7
16415.1
16435.0
16761.3
16937.1
17080.9
17266.4
17501.8
17685.1
17758.1
18058.1
18254.7
18343.7
18465.5
18472.9
18634.1
18674.2
19051.5
19216.8
19238.6
19368.2
19503.7
19790.3
19900.0
19945.5
20041.2
20480.1
20505.3
20890.3
21188.1
21315.5
21596.1
21675.5
22390.4
22405.5
22542.5
22579.5
22656.1
22681.4
