57.2
407.8
435.1
547.8
1282.1
1379.3
1709.1
1741.0
1767.6
1837.5
1885.9
2267.3
2286.7
2377.7
2540.2
2736.2
2798.3
2881.9
2929.6
2960.4
2996.7
3038.8
3179.2
3184.0
3970.0
4036.4
4183.2
4233.7
4350.9
4655.8
5433.1
5551.2
5716.2
5877.9
6180.0
6297.0
6343.2
6551.1
6693.3
6877.1
6888.4
7078.0
7332.0
7380.8
7431.3
7520.1
7625.1
8108.1
8678.7
8763.8
9092.3
9990.4
10001.8
10263.1
10765.9
11091.5
11204.6
11407.1
12001.8
13085.5
13321.7
13368.7
13409.2
13758.9
13774.3
14054.6
14233.9
14869.7
15213.5
15303.0
15341.2
15660.1
15843.4
15855.7
16174.1
16302.1
16393.2
16539.6
16644.0
16791.6
16886.3
17078.4
17219.7
17253.7
17261.9
17573.9
17895.5
18371.6
18674.3
19330.2
19495.5
20180.6
20334.2
20516.2
20788.3
21075.6
21085.4
21533.8
21816.1
22053.1
22111.8
22339.8
22384.7
22432.3
22655.5
22741.0
22763.6
22884.3
