532.2
1095.3
1425.8
1428.7
1512.2
1564.3
2517.7
2574.1
2673.3
2759.1
3045.3
3181.4
3210.5
3331.5
3501.6
3512.0
3615.9
3820.3
4114.8
4347.4
4633.6
4927.8
5162.4
5548.2
5889.1
5984.5
6101.0
6194.5
6326.0
6639.6
7280.8
7724.2
7945.8
8745.8
8836.7
8961.1
9443.5
9533.4
9551.8
9686.2
10065.9
10458.5
11224.2
11535.6
11915.7
11939.0
12174.9
12901.2
12920.6
13503.6
13708.6
14013.3
14200.7
14260.9
14268.6
14639.2
14953.8
15068.9
15263.0
15365.4
15579.9
15678.4
16146.0
16341.6
16865.8
16932.9
17180.8
17575.2
17675.1
18279.0
18290.5
18320.1
18389.9
18548.7
18998.8
19435.4
19592.7
19596.1
19770.1
19778.6
20115.6
20169.0
20271.2
20287.9
20520.2
20566.4
20750.9
20786.2
20828.5
21134.4
21201.8
21321.9
21392.0
21421.6
21694.6
21710.0
21739.5
21756.0
21930.3
22097.7
22295.8
22422.6
22597.2
22664.6
22996.2
