271.4
323.0
974.8
1594.8
1655.4
1895.0
2314.3
2335.2
2490.9
2894.4
3029.6
3446.8
3460.1
3529.5
3661.1
4033.1
4621.8
4884.4
5486.9
5597.0
5848.6
5987.7
6209.4
6431.0
7145.8
7180.0
7213.6
7613.6
7800.1
7982.9
8467.7
8643.3
8713.7
9035.4
9101.8
10152.3
10170.4
10206.5
10468.4
10708.2
10739.1
11038.0
11041.0
11754.0
11783.8
11840.3
12308.8
12425.7
12523.6
12710.8
12877.3
13208.0
13235.6
13333.5
13441.7
13603.3
13892.6
13931.6
14029.6
14362.0
14400.2
14507.6
14934.8
15475.3
15848.6
15921.2
16354.4
16590.8
16679.4
16914.2
17239.8
17290.7
17501.8
17697.3
17764.0
17841.4
18181.8
18363.7
18498.0
19354.7
20022.2
20200.2
20341.3
20379.6
20517.0
20802.2
20967.3
21280.1
21502.7
21505.0
21577.7
21678.8
21738.6
21968.3
22294.8
22456.7
22624.9
22656.0
