55.3
74.5
264.5
465.5
1415.0
1458.9
1922.5
1927.8
2200.5
2206.4
2555.7
2861.8
2920.9
3017.2
3223.5
3234.1
3240.8
3522.4
3694.0
3752.9
3822.7
3899.7
4236.8
4551.3
4662.1
4870.8
4994.2
5181.8
5423.9
5575.5
5646.2
5805.4
5999.2
6529.0
7236.2
7268.5
7965.7
8038.7
8378.4
8509.4
8637.8
8707.2
8724.4
8853.2
8888.6
9047.4
9830.9
10095.2
10246.7
10273.2
10310.7
10359.1
10669.5
10694.0
10812.9
11060.7
11625.7
11776.6
11871.4
11884.3
12046.2
12145.2
12204.6
12248.0
12576.8
13301.5
13342.0
13589.2
13630.9
13795.1
14451.5
14597.5
14605.6
15109.1
15139.1
16410.8
16436.9
16555.7
17187.0
17199.9
17360.4
17547.8
17849.6
17906.2
18097.0
18174.1
18227.0
18535.2
18624.9
18711.0
18895.4
18919.1
19023.9
19334.4
19482.2
19487.8
19566.6
19873.4
20205.9
20346.3
20402.1
20474.0
20516.5
20646.2
20811.9
20815.3
21326.0
21513.6
21582.8
21888.7
21947.5
22175.4
22470.5
22647.1
22935.1
