137.3
213.5
655.5
689.3
1139.2
1246.5
1345.2
1354.6
1629.6
1809.9
1868.2
2206.8
2254.5
2513.9
3146.7
3194.3
3442.9
3453.1
3482.7
3657.4
3689.9
3703.6
3883.2
4014.1
4102.7
4231.2
4584.6
4720.8
4906.8
4919.0
5302.5
5328.6
5970.6
5970.7
6068.7
6490.7
6536.5
6872.7
7044.8
7307.5
7507.1
8095.6
8513.8
8582.0
8605.0
8624.9
8715.3
8771.4
8914.0
8925.3
9071.1
9171.1
9627.4
9716.4
9952.4
10078.5
10365.3
11169.1
11244.3
11550.4
11647.3
12471.7
12570.2
13021.1
13615.6
13802.4
13910.1
14196.5
14251.7
14300.4
15023.1
15280.2
15836.3
15859.6
15982.5
16224.6
16272.5
16505.4
16953.0
18426.5
18532.7
18612.8
18673.4
19003.4
19042.4
19158.3
19265.9
19304.4
19310.2
19838.4
19984.4
20017.5
20255.6
20716.0
21208.8
21632.7
21710.4
21948.5
22035.7
22309.4
22447.9
22590.1
22636.6
22778.9
22853.0
22945.7
