291.2
384.9
390.3
559.5
921.5
1214.4
1328.6
1587.4
1766.0
2228.1
2230.5
2241.9
2727.0
3048.4
3213.0
3505.6
3543.2
3961.2
4010.7
4016.6
4028.9
4236.2
4385.5
4571.6
4591.3
4641.0
4715.2
4849.5
5112.7
5366.7
5424.0
5606.2
6001.1
6022.3
6154.1
6251.3
6275.6
7136.6
7270.4
7472.0
8150.5
8488.8
8683.1
8975.9
9312.8
9478.0
9666.6
9731.0
9735.6
9745.4
10005.4
10176.9
10720.5
10900.7
11214.9
11266.3
11652.0
11930.3
12086.3
12113.1
12372.8
12503.2
12768.1
12791.3
13106.4
13198.8
13678.0
13836.1
13847.7
13876.1
14126.4
14224.9
14477.7
14589.7
14846.6
15134.5
15518.4
15650.3
15822.4
16043.5
16109.6
16134.9
16343.6
16626.8
16708.8
16785.0
17025.4
17206.1
17341.7
17548.8
17597.4
17918.1
18040.7
18090.9
18256.5
18275.7
18288.4
18447.0
19213.3
19226.4
19487.7
19687.1
19717.3
19939.5
20081.4
20254.3
20261.6
20277.1
20692.5
20731.8
21366.7
21369.3
21653.5
21755.9
22214.1
22772.6
