277.5
387.6
426.1
1014.5
1034.4
1280.0
1468.5
1524.3
1525.2
1533.1
1586.5
1602.2
1758.1
1911.9
1934.3
2259.7
2270.1
2733.3
3035.6
3869.4
3942.6
4568.7
4685.7
4872.6
5388.5
5412.7
5876.0
6163.3
6488.5
6491.2
6614.9
6770.6
6845.7
7217.4
7621.1
7861.8
7990.8
8265.2
8437.3
8461.7
8492.8
8559.8
8577.3
8676.2
8773.2
8938.1
8961.4
9008.5
9468.8
9635.0
9750.1
9853.4
9929.2
9976.3
10030.3
10151.6
10264.1
10389.6
10569.3
10609.7
10672.6
10705.1
10713.8
10743.3
10747.9
10991.7
11203.1
11568.7
11966.0
11992.5
12016.1
12261.1
12720.6
12737.3
13410.1
13416.1
13488.9
13540.8
13583.1
13731.4
13964.2
14020.3
14083.5
14137.3
14170.4
14656.2
14978.5
15057.3
15348.2
15605.0
15732.6
16055.6
16689.2
17294.9
17490.6
17509.8
17784.0
18182.8
18395.7
18463.0
18507.0
18909.1
19691.7
19784.9
19847.8
20024.6
20512.8
20722.2
20882.2
20997.4
21244.0
21366.6
21388.5
21485.0
21760.6
21952.8
21988.9
22108.3
22125.9
22425.6
