630.8
844.9
892.0
917.2
1021.0
1364.3
1393.6
1970.5
2299.5
2349.6
2409.5
2529.5
2968.8
3080.7
3207.4
3317.8
3768.7
3849.3
3899.0
4135.3
4179.7
4496.1
4755.0
5171.4
5256.5
5498.6
5558.5
5636.9
5650.2
5938.8
5966.8
6394.1
6792.3
6948.1
7273.2
7442.1
7531.2
7844.6
7942.4
7995.7
8100.1
8182.6
8197.2
8203.8
8577.5
8812.2
8853.6
8952.9
9007.4
9259.6
9429.1
9485.1
9926.6
10003.2
10100.6
10685.1
10773.0
11081.7
11128.6
11386.7
11454.1
12160.0
12246.4
12778.9
13181.2
13501.7
13839.6
14061.1
14117.4
14151.3
14395.1
14454.5
14742.7
15163.3
15280.0
15611.5
16157.3
16464.4
16723.0
16873.9
17142.6
17704.0
17759.0
17780.3
18021.9
18468.2
18478.6
18531.6
18542.2
18577.0
18589.2
18865.0
18879.8
19126.5
19284.9
19511.7
19837.0
20527.0
20550.2
20752.4
21018.0
21658.6
21751.2
22053.4
22184.3
22343.9
22413.2
22428.5
22599.1
22695.1
22730.1
22986.8
