117.0
895.2
1102.4
1344.3
1388.1
1400.7
1495.4
1511.5
1528.7
2580.3
2612.7
2672.7
3196.9
3492.9
3571.4
3877.2
3982.8
4167.0
4297.1
4310.4
4486.8
4493.7
4668.5
5019.5
5192.2
5391.3
5444.1
5847.3
5951.7
6072.9
6110.8
6485.8
6701.4
6881.5
6914.0
7085.7
7221.2
7267.6
7505.0
7655.3
8040.2
8182.9
8247.4
8397.1
8808.4
8931.4
9166.1
9698.1
9927.9
10286.3
10565.0
10715.5
10825.1
10873.9
11157.0
12243.4
12249.1
12409.0
12551.0
12987.1
13213.1
13400.2
13749.0
13951.3
14402.9
14501.6
14649.0
14994.8
15011.8
15012.2
15563.2
15610.7
15794.6
16130.4
16186.7
16219.3
16512.4
16892.8
16998.4
17187.0
17236.9
17374.3
17609.2
17883.6
18171.3
18267.9
18272.0
18403.5
18447.8
18497.0
18585.0
18764.6
18950.2
19011.9
19065.7
19783.0
20233.1
20274.3
20534.3
20731.1
20865.8
20991.8
21068.4
21266.2
21346.9
21743.2
21796.5
21871.0
22278.2
22711.1
22853.5
