57.9
170.9
206.5
261.0
573.7
977.7
1257.5
1351.0
1795.6
1833.6
1963.7
1964.8
2263.3
2373.9
3210.5
3458.9
3789.1
3843.5
3977.1
4272.0
4282.2
4285.0
4388.5
4767.0
5505.7
5623.3
5882.8
6264.7
6576.6
6579.8
6752.6
6842.4
6906.5
7012.5
7097.7
7130.5
7200.1
7233.1
7466.2
7761.0
7815.0
7910.1
8128.1
8259.2
8486.9
8541.5
8929.5
8933.3
9325.7
9396.5
9497.6
9538.2
9831.2
9835.5
10256.5
11615.8
11713.4
12079.3
12510.7
12572.7
13172.9
13430.8
13447.0
13662.7
13712.3
13778.9
13879.3
13911.7
14275.9
14304.4
14325.5
14368.7
14818.3
14912.7
15070.2
15274.2
15322.0
15338.4
15538.1
15658.7
15713.9
15887.7
16063.2
16402.8
16534.4
16686.2
16719.2
16813.0
17759.9
17972.5
18086.2
18323.7
18895.2
19037.0
19352.3
19550.5
19580.6
19694.6
19816.7
20267.0
20422.5
20464.4
20681.2
20913.2
21210.1
21650.1
21801.5
21854.6
22823.1
22845.8
