29.9
89.4
266.9
282.6
343.3
528.9
798.0
854.8
1407.9
1701.6
1998.9
2126.1
2628.6
2982.6
3652.2
3681.6
4046.6
4672.4
4829.6
4858.5
5677.4
5823.7
6099.2
6101.4
6205.4
6250.2
6320.0
6364.4
6680.9
7072.4
7139.0
7208.1
7253.9
7472.7
7717.7
7794.8
7904.9
8657.0
8679.6
8744.3
8880.1
8948.9
9242.2
9463.1
9585.9
9611.7
9686.2
9969.1
10092.9
10258.8
10498.5
10780.5
10875.0
10932.6
11195.6
11241.3
11336.9
11346.4
11608.8
11958.9
12259.6
12347.8
12456.8
12469.5
12947.1
13032.2
13106.7
13408.8
13476.6
13778.9
13816.0
13890.0
14135.8
14180.7
14200.7
14226.6
14323.7
14443.0
15312.0
15335.5
15858.2
15891.9
15945.9
15954.5
15984.9
16076.3
16397.6
16614.9
16846.9
16889.4
16940.1
17049.3
17117.5
17142.7
17759.7
17859.9
18000.9
18237.5
18368.9
18402.3
18411.0
18871.6
18873.4
18974.7
19195.7
19511.2
20108.9
20152.9
20832.6
21073.1
21518.6
21685.6
22252.7
22330.7
22585.0
22692.9
22783.8
22917.2
