262.7
317.9
325.8
463.8
958.8
1118.0
1203.7
1872.5
1965.7
2048.1
2106.3
2370.5
2539.6
2868.8
3015.3
3235.9
3246.0
3488.2
3519.3
3647.2
3687.5
4287.5
4601.5
4825.3
5009.4
5030.0
5127.7
5384.2
5530.1
5620.2
5922.0
6429.2
6922.5
7242.1
7253.5
7615.7
7923.2
8135.0
9163.8
9196.9
9238.4
9332.8
9535.0
10194.7
10407.7
10565.3
10662.3
10989.3
11304.1
11371.3
11420.4
11545.2
11731.7
11811.3
11908.0
11979.8
12228.3
12314.3
12381.5
12562.4
12579.3
12609.2
12740.3
13259.1
13500.4
13950.4
14153.6
14490.8
14806.3
15093.1
15177.2
15191.4
15855.6
16014.0
16075.1
16881.0
17012.3
17514.1
19010.4
19738.3
19747.5
20265.3
20294.6
20447.4
20693.6
20711.9
20941.5
21138.3
21142.1
21213.5
21383.4
21390.0
21713.7
21921.6
21960.1
22129.2
22360.8
22480.2
22620.2
22751.4
