284.5
1059.8
1139.2
1211.5
1265.6
1521.9
1637.9
1851.1
1962.0
2131.3
2273.4
2591.6
2721.0
2812.7
3150.2
3168.6
3526.7
3648.2
3673.9
3715.3
3811.5
3845.3
4060.5
4520.4
4546.0
4589.9
4722.0
5266.9
5437.5
5535.4
5564.7
5772.2
6056.6
6514.8
6562.2
6565.5
6621.2
6940.5
7147.0
7294.3
7395.5
7490.8
7530.8
7593.6
8366.6
8413.5
8536.2
8628.5
8717.1
9111.0
9325.2
9336.5
9389.7
9559.6
10271.7
10468.4
10494.5
10517.4
10568.2
10588.6
10795.1
11032.1
11088.1
11455.6
11704.0
11706.4
11917.5
11927.1
11992.7
12157.7
13034.7
13281.6
13465.0
13651.5
13802.3
13849.9
13882.4
13893.8
14512.3
14724.9
15269.6
16056.2
16108.6
16215.4
16274.6
16290.5
16520.7
16660.6
17038.0
17369.1
17392.1
17683.4
17806.1
17812.4
18094.6
18169.2
18250.5
18668.7
18698.9
18726.6
18796.1
19363.7
19424.4
19812.3
20397.7
20477.7
20489.1
20565.0
21072.2
21252.4
21377.5
21444.7
21492.9
22187.4
22435.7
22480.2
22721.9
22900.3
22920.5
22994.3
