107.7
133.7
739.0
2168.6
2295.1
2409.6
2574.4
2754.7
2930.8
2987.6
3751.5
4152.6
4167.0
4567.6
4856.6
4888.2
4928.1
5080.9
5396.3
5497.4
5530.9
5808.9
6108.6
6231.0
6255.5
6307.8
6349.1
6542.6
6561.8
7018.2
7265.3
7433.4
7876.6
8029.1
8264.7
8760.8
8822.2
8880.0
9041.5
9251.5
9549.1
9652.2
9841.6
9864.4
9948.9
10088.5
10122.3
10313.6
10336.6
10391.8
10683.4
10796.3
10843.3
11180.8
11306.1
11520.1
11524.1
11979.5
12294.1
12643.2
12860.9
12954.5
12961.2
12997.6
13345.2
13425.0
13452.1
13471.7
13542.3
13657.6
13764.1
13981.1
14154.5
14181.3
14201.1
14429.8
14606.9
14906.8
15184.1
15356.7
15706.5
16108.7
16124.4
16156.6
16509.9
16526.1
16824.4
16874.1
17077.1
17877.5
18006.2
18213.4
18432.9
18479.4
18663.8
18704.2
18803.7
18809.8
18930.6
19371.6
19516.8
19800.0
19927.4
19972.8
20110.1
20199.4
20222.4
20276.5
20338.0
20519.9
20543.9
20751.2
20762.1
21062.5
21597.8
22066.4
22102.7
22391.7
22398.4
22416.2
22941.7
