214.0
252.7
311.9
712.8
1140.7
1178.8
1456.2
1469.0
1603.5
1695.4
1704.2
1851.5
1933.7
1990.4
2018.4
2092.8
2114.3
2492.7
2536.5
2549.1
2732.5
2852.0
3122.8
3164.6
3403.4
3593.6
3599.6
3967.0
4443.7
4539.0
4921.4
4961.6
5000.3
5006.3
5098.8
5120.0
5594.0
5631.8
5974.3
6045.5
6060.0
6220.1
6255.2
6414.4
6447.3
6559.1
6665.2
6665.3
6915.5
6951.8
7037.9
7338.2
7781.5
7815.2
8079.4
8170.8
8193.7
8228.0
9069.1
9080.4
9336.3
9375.1
9557.9
9933.5
10048.0
10138.5
10265.1
10327.2
10756.1
11053.2
11160.3
11192.2
11490.8
11529.9
11591.4
11829.1
11889.2
12104.4
12135.7
12881.8
13070.6
13094.2
13136.0
13207.8
13252.6
13441.6
13461.7
13491.1
13829.6
13856.4
13865.3
13886.4
13930.5
14015.4
14423.9
14579.5
14702.4
14960.2
15028.4
15601.5
15916.5
16166.1
16187.6
16216.1
16390.6
17099.3
17319.0
17747.6
17942.2
18020.4
18021.5
18084.1
18763.8
18949.3
18956.9
19063.7
19427.2
19446.3
19512.9
19653.3
19939.7
20220.0
20362.4
20381.8
20872.9
20995.7
21014.0
21254.6
21456.9
21580.0
21656.0
21954.3
22276.6
22277.9
22426.6
22841.6
22921.8
