245.0
251.9
329.0
926.1
1035.9
1071.4
1183.6
1222.0
1225.0
1393.2
1417.2
1483.7
1533.8
2030.8
2280.2
2568.7
2968.6
3092.1
3815.2
3961.5
4587.6
4658.5
4779.5
4854.2
5136.1
5192.7
5462.4
5575.6
5644.7
5684.1
5831.3
5974.2
6015.0
6190.3
6927.9
7271.6
7311.3
7435.0
7876.5
8502.3
8889.4
8914.1
8990.9
9165.2
9208.5
9588.1
9780.8
9930.5
10054.5
10058.6
10407.7
10432.4
10728.7
10853.4
10950.8
11700.3
11802.3
11875.9
12374.4
12436.9
12518.0
12758.4
12842.2
12952.4
13106.2
13431.3
13467.6
13570.9
13713.8
13838.6
14008.2
14324.4
14454.4
14589.7
14809.3
15045.7
15560.4
15639.6
15755.3
15879.5
16071.8
16201.3
16366.0
16659.7
16995.2
17008.0
17314.0
17330.5
18195.5
18254.5
18530.0
18673.0
19017.5
19318.0
19406.7
19734.1
19758.6
19787.4
19982.4
20345.8
20474.0
21018.7
21309.3
21342.3
21380.4
21695.5
21776.2
21851.9
21920.6
21936.8
22410.9
22568.3
22585.2
