49.4
142.6
176.3
395.9
529.4
582.5
588.2
627.8
684.4
971.6
1048.0
1138.4
1224.7
1249.5
1386.1
2535.7
2568.2
2583.9
2605.6
2985.3
3504.9
3605.1
3630.7
3836.4
3847.7
4088.5
4146.4
4340.5
4481.2
4649.6
4696.2
4816.3
5198.8
5766.5
5991.5
6609.5
6698.7
6752.5
7388.8
7559.4
7642.6
7676.3
7718.7
7766.9
8167.6
8253.7
8260.1
8815.9
8889.1
9317.1
9625.1
9690.7
9721.5
9916.2
9918.4
10200.7
10317.1
10437.1
10650.6
10793.1
10850.2
11011.9
11581.5
11640.8
11726.9
12176.0
12615.7
12966.3
13104.4
13110.9
13116.9
13192.2
13286.7
13383.3
13949.2
14151.0
14403.0
14553.8
14672.7
15050.7
15705.3
15801.7
15942.6
16158.9
16489.0
16559.5
16672.4
16705.2
17100.2
17196.9
17357.2
18121.0
18125.8
18339.5
18549.4
18583.6
18929.4
19046.0
19065.3
19167.1
19460.7
19958.6
20364.0
20415.6
20655.5
20712.8
20781.9
20845.8
20905.2
21048.5
21052.4
21420.0
21674.8
21887.7
21903.1
22146.7
22286.7
22617.7
22682.9
