469.2
587.1
622.4
768.6
780.1
787.2
1338.2
1510.5
1641.0
1797.9
2102.0
2139.1
2452.9
2487.1
2838.2
3214.9
3255.4
3267.7
3616.0
3635.6
3687.1
3749.7
3768.3
4028.8
4035.5
4090.8
4142.0
4254.7
4432.0
4999.3
5311.9
5681.9
5883.0
5900.3
6456.2
6853.8
6892.0
7034.9
7082.5
7194.9
7200.1
7277.6
7279.4
7350.6
7532.0
8025.7
8055.5
8657.1
8790.4
8967.4
9199.5
9511.6
9518.7
9539.4
9571.0
9660.3
9683.2
9756.0
10554.7
10823.9
10896.8
10958.7
11465.6
12082.2
12215.6
12275.2
12791.6
12859.2
12864.7
12984.7
12987.4
13163.9
13314.3
13364.2
13533.5
13549.5
13703.8
13747.2
14290.0
14584.5
14738.1
15073.8
15656.7
15890.3
16688.8
16988.8
17019.5
17270.3
17424.7
17864.3
18399.8
18402.3
18801.1
18847.4
18911.7
19031.4
19405.1
19466.4
19584.8
19821.3
19923.0
20273.0
20289.8
20375.3
20794.9
21014.4
21219.7
21559.0
21617.8
21665.7
22036.3
22048.9
22414.1
22918.9
