154.7
339.7
376.7
541.7
615.4
811.0
938.4
1563.5
1621.8
1700.3
1881.2
1918.7
2164.2
2344.8
2792.0
3297.1
3586.6
3687.9
3927.9
3942.8
4037.5
4226.1
4253.1
4425.4
4429.5
4525.4
5063.2
5098.8
5195.7
5322.7
5393.9
5453.2
5614.5
5692.4
6172.2
6181.9
6377.7
6427.3
6507.5
6627.6
6734.4
7020.3
7238.2
7308.5
7472.1
7667.1
7717.0
7938.3
8116.1
8764.3
8926.7
9068.9
9136.8
9242.8
9290.6
9391.1
9581.7
9984.1
10166.1
10227.8
10269.6
10588.7
10753.5
10805.4
10942.1
10949.2
11289.3
11292.0
11330.7
11499.7
11799.7
11933.8
12367.4
12440.9
12537.0
12694.2
12711.4
12827.7
12948.2
13033.1
13048.6
13207.9
13302.5
13583.5
13610.5
13659.9
13838.5
13856.1
14558.4
14742.6
14757.7
15372.0
15430.8
15469.5
16532.1
16763.7
16836.6
17128.3
17142.8
17406.8
17559.2
17649.2
17691.9
17977.3
18051.0
18099.4
18268.5
19078.7
19209.0
19256.5
19556.5
19729.5
19887.3
20480.1
20791.4
20847.6
20960.1
21068.0
21112.9
21201.0
21361.5
21962.4
22182.6
22722.1
