226.6
291.8
444.9
480.3
484.1
552.0
933.1
1171.7
1231.8
2031.8
2163.3
2350.0
2374.7
2541.2
2822.6
2948.6
3082.0
3089.5
4015.3
4105.8
4272.8
4363.3
5488.3
5543.1
5552.4
5614.4
5622.3
6352.1
6450.0
7330.2
7512.3
8428.0
8506.4
8712.0
9057.3
9824.3
9885.2
9922.8
9938.5
10036.4
10411.7
10416.4
10497.3
10504.5
11320.4
11444.2
11665.3
11711.4
11811.5
11973.4
12050.3
12060.9
12157.0
12178.5
12597.5
12642.8
12840.5
13069.1
13177.4
13520.0
13979.4
14413.8
14436.6
14465.6
14604.4
14752.1
15095.1
15126.7
15888.5
16124.1
16236.0
16348.9
16439.2
17114.2
17192.8
17310.1
17575.0
17881.6
18033.3
18154.7
18376.1
18406.8
18636.6
18858.4
19365.8
19693.6
19906.7
19935.5
20006.3
20084.2
20248.9
20278.3
20786.1
21218.3
21350.3
21423.7
21536.7
21671.7
21916.5
22021.2
22157.8
22724.7
22731.8
