531.3
727.6
1185.8
1260.9
2315.3
2547.0
2696.0
2781.5
2793.2
3112.7
3169.5
3816.0
3888.4
4260.7
4407.8
4596.5
4671.0
4729.3
4793.9
4858.7
5275.6
5279.3
5535.7
6033.7
6299.0
7222.6
7403.8
7541.1
7628.5
7890.5
7902.8
8395.8
8602.9
8713.0
8830.0
8949.0
8950.0
9025.7
9307.0
9339.6
9381.9
9603.9
9611.9
9633.0
10223.6
10496.0
10630.2
11170.6
11171.2
11527.5
11528.5
11681.6
11921.4
12043.7
12045.9
12129.5
12229.8
12579.7
12736.8
12750.1
12881.6
12955.0
12994.1
13070.2
13114.6
13205.4
13550.9
13698.6
13933.7
14053.6
14363.4
14622.7
14806.0
14869.3
15217.4
15237.1
15588.2
15610.1
15834.5
16287.7
16334.4
16390.6
16463.5
17170.5
17326.0
17502.5
17504.9
17529.3
17530.7
18055.1
18132.3
18258.4
18822.2
19042.5
19187.4
19206.5
19655.8
19691.8
19902.2
20030.7
20285.0
20302.8
20349.9
20448.9
20556.8
21552.6
21922.2
22145.5
22488.0
22751.2
22773.9
