0.0
319.0
956.0
1330.3
1457.1
1459.4
1550.8
1703.7
1750.0
1919.0
1922.4
1931.7
1968.5
2105.3
2221.9
2339.1
2549.7
2834.6
2878.7
2958.0
3011.3
3015.3
3063.4
3357.1
3688.1
3692.4
3766.3
4726.2
4799.6
4888.6
5148.6
5205.7
5311.9
5325.7
5441.9
6094.0
6096.9
6294.7
6562.3
6941.7
7178.5
7269.4
8119.6
8216.8
8603.8
8628.6
8935.9
9299.5
9376.7
9554.7
10018.1
10097.8
10206.8
10272.3
10329.9
10655.6
10741.7
11219.7
11453.1
11721.3
11828.5
11951.8
12225.8
12400.9
12556.9
12764.8
12783.7
13170.6
13188.1
13566.3
14123.1
14143.4
14437.8
14581.3
14814.3
14936.1
15394.0
15634.5
15890.8
16169.6
16189.1
16274.2
16304.1
16799.0
17301.2
17574.1
17630.3
17818.1
18310.1
18495.3
18656.8
18898.6
19212.3
19254.5
19259.4
19656.1
19780.5
19984.2
20043.4
20587.6
20868.2
21162.3
21422.3
21579.0
22002.6
22085.0
22116.1
22285.8
22484.7
22623.6
22659.9
22681.7
22768.2
22898.2
