103.3
242.9
294.7
454.3
593.4
616.1
619.4
825.7
865.3
1050.9
1405.5
1480.5
1688.9
1732.9
1770.3
2013.9
2058.6
2669.7
3082.1
3286.7
3417.2
3744.7
4276.5
4296.6
4643.6
4767.7
4946.1
5018.9
5090.4
5519.7
5879.9
6329.0
6344.3
6427.2
6786.0
7053.9
7203.7
7611.6
7626.7
7693.6
7828.0
7897.4
7933.1
7983.0
7992.6
8226.4
8915.8
9921.7
9952.2
10100.2
10173.5
10211.2
10318.9
10396.7
10452.2
10650.9
10786.7
11328.6
11334.9
11348.7
11421.0
11572.8
11916.6
12047.5
12205.0
12326.5
12375.6
12439.7
12770.1
12958.4
13326.0
13380.0
13453.8
13638.2
13751.1
14105.6
14206.2
14301.3
14727.7
14728.7
15203.5
15766.0
15787.1
15821.3
15839.0
15904.6
16041.8
16043.1
16208.9
16455.2
16623.7
17001.7
17098.2
17418.0
17598.1
17692.6
17850.7
17851.5
17929.4
17949.7
17973.4
18323.6
18420.7
19010.0
19028.6
19237.2
19571.9
19658.3
19910.9
19944.7
20070.5
20082.7
20441.5
20622.2
20731.1
20767.2
20783.5
20931.1
20963.3
21086.1
21093.9
21523.1
21858.2
21949.6
22133.8
22296.2
22331.1
22736.2
22772.7
22812.7
