29.3
82.5
174.5
283.6
286.7
574.4
918.5
1070.9
1087.5
1399.2
1752.6
1794.0
1872.6
1931.3
2302.6
2477.3
2839.7
3174.3
3640.7
3783.3
3791.7
3818.0
4563.3
4779.8
5002.6
5047.9
5202.3
5370.4
5703.5
5921.9
5973.6
6022.6
6113.3
6114.6
6132.9
6170.7
6246.7
6377.6
6437.9
6578.1
6620.3
6638.7
6905.7
6933.0
7108.2
7135.5
7182.9
7352.7
7366.0
7422.4
7600.4
7710.1
7782.6
8076.6
8147.8
8247.5
8498.1
8550.7
8763.5
8826.8
8855.8
9227.0
9248.3
10122.2
10552.8
10561.6
10612.0
11472.9
11612.1
12126.4
12211.6
12625.9
12833.0
13038.2
13214.9
13278.3
13567.9
13676.3
13846.5
14039.9
14125.2
14390.7
14414.6
14624.5
15043.9
15217.9
15250.5
15293.7
15624.2
15835.9
16059.6
16075.3
16098.5
16275.1
16414.4
17055.8
17252.2
17269.4
17294.3
17744.4
17857.7
17989.3
18317.4
18379.8
18394.8
18714.8
19115.6
19325.9
19454.9
19518.1
19675.8
19979.8
20042.9
20094.0
20119.6
20149.1
20222.0
20367.4
20847.7
21040.1
21068.8
21342.6
21835.0
21912.7
22263.5
22316.1
22494.2
22504.0
22837.7
22972.9
