1140.2
1196.9
1207.9
1305.0
1777.4
1793.7
1891.0
1935.5
2017.2
2275.1
2320.3
2497.4
3147.3
3438.0
4202.4
4305.5
4460.7
4591.8
4603.7
4776.6
4853.2
4878.9
5110.4
5131.5
5189.6
5212.8
5300.6
5493.3
5692.8
5861.8
6230.9
6571.5
6650.0
6756.9
6792.3
6871.3
6897.2
7302.1
7331.9
7431.1
7668.7
7901.8
8222.7
8366.3
8598.0
8670.6
9003.2
9030.1
9117.6
9362.8
9606.1
9740.5
9855.7
9869.8
9956.7
10117.6
10211.3
10444.9
10628.2
10748.0
11252.9
11336.7
11654.9
11721.4
11958.2
12059.7
12291.2
12366.1
12661.4
12998.2
13141.2
13193.9
13517.8
13528.4
13746.6
13789.5
14126.0
14688.3
14798.5
14867.0
15010.8
15358.9
16632.4
16743.8
16759.1
17036.0
17199.1
17214.9
17351.8
17425.2
17831.4
18512.0
18562.8
18581.7
18817.6
19205.2
19584.2
19591.6
19593.8
19656.8
19790.5
19859.7
19897.7
20044.9
20123.4
20173.9
20250.6
20314.8
20568.1
20778.3
20834.9
21068.1
21226.3
21290.2
21291.3
21948.5
22377.9
22824.0
