240.8
389.2
797.8
960.3
1428.2
1525.8
1932.3
2493.8
2866.6
3113.9
3171.0
3190.7
3224.2
3377.6
4466.6
4527.5
4740.7
4781.8
5007.4
5108.7
5140.3
5553.5
5557.0
5835.3
6300.1
6311.7
6371.5
6387.6
6445.4
6476.9
6504.5
6674.5
6786.7
7248.0
7438.4
7541.8
7587.8
7612.4
7717.4
7894.8
8168.9
8483.3
8633.9
8768.2
8930.5
8965.1
9020.9
9193.7
9250.6
9451.9
9462.1
9624.4
9803.2
9870.6
10022.2
10191.1
10723.0
10889.8
10964.3
11094.2
11149.8
11627.3
11662.4
11704.1
11706.1
12040.2
12123.9
12487.9
12647.9
12785.1
12839.0
13439.8
13594.8
13626.1
13723.0
14274.5
14425.7
14603.4
14903.1
14914.3
15111.2
15125.1
15313.8
15779.4
15968.1
16117.3
16244.6
16282.8
16502.6
16613.2
16812.4
17172.2
17296.1
17576.8
17878.4
17912.1
18705.9
18774.8
18999.2
19090.9
19298.4
19524.8
19549.4
19666.7
19672.0
19686.6
20208.9
20316.5
21065.3
21135.8
21191.0
21197.1
21332.0
21429.7
21722.5
21838.1
21951.0
22004.3
22099.0
22366.4
22585.3
22771.5
