1.2
169.8
674.9
675.7
944.4
947.3
1177.3
1303.6
1526.7
1566.3
1961.3
2136.4
2379.3
2441.7
2903.7
3238.2
3301.5
3804.7
3812.3
3960.0
3986.3
4199.1
4359.2
4907.9
5435.3
5606.9
5683.0
5842.3
6173.5
6608.3
6843.7
6888.8
7170.3
7210.8
7267.1
7361.4
7366.2
7440.5
7607.3
7743.2
8416.3
8536.3
8682.9
8774.1
8841.3
8862.2
9543.3
9786.7
10081.6
10205.2
10410.8
10846.3
10875.4
10889.6
11085.5
11130.8
11231.8
11271.2
11586.1
11593.7
11737.1
11950.1
12149.6
12337.2
12501.9
12547.2
12586.3
13238.0
13432.9
13580.9
13795.8
13912.7
14137.6
14473.1
14668.9
14707.5
14929.5
15137.8
15331.1
15388.3
15456.9
15466.6
15536.2
15591.4
15636.1
16057.4
16069.2
16231.8
16522.0
16702.9
17038.0
17258.3
17431.2
17454.1
18003.9
18416.0
18912.2
18915.8
18926.1
19024.7
19242.7
19260.8
20023.3
20338.9
20904.7
20935.9
20938.8
20953.3
21388.2
22234.1
22276.3
22348.0
22572.0
22717.4
22856.7
22876.0
