52.2
459.3
621.3
1016.9
1119.0
2188.4
2805.3
2875.3
2976.8
3388.1
3919.4
4100.1
4536.5
4972.5
5975.5
6063.8
6318.2
6517.7
6589.5
6828.3
7063.9
7176.3
7412.8
7783.6
7987.0
8336.0
8659.9
8799.9
8882.2
8954.7
9662.7
9861.4
9944.0
9984.3
10153.6
10212.6
10312.3
10487.8
10577.7
11184.2
11194.6
11780.3
11872.1
12006.2
12016.8
12086.6
12162.6
12283.7
12476.1
12740.1
12769.2
12879.9
12989.6
12997.6
13492.4
13598.8
13672.5
14261.2
14357.1
14405.2
14484.8
15284.3
15352.8
15357.0
15551.4
15711.6
16006.2
16030.3
16646.7
16678.5
16832.7
16841.3
16913.5
17123.3
17388.6
17693.2
17892.9
17970.3
18759.5
18771.3
18924.5
18978.4
19019.2
19046.4
19056.5
19213.4
19270.3
19487.2
19626.8
20078.8
20448.6
20706.2
21575.6
21625.1
21627.7
21678.1
21705.7
21901.6
22607.5
22848.7
