182.4
207.9
1478.9
1917.3
2246.2
2299.2
2339.7
2511.4
2699.0
3515.7
4054.7
5080.4
5302.8
5394.3
5609.1
5681.3
5927.2
6049.3
6137.0
6351.7
6417.2
6673.7
6851.7
7071.2
7324.6
7506.5
7964.3
7965.1
7991.9
8016.5
8822.2
8823.9
8972.5
9024.4
9187.3
9364.3
9530.5
9816.8
10108.2
10344.5
10433.4
10669.1
10708.5
10906.6
11032.0
11222.1
11301.5
11596.1
11731.7
12017.8
12262.1
12313.9
12357.7
12422.4
12898.5
12945.3
12965.1
13517.1
14188.7
14250.9
14347.1
14438.4
14750.2
14848.6
14862.8
15289.5
15484.5
15610.9
15792.0
15858.2
16297.6
16556.4
16569.5
16637.0
16874.3
16926.4
17046.6
17050.6
17120.2
17888.7
18213.3
18228.1
18278.2
18302.8
18522.4
18564.3
18860.5
18965.6
18976.6
18977.4
19142.0
19233.8
19241.5
19706.3
19912.2
19974.5
19984.1
20000.3
20088.6
20105.3
20293.9
21086.9
21173.1
21593.8
22491.0
22529.2
22703.0
22747.9
22906.1
