280.0
285.4
464.0
681.4
769.1
902.5
1005.9
1211.4
1787.4
1992.1
2664.6
2691.2
2806.4
3047.0
3563.3
3734.2
3788.8
3855.6
3873.4
3884.5
4058.3
4110.8
4144.4
4556.3
4722.2
4827.2
4853.1
4893.5
4975.3
5233.0
5386.6
5848.6
5963.5
6016.4
6187.4
6470.9
6657.0
6707.7
6738.7
6901.9
7262.4
7450.6
7852.2
7875.5
8490.9
8492.9
8519.3
8921.1
8968.7
9263.0
9493.7
9728.8
9749.7
9945.2
10055.6
10097.4
10097.5
10099.7
10178.5
10860.1
11368.4
11464.6
11923.7
12061.6
12095.1
12316.1
12962.3
13081.3
13909.2
13996.4
14100.3
14165.7
14400.8
14476.5
14546.1
14561.5
14627.3
14636.2
14735.8
14900.7
15042.0
15220.7
15265.9
15270.2
15490.6
15762.2
16200.6
16442.1
16558.2
16590.1
16762.8
16996.7
17063.0
17872.2
18038.3
18524.1
19296.2
19300.0
19591.6
19824.1
19987.5
20398.5
21578.9
21658.9
21726.3
21742.3
21844.7
22142.7
22393.4
22542.1
22647.0
22689.3
22952.3
