198.2
422.3
582.8
728.7
1107.4
1213.8
1511.0
1590.6
1751.7
2247.9
2278.2
2797.0
3091.5
3163.4
3468.2
3708.3
4000.2
4054.2
4438.0
4750.8
4933.0
5117.8
5299.1
5452.4
5637.1
5805.9
6776.2
6862.5
6884.7
6951.1
7397.3
7551.9
7762.0
7899.5
8022.4
8284.4
8403.6
8870.9
9334.3
9544.1
9580.9
9790.6
9833.0
9880.8
9929.2
10020.0
10175.4
10539.3
10898.2
11257.6
11485.1
11800.3
11914.1
12111.1
12113.5
12316.9
12513.0
12532.4
12554.8
12980.3
13690.6
13847.2
14049.3
14256.4
14377.4
14472.9
14770.8
15296.7
15370.9
15435.5
15505.1
15800.1
16103.1
16118.6
16563.2
17148.9
17588.3
17953.3
17984.1
18460.7
18715.8
18862.4
18936.0
19195.1
19376.3
19389.4
19670.2
19732.3
19831.7
19891.5
20039.1
20377.2
20715.0
20932.1
21034.4
21109.6
21250.2
21974.0
22002.2
22179.5
22231.8
22566.3
22644.6
22807.0
22941.0
