161.3
202.7
232.9
460.1
885.2
1153.0
3552.7
3573.4
3707.7
3745.8
3780.8
3847.5
3905.1
3934.3
4696.4
4779.9
4817.6
4974.9
5412.1
5916.9
5971.5
6658.9
7113.2
7498.8
7633.9
7865.6
7880.1
7881.1
7957.8
8065.1
8159.6
8217.9
8536.1
8578.0
8684.9
8736.5
8952.7
9593.9
9870.0
9959.6
10087.8
10272.2
10471.1
10505.0
10645.7
10791.4
11497.4
11787.8
11869.9
12675.3
12885.5
13024.2
13187.1
13633.4
13774.3
13833.0
14159.0
14662.2
14824.3
14850.0
15450.1
15990.1
15991.3
16363.8
16666.1
17234.7
17588.8
17980.1
18028.7
18629.4
18855.2
18959.7
19113.5
19285.1
19494.9
19725.6
19760.7
19822.4
20154.5
20279.1
20470.0
21054.9
21180.2
21317.4
21340.0
21425.5
21460.1
21505.5
21657.4
22014.3
22086.0
22123.7
22235.2
22345.2
22381.5
22480.4
22601.5
22735.1
