18.5
197.1
303.9
465.1
641.0
1091.8
1179.7
1203.9
1406.8
1495.0
1583.3
2264.5
2422.7
3154.4
3656.5
3808.7
3993.1
4383.3
4414.0
4453.4
4610.4
5092.6
5295.2
6083.8
6261.9
6319.1
6348.5
6551.3
6632.7
6893.1
7042.8
7084.7
7270.1
7487.3
7694.4
7944.4
7967.8
8038.5
8069.2
8526.0
8567.0
9055.7
9083.0
9118.4
9293.6
9301.6
9469.7
9502.8
9509.0
9585.5
9699.8
9811.5
9833.9
9949.4
10283.0
10299.6
10635.4
10747.2
11682.6
12409.5
12700.1
12832.0
13092.1
13105.4
13241.4
13346.1
13397.6
13603.6
13800.1
14092.0
14230.9
14334.6
14545.5
14826.2
15037.6
15504.6
15549.8
15816.2
15929.5
15953.8
16305.4
16475.9
16628.3
16904.8
16942.3
17085.2
17109.6
17136.9
17178.6
17292.5
17298.8
17772.4
18137.8
18550.1
18580.4
19089.5
19124.0
19275.3
19369.3
19538.2
19633.2
19869.0
19931.3
19946.2
20306.5
20547.0
21125.3
21505.5
21586.6
21803.1
21836.4
21945.1
22068.6
22329.1
22455.4
22858.7
