138.7
144.6
239.5
271.9
312.2
656.4
772.3
1036.0
1112.9
1348.1
1442.6
1590.2
1634.0
1789.4
2170.3
2246.9
2363.4
2483.9
2808.6
2820.7
3232.0
3364.4
4110.7
4324.0
4392.4
4399.1
4597.9
4640.9
4819.8
4855.9
4916.5
4923.4
4955.2
5111.8
5504.2
5635.6
6192.0
6234.5
6895.7
6962.3
7075.4
7389.9
7394.4
7437.5
7765.8
7800.6
8073.4
8231.2
8351.4
8427.5
8526.4
8719.1
8899.7
8916.6
9205.2
9319.6
9562.0
9707.6
9725.5
9749.9
9754.3
9825.9
9847.5
9925.9
10012.8
10275.4
10388.0
10675.2
10682.8
10940.4
10983.3
11022.1
11406.3
11411.5
11625.3
11768.9
11980.1
12156.0
12290.8
12755.1
12864.9
13038.4
13526.4
13616.6
13701.9
13737.1
13814.9
13962.4
14052.2
14146.0
14291.2
14438.1
14881.1
14886.5
14937.5
15014.1
15095.5
15225.8
15234.6
15761.5
15847.1
16043.0
16076.6
16331.3
16390.7
16808.3
17408.2
17410.5
17489.9
17594.4
17987.9
18059.8
18209.7
18329.7
18976.7
19156.5
19568.6
19670.5
19775.1
20784.1
20999.4
21076.3
21170.5
21374.4
21580.4
21674.1
22092.0
22104.4
22226.1
22503.9
22807.2
22830.6
22853.9
22971.2
22995.2
