62.2
80.5
131.6
139.1
458.2
632.8
778.4
1087.6
1748.1
1755.7
1757.7
1920.5
1941.0
1943.6
2124.3
2199.6
2302.2
2679.8
2697.4
2700.6
2740.0
2768.9
3106.7
3220.2
3710.9
4053.3
4127.6
4293.4
4337.3
4854.9
4920.2
5349.8
5390.8
5393.7
5706.0
5714.3
6226.4
6305.9
6319.0
6330.5
6346.9
6678.7
6736.5
7165.9
7271.2
7522.1
7529.8
7791.1
7832.8
8037.7
8152.4
8174.6
8339.4
8578.1
8628.9
8718.2
9059.2
9402.8
9439.9
9524.7
9755.5
9866.0
10007.4
10490.9
10896.8
11218.3
11734.7
11869.2
12075.2
12236.4
12256.8
12270.5
12274.8
12472.7
12480.0
12685.9
12706.8
12832.5
12969.8
13184.8
13528.4
13542.4
13543.1
13838.4
13884.4
14027.3
14282.5
14752.4
14905.0
15349.3
15408.9
15713.5
15870.2
15980.2
16477.7
17569.8
17842.8
18139.5
18296.4
18401.5
18602.6
18979.2
19156.4
19290.8
19459.3
19567.2
19887.9
19991.0
20247.1
20516.9
20759.9
21280.0
21349.2
21610.8
21698.7
21715.7
22009.5
22026.5
22455.9
22662.8
