136.6
239.8
369.5
655.7
1055.6
1192.8
1481.6
2004.2
2231.2
2426.9
2548.4
2608.7
2683.8
3180.7
3352.0
3502.5
3512.3
3710.5
3850.7
3857.2
4094.2
4103.5
4198.4
4369.6
4889.1
4972.3
5490.4
5596.4
5892.7
5898.6
6628.7
6638.1
6662.9
6707.3
6739.9
6840.9
6954.4
7189.1
7312.8
7965.3
8243.1
8431.0
9421.5
9559.8
9859.5
10522.3
10826.9
11125.4
11336.5
11630.4
11858.3
12367.6
12517.5
12636.6
13239.9
13400.3
13428.4
13639.3
13640.7
13668.0
13745.6
13755.4
14072.4
14548.7
14748.5
14889.5
14890.6
15129.4
15146.6
15380.1
15514.4
16143.4
16194.7
16532.0
16658.9
16721.2
16818.5
16902.9
16920.2
17005.9
17067.8
17130.2
17233.5
17290.3
17463.4
17786.0
18405.7
18554.9
19421.7
19666.7
19691.0
19854.5
19858.9
20050.1
20169.0
20308.5
20429.2
20460.4
21105.6
21238.3
21541.5
21591.3
21903.9
