17.1
20.1
874.0
880.0
983.0
1058.7
1266.9
1589.0
1793.6
1915.8
1965.5
2078.8
2110.7
2152.7
2168.0
2200.4
2379.9
2782.2
3238.7
3274.9
3815.8
3845.9
4091.2
4565.1
4717.9
4797.7
5227.6
5241.9
5264.3
5336.8
5499.4
5517.2
5521.6
5900.5
5933.7
5967.9
6156.9
6229.4
6322.5
6510.2
6990.1
7054.5
7145.2
7192.7
7457.4
7588.8
7592.5
7951.0
7957.1
8188.6
8293.8
8352.3
8596.3
9291.6
9317.6
9355.5
9358.6
9427.5
9468.3
9489.2
9603.1
9657.4
9701.7
10050.7
10073.0
10112.9
10639.1
10665.0
10859.0
10891.2
11446.0
11679.5
12708.4
12731.7
12939.2
12946.8
13406.0
13787.4
13929.2
14011.9
14099.5
14259.6
14717.3
14979.6
15168.7
15536.2
15816.2
15889.8
16035.1
16037.7
16151.6
16223.1
16378.0
16698.6
16706.6
16737.1
17061.3
17291.1
17451.7
17465.9
17620.1
17963.4
18419.9
18420.1
18482.0
18531.5
18783.8
19060.0
19462.6
19683.6
19685.4
20010.9
20026.7
20275.8
20640.0
21038.7
21154.9
21487.3
21746.7
21846.4
21862.4
22161.1
22240.5
22253.2
22401.2
22436.3
22471.3
22513.7
22574.4
22753.0
22879.2
