233.1
400.1
583.3
726.5
1031.5
1954.6
2223.0
2687.1
2805.6
2838.7
2853.0
2910.0
3099.1
3687.4
4172.0
4210.2
4596.8
4623.3
4705.7
4933.8
5022.7
5090.3
5346.6
5542.8
6107.9
6271.4
6513.9
6691.7
6824.0
7140.3
7205.6
7275.1
7418.1
7554.2
7997.4
8150.2
8232.8
8241.1
8340.5
8569.1
8993.2
9170.5
9436.3
9668.7
9788.1
9905.1
10004.0
10341.0
10540.5
11047.4
11185.4
11527.0
11811.0
11852.8
11900.8
11922.8
12067.2
12110.9
12459.1
12813.8
12913.0
13182.2
13184.8
13393.8
13899.1
14586.7
14613.5
14679.6
15674.1
15968.3
16341.8
16786.0
16887.2
16904.4
16933.6
17307.4
17372.1
17562.1
17592.6
17739.7
17776.8
18590.4
18860.7
18887.1
18953.7
19157.9
19230.1
19263.0
19533.5
19590.5
19971.9
20157.4
20711.3
21377.5
21434.4
22124.7
22406.9
22662.1
22773.6
22872.1
