4.7
558.5
605.7
670.4
758.1
1076.8
1419.3
1544.9
2067.5
2126.9
2512.0
2610.4
2637.8
3380.9
3452.3
4378.8
4392.7
4479.1
4648.1
4755.0
4764.2
4790.0
4999.6
5122.9
5149.5
5314.8
5345.2
5480.5
5487.4
5625.9
5742.4
5866.9
6087.6
6447.2
6463.3
6699.5
6741.0
6841.2
7181.2
7361.7
7411.2
7499.8
7507.5
7511.6
7865.1
7926.3
8032.4
8042.7
8147.8
8268.1
8689.0
8755.1
8816.0
8947.5
9116.5
10451.3
10719.1
10957.2
10987.3
11004.1
11282.2
11812.8
11916.8
12043.7
12222.8
12424.5
12576.1
12610.6
12744.2
13047.5
14037.6
14114.8
14169.1
14404.2
14514.6
14947.7
14987.6
15217.7
15243.0
15448.1
15698.8
15720.1
16162.5
16506.4
16826.8
17103.2
17204.6
17891.0
18098.6
18667.7
18757.8
18919.3
18938.8
18947.7
19127.3
19479.5
19738.8
20108.7
20125.6
20218.6
20288.5
20353.0
20383.8
20540.0
20726.5
20846.1
21019.6
21152.0
21505.4
21510.7
21617.4
21630.1
21776.1
21858.3
21860.8
21870.9
21990.7
22056.0
22289.0
22385.0
22455.1
22559.1
22638.4
22735.2
22852.2
22864.4
