297.0
331.1
482.3
489.5
771.0
1043.6
1080.0
1445.5
1502.7
1718.2
1806.2
1836.1
1905.1
1961.0
2230.5
2297.9
2315.3
2335.8
2470.0
2594.6
2603.9
2819.6
2899.1
3058.6
3372.8
3427.5
3504.8
3525.3
3814.0
4255.6
4374.0
4587.6
5476.7
5588.5
5627.7
5634.8
5833.4
5977.1
6105.5
6294.9
6479.7
6828.0
7117.1
7152.4
7233.3
7491.7
7612.7
7917.4
8014.3
8045.1
8166.5
8175.5
8645.5
8891.1
8945.0
9221.7
10005.9
10244.5
10596.2
10602.2
10830.8
10871.8
11141.6
11283.3
11313.9
11367.3
11767.1
11950.6
12099.2
12286.3
12697.2
13031.1
13177.5
13216.9
13234.3
13408.5
13714.5
13714.9
14032.8
14621.5
15081.0
15283.1
15538.4
15641.3
15912.2
16045.0
16244.4
16373.2
16455.3
16951.0
17086.3
17344.0
18005.9
18327.3
18374.8
18648.0
19204.0
19839.3
20075.8
20088.2
20139.4
20313.3
20355.8
20602.4
20639.6
20898.0
21157.7
21165.8
21927.7
21929.1
21983.0
22504.5
