72.8
119.6
508.6
829.3
913.1
1551.4
1653.3
1751.1
1888.2
2128.0
2222.6
2828.3
3144.4
4006.3
4615.2
4622.9
4649.4
4955.9
5376.9
5422.0
5682.2
5959.3
5993.7
6074.6
6124.6
6491.5
6616.6
6705.5
7114.7
7426.7
7460.1
7867.0
7904.4
7910.6
8148.5
8528.7
8815.6
8950.9
9225.3
9943.9
9965.1
9965.8
10023.0
10063.1
10281.0
10509.1
10651.3
10808.9
10923.8
11012.2
11674.9
11702.1
11856.9
11903.9
11934.2
12478.6
12856.2
13244.7
13464.2
13486.6
13708.5
13788.6
14039.8
14287.2
14342.6
14454.7
14584.9
14726.4
14818.8
14859.3
15426.6
15592.7
15771.2
16016.5
16241.8
16273.7
16321.5
16595.8
16607.8
16608.7
16738.4
17027.3
17178.4
17194.6
17453.7
17732.5
17735.0
18077.1
18379.5
18609.5
18837.9
19126.9
19310.0
19724.0
19803.7
19820.5
19858.9
19888.5
20114.8
20243.8
20426.0
20537.3
20639.1
20840.5
20849.2
21039.3
21048.1
21315.3
21372.4
21809.2
22256.2
22277.1
22776.7
22807.2
22992.0
