205.6
233.1
380.0
494.8
593.8
618.4
935.0
1030.1
1056.7
1238.1
1750.5
2530.7
2898.4
3232.3
3350.0
3580.8
3768.8
3849.7
3883.0
4014.5
4116.1
4441.3
4463.6
4871.6
5274.0
5305.3
5606.8
5647.3
5736.4
5946.2
6193.6
6285.0
6374.9
6497.6
6708.9
6791.0
6792.2
6893.0
7012.8
7015.9
7114.6
7234.5
7288.4
7297.2
7432.3
7882.3
7896.1
8211.1
8348.1
8664.1
8797.6
9014.5
9089.7
9219.7
9256.5
9336.8
9549.5
9856.4
10335.4
10558.8
10563.2
11017.9
11169.0
11593.5
11879.6
11941.9
12085.0
12173.2
12191.9
12295.0
12545.5
12552.0
12643.6
12902.7
13031.3
13226.9
13272.5
13522.3
13805.0
13857.0
14315.9
14333.0
14458.2
14795.1
14795.3
14905.3
15061.5
15444.1
15710.1
15745.4
15858.3
16216.4
16461.9
16509.4
16709.8
17097.9
17327.6
17464.9
17465.9
17643.5
17703.4
17743.7
17886.6
17910.2
18005.1
18092.6
18479.6
18863.5
18967.0
19263.0
19574.0
19727.0
19834.2
20030.2
20242.3
20451.5
20812.9
21116.2
21253.2
21428.9
21612.9
22076.3
22250.1
22294.2
22431.0
22504.9
22815.9
22826.9
22838.1
