96.7
175.6
211.6
378.3
487.2
597.4
650.0
817.1
1030.0
1096.1
1161.1
1300.1
1461.6
1699.6
1714.8
1733.9
1985.4
2392.0
2654.9
2833.1
2913.5
3206.2
3281.5
3519.6
3672.4
3820.2
3985.2
4300.6
4948.8
4988.7
5469.0
5553.3
5571.8
5631.3
5655.9
6692.4
7078.0
7078.6
7193.1
7198.7
7215.4
7345.1
7621.3
7691.0
8100.1
8343.2
8813.7
8972.4
9202.7
9484.9
9567.2
10378.1
10534.7
10649.5
10690.5
10958.8
11030.7
11793.0
11823.1
12448.5
12624.2
12900.4
13042.8
13133.8
13400.4
13787.1
13821.5
13833.8
13935.3
14043.7
14100.7
14691.4
14695.6
14705.0
15098.4
15141.3
15147.2
15150.7
15518.5
15586.3
15747.1
15930.0
16171.8
16374.0
16603.3
16607.9
16763.8
16837.0
16948.7
17225.3
17603.5
18136.7
18237.8
18345.4
18985.4
19274.4
19368.4
19782.1
19841.1
19946.3
19985.9
20137.7
20293.3
20452.5
20716.6
20880.1
21067.4
21116.2
21248.3
21460.6
21549.5
21563.4
21626.5
21971.6
22043.7
22586.6
22918.4
