22.3
399.6
782.1
1051.9
1585.1
1839.2
1953.2
2020.8
2126.7
2378.7
2581.8
2741.9
2849.4
2937.2
3127.6
3516.3
3623.8
3674.1
3913.3
4270.1
4291.2
4342.3
4757.8
4916.1
4962.0
5053.5
5454.0
5463.2
5493.0
5705.0
5727.9
5744.8
6159.5
6507.3
7021.4
7109.9
7197.9
7459.4
7680.6
7786.8
7905.3
8014.4
8036.9
8203.7
8204.5
8285.5
8493.7
8551.1
8939.3
9564.5
9812.5
9926.1
9964.6
10410.0
10418.0
10522.4
11042.1
11372.8
11389.3
11542.2
11765.8
11841.5
12207.9
12250.2
12289.2
12398.7
12462.4
12489.2
12937.3
13532.4
13565.3
13640.9
14343.2
14485.2
14975.0
15415.9
15545.5
15993.1
16129.4
16145.3
16354.7
16774.5
17042.5
17387.3
17478.7
17964.4
18024.1
18108.9
18245.9
18316.9
18415.0
18441.1
18488.1
18658.8
18734.0
18937.6
19262.3
19369.7
19655.2
19662.0
19799.9
19827.4
19848.2
20008.8
20064.1
20263.6
20910.4
21121.7
21227.0
21480.6
21619.1
21977.8
22141.9
22164.0
