124.9
145.4
860.8
870.2
1034.9
1302.8
2000.2
2007.0
2090.8
2178.4
2207.3
2222.1
2335.8
2453.6
2651.6
2652.2
2699.4
2730.5
2831.5
3318.3
3471.1
3630.8
3900.0
4083.4
4130.4
4140.0
4284.4
4290.9
4592.9
4793.0
4907.7
4997.8
5005.7
5317.1
5450.9
5793.2
6221.3
6444.9
6582.1
6942.7
7004.5
7063.2
7196.2
7198.3
7413.9
7520.5
7551.6
7653.2
7667.6
7708.6
7814.4
7844.0
7919.3
8048.1
8461.2
8738.0
9121.9
9221.1
9847.7
9900.9
9940.1
9980.2
10244.6
10245.8
10276.3
10946.6
11200.5
11396.3
11432.9
11626.1
11780.9
12124.1
12697.6
13203.7
13221.6
13564.7
13585.4
13727.6
13894.7
13895.1
14043.1
14076.7
14222.5
14295.5
14423.5
14677.9
14886.7
15185.9
16354.5
17132.9
17225.8
17361.7
17481.5
17521.7
17659.2
17764.1
17905.8
17995.6
18098.2
18120.7
18142.5
18256.8
18297.6
18326.3
18399.1
18434.8
18702.5
18720.3
19921.0
20260.5
20272.1
20793.4
21259.8
21600.6
21983.6
22483.4
22970.9
22989.2
