407.5
617.0
676.0
874.7
911.4
1088.1
1173.4
1285.7
1543.8
1611.1
1835.1
2359.2
2881.4
2978.7
2979.3
3119.1
3149.6
3382.0
3477.3
3601.6
3636.7
3716.7
4184.8
4232.0
4632.2
4791.8
5397.0
5687.9
5781.3
5786.3
5814.9
6260.4
6489.0
6551.0
6899.7
7015.6
7072.7
7450.6
7642.6
7707.0
7772.6
8008.0
8185.5
8255.5
8427.6
8773.2
8797.1
8975.9
9057.1
9165.6
9554.0
9564.9
10002.9
10108.6
10558.7
10769.8
10933.6
11104.5
11325.0
11566.2
11714.0
12011.2
12069.8
12125.3
12530.9
12637.7
13295.2
13367.9
13491.9
13628.1
13923.2
13953.8
14108.9
14377.3
14405.5
14417.6
14767.3
14931.9
15108.8
15151.4
15442.3
15584.8
15805.4
16154.4
16311.0
16382.3
16627.4
16923.5
17275.6
17865.0
18116.8
18364.8
18663.7
19609.9
19637.2
19836.6
19892.3
19949.9
20585.2
20611.0
20727.8
20964.2
22007.5
22019.2
22275.1
22753.4
22950.5
22955.9
