19.4
140.4
151.5
187.7
290.2
339.8
387.6
590.7
681.5
699.8
841.6
1004.9
1414.2
1763.4
1897.2
1913.8
2246.0
2337.0
2516.4
2591.9
2993.4
3084.9
3156.0
3206.6
3266.4
3672.7
4026.1
4045.9
4207.2
4447.3
4456.9
4831.6
5261.1
5380.6
5431.7
5489.6
5506.1
5663.2
6328.1
6459.2
6476.4
6640.3
7118.3
7130.1
7579.2
7966.0
8649.3
8816.7
8817.0
8973.0
9094.5
9137.1
9257.0
9275.5
9769.2
9913.7
10219.6
10301.1
10338.7
10731.1
10824.2
10826.9
10864.8
11054.6
11214.7
11217.4
11310.2
11866.4
11954.3
12105.5
12108.6
12191.7
12359.9
12618.5
12656.8
12695.1
12867.3
12873.2
12985.4
12990.0
13149.1
13254.8
13571.2
13662.0
13706.9
13782.3
14402.2
14524.6
14821.2
14902.5
15518.5
15556.2
15677.5
15762.4
15982.6
16008.1
16106.7
16164.4
16515.1
16598.7
16634.2
16725.4
16798.1
17293.0
17526.4
17777.0
17882.9
18091.3
18158.2
18338.4
18447.3
18798.4
19016.8
19116.1
19147.4
19356.2
19517.7
19755.1
20001.9
20721.9
21009.4
21065.0
21181.7
21370.9
21457.3
21767.1
21884.1
22027.0
22150.4
22185.7
22990.9
