25.9
26.9
229.3
447.5
454.2
817.0
1070.0
1076.3
1369.1
1553.9
1728.6
1953.0
2114.1
2206.3
2225.4
2247.4
2260.1
2380.9
2428.0
2458.1
2480.1
2676.8
2691.3
2743.4
3062.8
3127.5
3425.4
3805.5
4301.2
4672.3
4848.9
4928.1
4977.4
5473.5
5486.4
5487.6
5494.8
5527.8
5799.6
5944.5
6208.1
6560.2
6839.8
6862.2
7297.8
7484.7
7635.8
7673.3
7738.2
8075.3
8486.4
8718.3
8905.9
8931.6
9050.9
9343.7
9555.9
9675.5
9689.7
9820.6
9953.6
10000.2
10056.8
10495.0
10811.4
11046.4
11130.9
11568.8
11626.0
11629.5
11631.8
11712.7
11765.1
12273.1
12306.9
12650.5
12686.9
13069.3
13130.0
13471.3
13475.6
13529.3
13687.3
13708.0
14135.4
14277.8
14294.8
14313.0
14315.4
14406.3
14933.4
14978.2
15038.1
15119.7
15264.1
15602.0
15785.8
16042.8
16082.2
16225.9
16415.6
16679.3
16760.5
16790.8
17226.7
17334.0
17604.6
17756.8
18081.2
18179.2
18669.5
18960.8
18986.4
19494.8
19686.1
20051.2
20317.0
20583.1
20830.3
20933.0
20937.6
21037.2
21147.0
21172.4
21823.8
21833.2
22105.3
22484.9
22522.9
22607.7
22717.0
22764.3
22925.8
22995.0
