60.2
183.9
249.9
302.3
376.3
516.0
585.5
625.2
720.6
1145.3
1295.1
1373.5
1428.5
1581.7
1587.5
1739.6
2018.1
2250.6
2543.9
2665.6
2790.4
2826.1
3119.6
3174.1
3511.9
3743.4
3766.2
4002.7
4005.3
4076.6
4121.9
4462.6
4763.3
4814.2
5072.4
5308.3
6149.5
6370.6
6435.4
6514.3
6553.1
6581.8
6711.5
6966.1
7234.6
7658.0
7708.8
8001.9
8331.1
8336.6
8506.9
8663.0
8755.4
8763.9
8865.3
8875.8
8958.3
9214.6
9633.1
9772.1
9897.6
10045.5
10103.8
10226.8
10456.5
10744.2
10902.8
11225.6
11597.7
11703.7
11705.9
12035.7
12083.2
12312.8
12602.7
12608.8
12916.6
12962.1
13076.6
13162.6
13257.1
13383.8
13671.5
13868.1
13885.1
14570.7
14599.8
14604.8
14767.3
14858.0
15302.7
15428.4
15627.6
15992.3
16475.8
16512.7
16648.9
17066.3
17194.1
17372.0
17837.2
17849.6
17863.6
18422.7
18560.0
18593.6
19089.7
19144.3
19170.8
19424.4
19806.7
20455.5
20657.7
20741.7
21074.1
21268.0
21308.3
21562.8
21891.8
22135.1
22433.7
22573.3
22695.0
