39.5
460.1
746.0
1032.8
1536.1
1557.8
1587.0
1830.5
1863.3
2096.8
2478.8
2577.6
3494.4
3648.6
3716.2
3972.5
4122.3
4457.7
5154.6
5380.6
5414.8
5542.7
5746.0
5792.3
6068.7
6198.8
7064.6
7719.1
7725.4
7733.2
7908.5
8076.4
8748.7
8993.6
9368.9
9443.4
9718.2
9792.1
9803.1
9904.8
9981.7
10055.2
10589.1
10708.2
11028.8
11616.6
11652.2
11673.1
12269.0
12491.3
13041.7
13226.3
13245.7
13342.6
13701.4
14004.5
14347.2
14467.3
14552.3
14791.4
15036.9
15117.4
15321.6
15720.0
15826.7
15909.7
16043.4
16084.0
16084.5
16141.1
16502.7
16889.6
17297.8
17398.6
17454.1
17716.1
18558.9
18732.6
19576.8
19631.3
20009.2
20048.1
20291.4
20298.5
20725.2
21037.1
21740.2
21882.9
21965.3
21977.8
