19.7
462.7
1416.9
1450.6
1888.3
1989.2
2124.4
2271.9
2443.4
2609.3
2630.2
2982.6
3271.3
3456.4
3557.3
3797.0
3864.2
4094.0
4123.3
4132.3
4144.0
4913.5
5121.2
5139.0
5224.8
5471.3
5529.8
5986.1
6969.0
7322.1
7361.8
7467.3
7624.1
7763.3
7769.4
7810.6
7818.8
7919.5
7959.8
8163.3
8376.0
8478.3
8633.3
8818.3
8902.7
8934.1
8946.3
9107.7
9815.9
9969.2
10246.3
10337.3
10553.9
10683.8
10938.3
11370.2
11378.7
11392.6
11659.1
11743.6
11871.2
12286.9
12379.6
12805.8
12985.5
13315.3
13467.3
13588.8
13774.4
13812.2
14054.0
14485.4
14596.1
15380.9
15393.2
15426.4
15652.3
15663.7
15823.7
16029.1
16037.4
16190.4
16280.4
16427.1
16482.6
16692.2
16757.4
16759.2
16893.0
16951.7
16952.7
17335.6
17398.4
17845.4
18005.2
18017.1
18163.6
18261.7
18894.6
18982.9
19491.9
19498.7
19956.5
20131.7
20164.6
20267.7
20386.4
20531.7
20698.6
21656.2
21696.9
21877.7
21994.0
22348.0
22622.0
22642.7
22668.7
22685.0
22952.3
