232.1
358.6
407.5
535.4
847.6
1152.7
1394.4
1560.9
1971.1
2014.2
2196.8
2502.0
2508.2
2658.8
2833.1
2985.2
3174.9
3668.1
3970.4
4347.1
4452.8
4685.7
4957.3
5199.3
5679.7
5743.6
6084.6
6121.1
6141.8
6431.1
6500.9
6526.4
6705.8
7351.2
8180.0
8372.0
8575.1
8599.9
8656.5
8715.0
9063.2
9246.2
9272.3
9666.2
10058.3
10204.8
10229.3
10351.2
10492.0
10643.6
10738.3
10823.8
11130.1
11234.4
11432.5
11519.4
11672.4
12277.6
13132.0
13273.3
13809.7
14038.1
14167.4
14443.0
14985.0
16164.6
16185.0
16617.7
16680.6
16917.6
17031.1
17252.5
17266.1
17298.3
17303.3
17559.1
17820.4
17902.2
17960.3
18007.1
18544.4
18600.9
18608.1
18830.8
18842.8
18915.0
19453.6
19650.3
20619.7
20893.6
20930.4
21223.1
21390.9
21657.5
21720.5
21953.8
22140.3
22415.2
22430.0
22789.2
