155.6
218.1
311.1
605.0
682.9
875.7
1091.3
1383.9
1512.6
1686.4
1711.8
1724.8
1887.2
1915.4
2169.0
2723.0
2762.7
2844.8
2855.3
2874.1
3266.1
3331.2
3512.3
3578.2
3610.7
3653.8
3904.6
4034.6
4209.2
4237.0
4419.5
4484.0
4526.8
4763.9
4765.2
5286.1
6007.6
6296.6
6477.7
6800.1
6930.9
6956.7
7000.5
7272.9
7600.2
8294.8
8368.3
8373.6
8398.0
8534.8
8718.8
8968.2
8984.1
9033.1
9222.2
9472.8
9491.6
9648.8
9980.9
10138.7
10204.8
10507.9
10567.9
10911.7
11503.7
11570.0
11887.2
12112.6
12140.1
12147.3
12667.8
12851.4
13046.5
13371.2
13399.2
13399.7
13725.8
13816.3
14108.6
14239.3
14565.8
15730.5
16196.3
16356.1
17704.9
17844.8
18163.8
18312.9
18745.7
18841.9
19158.3
19164.9
19242.1
19355.6
19417.3
19530.7
19865.8
20499.8
20670.5
20755.9
21227.9
21979.2
22131.7
22683.2
