121.5
213.6
261.7
766.0
932.7
1131.8
1193.3
1317.4
1568.0
2439.9
2855.1
2900.9
3529.1
3664.8
3803.9
3855.7
3962.2
4010.5
4021.6
4237.2
4427.4
4545.3
5247.1
5336.5
5427.3
6576.6
6620.6
6663.2
6876.5
7227.0
7331.7
7607.5
7760.8
8314.1
8387.2
8468.9
8698.8
9154.6
9265.1
9358.0
9842.4
9922.5
10124.5
10494.5
10686.8
10752.7
10832.1
10917.9
11717.3
11855.7
11979.8
12312.3
12687.7
12966.1
13225.5
13263.8
13545.1
13577.7
13604.3
13673.0
14200.1
14232.9
15265.4
15487.8
15665.9
16271.8
16411.2
16932.3
17060.2
17313.3
17373.0
17447.9
17566.3
17996.0
18081.1
18318.5
18388.5
18552.4
18784.6
18873.4
19007.8
19137.7
19159.0
19357.6
19653.0
19778.3
19838.6
20014.0
20531.3
20611.5
20732.0
20769.1
20777.1
20894.5
21196.8
21450.3
22185.6
22419.5
22567.7
