258.8
323.3
910.8
939.5
1045.9
1179.1
1926.6
1978.8
2366.1
2415.6
3008.6
3212.7
3321.1
3366.6
3368.3
3541.3
3770.0
4227.4
4711.7
4825.0
4847.8
5132.3
5483.0
5668.6
5722.5
5906.0
6083.4
6086.3
6299.6
6381.3
6471.8
6517.8
6617.8
6689.6
7159.0
7187.1
7238.4
7409.6
8065.8
8641.5
8746.5
8778.0
8851.4
8954.3
8964.6
9098.2
9266.9
9490.3
9602.0
9701.7
10042.6
10353.7
10384.1
10417.8
10694.4
10945.2
11014.5
11342.2
11355.7
11726.6
11767.7
11828.3
11887.3
12967.9
12988.6
12992.7
13360.9
13627.4
13921.1
14222.2
14261.1
14488.3
14539.8
14708.8
14839.2
14982.8
14994.5
15526.9
15821.5
15867.5
15877.6
16043.3
16117.7
16224.5
16667.2
16679.9
17094.4
17331.0
17336.4
17402.8
17585.9
17810.1
17841.6
17954.7
17988.0
18172.0
18506.8
18619.8
18952.0
19268.0
19420.2
19539.0
19781.7
20043.6
20410.0
20463.0
20560.5
20649.4
20753.5
20981.4
21113.5
21161.5
21316.2
21400.7
21663.5
22285.3
22322.0
22669.4
22733.7
22754.9
