179.0
994.2
1105.2
1234.2
1875.9
3078.5
3144.5
3301.3
3331.1
3469.9
3827.7
3863.6
4159.3
4168.8
4375.8
4721.6
4917.2
4949.7
5618.4
5789.4
6197.0
6346.2
6433.1
6618.6
6664.6
6754.3
6872.5
7489.2
7638.4
7708.6
8391.9
8416.2
8482.9
8793.9
8817.9
8935.8
9431.7
9510.5
9783.4
10177.5
10437.4
10491.5
10592.3
10641.9
11007.2
11217.4
11294.1
11370.3
11423.7
11474.8
11921.6
12117.2
12195.4
12205.0
12409.9
12484.7
12833.1
12955.8
12995.7
13530.8
13574.0
13588.3
14317.9
15100.1
15227.3
15418.9
15504.1
15772.1
16071.3
16099.8
16287.4
16317.2
16590.2
16680.5
16796.9
16885.0
16890.7
16993.4
17276.3
17294.6
17760.3
18188.1
18309.1
18884.0
19572.6
19802.4
20405.7
20547.4
20711.5
20719.2
21183.4
21313.8
21815.8
22432.1
22802.5
22840.8
