674.0
715.0
824.8
920.9
1137.8
1502.0
1557.9
1951.9
1991.3
2571.1
2617.5
2816.7
2868.6
2954.7
3234.3
3263.2
3438.1
3467.4
3470.8
3501.8
3691.6
3727.1
3798.3
3872.1
4088.4
4215.0
4290.5
4503.1
4863.4
5193.2
5197.9
5785.7
5954.6
6542.3
6543.3
6566.7
6690.1
6965.1
7137.3
7185.7
7512.8
7654.0
8129.6
8139.0
8240.5
8470.2
8623.7
9001.7
9356.6
9601.3
9708.8
10077.0
10166.1
10368.1
10474.7
11190.9
11385.8
11538.5
11743.8
12649.6
12949.9
13026.6
13116.7
13250.5
13339.9
13434.7
13485.0
13632.5
14086.6
14205.5
14291.4
14396.0
14651.3
14674.9
15131.1
15184.9
15276.3
15339.1
15383.9
15388.5
15567.6
15855.2
15881.2
16200.5
16326.1
16622.6
17521.6
17635.0
17705.7
18246.3
18318.1
18353.1
18378.4
18619.3
18756.8
18898.7
19183.2
19203.6
19532.6
19746.5
20019.7
20021.1
20413.2
20503.1
20576.7
20620.5
21237.7
21341.8
21345.8
21667.0
22058.1
22629.7
