352.2
372.0
404.8
1005.0
1111.0
1239.3
1333.5
1385.7
1636.8
1662.6
2080.5
2131.7
2152.4
2194.4
2372.8
2396.0
2548.9
2958.3
3098.2
3128.4
3191.9
3465.3
3508.5
3548.6
3764.9
3859.7
3884.9
4000.3
4180.4
4278.5
4524.6
4738.0
4867.5
5087.0
5623.0
5646.3
5723.3
6251.8
6594.4
6677.2
6709.6
7115.9
7175.4
7411.9
7579.9
7648.2
7773.5
8667.4
9301.0
9335.8
9347.3
9438.0
9664.2
9782.2
10001.1
10099.7
10258.5
11073.5
11265.8
11361.0
12078.3
12471.4
12481.6
12496.9
12653.2
12885.2
13614.0
13618.2
13756.1
13765.6
14240.9
14787.1
15275.3
15346.5
15543.5
15786.3
15999.4
16136.8
16356.3
16719.3
17165.4
17536.4
17585.9
17819.7
19156.6
19184.7
19506.0
19590.8
19790.5
20096.3
20114.0
20332.4
20379.3
20449.0
20466.8
20606.0
20736.9
21126.9
21189.2
21211.2
21340.5
21481.0
21831.9
21905.9
21954.1
21957.9
22294.1
22416.5
22716.2
22741.7
22786.0
22930.8
