74.1
109.9
405.2
683.2
745.7
786.8
904.6
1324.2
1368.6
1533.8
1681.4
2269.2
2690.9
2717.6
2741.1
2756.4
3274.1
3294.2
3310.1
3454.8
3565.9
3596.7
4440.6
4550.0
4557.6
4706.4
4744.1
4755.6
5060.5
5118.7
5136.1
5138.0
5139.8
5160.3
5218.3
5527.3
6163.8
6382.9
6428.3
6491.7
6739.5
6927.3
7506.4
7668.6
7828.8
7920.8
8090.7
8210.5
8416.4
8955.5
8958.6
8990.8
9323.0
9698.6
9762.5
9882.8
10029.2
10181.6
10359.8
10738.4
11391.9
11439.7
11578.0
11618.5
11668.7
11760.5
11865.7
12051.5
12459.2
12484.4
12532.4
12620.6
13106.9
13236.8
13310.7
13773.5
14020.2
14676.6
15041.8
15200.3
15445.2
15664.0
15869.8
15893.5
16064.7
16149.9
17279.0
17628.4
17682.9
17977.3
18111.9
18139.2
18621.8
18804.5
18892.6
18921.0
19045.6
19241.7
19357.9
19717.9
19823.8
19834.2
20364.7
20437.7
20528.2
20600.2
20623.8
20747.6
21179.7
21222.5
22035.4
22113.5
22196.9
22599.3
22821.8
22865.1
22994.3
