160.7
587.7
938.7
984.1
1594.6
1671.3
2075.4
2184.9
2677.3
2706.6
2824.6
2897.7
3170.7
3172.9
4066.5
4216.3
4256.1
4277.2
4411.4
4469.3
4534.2
4742.2
4770.4
4961.5
5084.2
5295.7
5350.7
5838.0
6066.9
6398.4
6599.7
6878.9
6900.7
7174.7
7189.7
7301.2
7440.8
7570.0
7929.6
8404.6
8506.0
9474.2
10189.0
10532.7
10618.8
10628.1
10908.8
11216.1
11458.1
11573.8
11634.4
11692.8
12115.0
12159.5
12180.5
12386.2
12457.7
12928.9
13265.0
13378.3
13574.2
13658.1
13961.6
14113.8
14395.3
14459.3
14710.3
14806.0
15106.2
15251.8
15433.6
15487.0
16383.6
16576.4
16579.4
16651.8
16674.1
16730.2
16787.0
17149.4
17154.8
17211.9
17376.3
17414.8
17834.1
17865.9
18324.8
18397.3
18500.7
18644.9
18789.0
18875.5
18937.6
19341.4
19404.4
19718.1
19847.8
20019.9
20247.7
20280.0
20383.6
20417.2
20432.5
20885.0
20917.3
21077.6
21110.9
21193.7
21444.7
21817.8
21983.1
22312.8
22411.5
22881.0
