1174.0
1352.6
1618.9
1755.8
1763.8
2344.8
2464.4
2532.2
2788.0
2919.2
2961.5
4116.7
4174.5
4311.0
4395.8
5176.5
5519.7
5577.0
5601.8
5824.9
5916.6
6001.2
6057.0
6249.0
6322.3
6510.9
6666.9
6778.6
6984.0
7179.6
7220.6
8194.9
8288.0
8328.0
8389.4
8406.3
8547.7
8569.3
9033.0
9100.6
9421.4
9907.7
9937.1
9960.6
10356.9
10431.9
10491.1
10918.3
11135.4
11181.1
11183.4
11205.9
11738.5
12007.8
12472.7
12690.1
12867.5
12914.5
12926.4
13387.0
13438.8
13618.6
13672.5
13753.1
13847.9
14032.1
14115.0
14430.2
15050.8
15096.7
15162.2
15323.8
15587.0
15893.8
16154.4
16185.2
16195.1
16928.1
16977.3
17023.9
17847.0
18064.8
18184.7
18501.0
18565.0
19139.4
19407.6
19481.7
19724.8
19761.0
19918.0
20039.8
20125.1
20156.6
20303.5
20325.1
20425.4
20469.0
20568.5
20832.7
20889.9
21181.7
21380.2
21418.5
21529.2
21603.1
21703.2
21864.3
21969.4
22061.3
22570.6
22612.3
22870.7
22989.9
