199.0
227.8
555.4
770.5
781.2
919.2
1033.3
1143.5
1174.5
1672.8
1737.9
1772.2
1782.6
2467.9
2627.1
3589.7
4045.7
4126.6
4194.1
4245.3
4324.3
4364.1
4706.5
4915.5
5416.3
5673.9
5712.1
5714.5
5721.1
6265.9
6525.8
6823.9
7153.9
7419.8
7725.5
8235.8
8460.9
8749.7
9911.2
9938.7
10651.5
10789.5
11108.6
11315.9
11615.5
11721.3
11808.5
12167.3
12197.0
12208.6
12562.5
12580.8
12702.5
12906.0
12955.8
13013.4
13166.3
13328.6
13351.2
13476.6
13528.6
13656.6
13670.1
13824.7
14092.8
14094.2
14337.6
14615.3
14872.5
15017.8
15173.0
15186.5
15499.3
15567.8
15702.5
15863.4
15914.1
16130.0
16619.9
17043.6
17283.1
17300.0
17531.4
18067.9
18461.3
18552.6
18640.5
18766.9
18786.1
18948.3
19022.6
19480.8
19686.4
19710.0
19724.7
19878.6
20082.2
20192.9
20231.1
20361.6
20511.5
21826.1
21923.9
22032.7
22211.3
22611.1
