78.4
166.8
207.6
257.7
928.9
1059.4
1062.3
1189.9
1252.5
1278.6
1605.7
1791.9
2001.8
2464.5
2674.3
3239.0
3359.1
3767.2
3805.3
4078.0
4672.4
4775.2
4989.7
5319.0
5763.9
5872.7
6089.5
6260.2
6317.8
6336.8
6609.6
6630.7
6698.2
6906.4
6960.0
6971.4
7378.9
7466.9
7635.8
7737.6
7934.9
7977.2
8170.6
8215.1
8355.5
8502.8
8502.9
8583.9
8886.8
9150.0
9339.5
9565.4
9589.2
9610.1
9735.3
9739.6
10151.5
10207.0
10407.6
10703.0
10947.2
11051.8
11257.1
11410.9
11654.8
11697.8
11714.0
11769.7
11808.4
12262.8
12320.8
12354.9
12367.8
12434.7
12831.5
12873.0
12898.6
13045.0
13047.5
13062.5
13501.8
13726.4
13956.1
14143.7
14363.2
14414.0
14468.8
14479.1
14744.9
14925.5
15346.0
15575.1
15633.0
15864.0
15886.5
15968.2
16067.9
16285.2
16413.2
16542.7
16632.1
16988.3
17351.7
17467.8
17611.0
17645.2
17788.9
17966.6
17988.1
18161.7
18169.0
18301.7
18572.4
18635.8
18925.0
19198.7
19232.8
19306.7
19382.6
19459.0
20003.5
20067.1
20096.1
20256.3
20942.1
21233.3
21394.3
21591.5
21657.0
22252.9
22836.6
22930.4
22980.0
