22.5
360.0
556.2
1099.0
1365.3
1922.5
1958.4
2031.4
2150.0
2674.5
2873.9
2959.1
3148.1
3204.9
3650.9
3758.8
3802.0
3814.7
4333.5
4634.2
4641.4
5178.1
5216.9
5292.0
5449.8
5495.1
5599.2
5807.2
5935.3
5970.3
6032.4
6099.4
6128.7
6561.2
6582.8
6591.6
6676.5
6727.1
7013.7
7119.4
7159.4
7606.5
8041.3
8397.4
8641.7
9171.4
9373.6
9488.9
9634.5
9636.0
9853.9
9895.5
9933.7
10746.4
10774.8
10866.3
10934.7
11257.5
11272.2
11382.9
11415.7
11676.0
12267.4
12435.8
12437.5
12689.4
12770.1
13442.6
13694.6
14149.0
14255.6
14270.1
14613.8
14703.3
14945.5
15122.9
15206.8
15952.9
16049.1
16335.6
16411.0
16540.5
16556.4
17406.7
17529.3
17535.2
17550.1
17613.4
17679.0
17747.8
17761.8
17777.9
17971.3
18056.0
18436.1
18640.4
18681.3
18761.9
18811.6
19197.6
19440.7
19622.0
19948.3
20052.3
20275.2
20354.7
20549.5
20799.7
20921.9
21181.9
21293.3
21565.4
21803.2
21897.2
22076.0
22154.1
22285.3
22368.3
22527.8
22648.7
22808.8
