329.8
535.4
745.7
1205.6
1319.2
1511.3
1518.0
1568.2
1988.6
2032.5
2094.4
2185.4
2291.8
2708.7
3143.8
3347.9
3827.8
3932.1
4029.4
4162.2
4312.1
4337.8
4350.3
4370.2
4554.1
4559.2
4579.4
4832.5
4836.6
4972.7
5071.8
5251.6
5512.4
5688.7
5723.2
5762.7
5976.9
6006.0
6861.0
7013.8
7086.7
7440.5
7969.9
8251.1
8271.4
8733.0
8930.5
8979.5
9088.1
9441.0
9667.9
9820.7
9987.9
10728.2
10805.9
11104.1
11104.4
11287.6
11518.9
11533.5
12025.7
12148.5
12303.2
12633.6
12789.2
12823.5
12903.1
12979.0
13889.7
13941.7
13970.2
14057.5
14172.8
14288.5
14299.4
14336.6
14378.3
14805.7
14846.5
15126.0
15198.2
15217.5
16258.6
16272.2
16512.2
16925.2
17102.0
17177.9
17303.6
17305.5
17330.2
17505.8
17658.9
17970.6
18050.8
18102.9
18480.8
18487.1
18666.1
18705.2
18973.0
19006.1
19028.9
19069.2
19144.9
19225.4
19552.8
19584.1
19664.1
19853.9
19917.3
20322.8
20837.2
20937.9
20952.5
21094.5
21310.5
21378.6
21463.7
21664.6
21695.2
21796.3
21885.0
22389.2
22946.1
