63.1
88.5
221.1
305.9
350.7
508.3
868.8
1140.8
1671.3
1760.8
1967.4
2083.6
2361.8
3026.9
3082.7
3089.9
3210.5
3276.6
3888.3
4017.9
4134.6
4346.1
4387.6
4555.4
4585.5
4779.2
4828.3
4975.5
5285.3
5411.8
5447.5
5555.3
5785.8
5838.9
6126.9
6161.8
6401.1
6490.5
7207.8
7259.6
7281.6
7288.0
7368.9
7425.0
7576.1
7639.3
7694.9
7704.8
7969.1
8085.2
8393.9
8723.4
8789.4
9429.8
9464.7
9576.7
9612.5
9867.8
10018.0
10098.5
10298.1
10309.6
10647.4
10918.3
10960.1
10984.7
11380.3
11383.6
11509.0
11807.0
12110.8
12320.6
12338.2
12624.7
12853.0
12869.6
13033.8
13050.4
13330.9
13566.6
13575.5
14257.8
14393.3
14464.8
14639.8
14680.3
15022.3
15205.4
15266.4
15348.1
15385.1
15697.3
15809.8
15810.9
16480.5
16544.1
16627.8
17117.8
17339.9
17535.2
17658.9
17708.0
17950.0
18134.0
18463.3
18835.6
19141.9
19148.5
19221.6
19258.7
19370.6
19593.0
19623.0
19869.9
20016.7
20126.4
20528.5
20753.3
20908.5
21223.7
21378.3
21381.9
21459.4
21596.7
21624.8
21638.0
21641.4
21808.0
21876.8
21966.3
22184.8
22430.7
22432.8
22808.9
22852.5
