107.1
241.9
327.7
455.8
598.3
601.7
880.8
906.8
1540.0
1772.8
1848.5
2016.1
2081.8
2218.6
2257.5
2884.3
2979.3
3090.7
3272.9
3500.2
4224.7
4282.0
4659.4
4698.8
4814.2
4832.3
5037.8
5441.5
5567.9
5626.5
5724.2
5747.1
5794.7
5933.9
5980.1
6000.0
6315.5
6524.4
6645.1
6750.7
7097.7
7123.3
7444.7
7608.2
8005.2
8240.8
8400.4
8614.8
8807.9
8932.6
9154.7
9537.3
10016.7
10100.3
10133.9
10191.6
10523.7
10926.9
10972.8
10987.3
11301.5
11337.6
11667.1
11855.4
11881.9
12253.9
12273.3
12399.9
12503.6
12638.1
12721.2
12772.2
13159.2
13227.6
13339.4
13356.3
13529.6
13726.3
13866.9
13913.2
14839.9
15100.4
15223.3
15318.0
15448.1
15828.8
15916.9
16008.4
16137.1
16183.8
16391.2
16470.0
16506.4
16563.6
16737.8
17600.3
17673.2
17683.5
18227.1
18442.8
18524.8
18818.0
19184.8
19464.1
20126.0
20199.8
20528.8
20815.3
20978.6
21034.6
21135.0
21517.5
21551.6
21959.7
22231.9
22270.5
22377.8
22482.7
22562.0
22664.2
22697.6
22871.3
