170.0
558.7
784.9
1504.5
1715.4
1796.8
1849.1
2053.0
2534.5
2562.7
2588.0
2653.3
2664.8
3498.0
3903.1
4076.9
4631.2
4784.7
5160.5
5169.2
5434.4
5619.7
5720.3
5722.3
5844.8
5850.6
5877.4
5878.6
6245.7
6406.8
6535.0
6660.5
7568.5
8201.5
9192.9
9426.6
9566.5
9935.1
10858.1
11452.4
11460.0
11503.4
11571.6
11972.9
12703.8
12766.9
13182.0
13310.2
13374.0
13448.7
13871.8
13915.4
13995.7
14043.8
14128.0
14130.7
14223.1
15140.6
15293.1
15328.5
15782.0
16092.3
16173.3
16666.1
16833.4
16861.8
17488.8
17508.6
17593.9
18393.3
18452.0
18746.6
19408.4
19514.9
19691.8
19947.8
20072.1
20101.4
20629.4
20632.6
20720.2
20814.5
20819.4
20885.0
21099.4
21156.6
21398.4
21675.3
21849.0
22014.2
22232.2
22418.7
22726.3
22778.0
22862.2
