86.4
253.3
409.1
415.7
444.7
879.5
921.7
977.3
1875.4
2094.6
2235.8
2491.7
2585.3
2812.7
2852.1
3309.5
3348.7
3427.2
3583.7
3818.0
3828.8
4173.5
4186.5
4205.1
4265.9
5229.9
5283.4
5519.6
5674.6
5962.1
6052.4
6093.1
6314.7
6650.8
6944.6
7123.1
7407.9
7479.2
7528.9
7620.7
7662.1
7717.5
7758.0
7791.8
7836.0
7939.2
8608.5
8649.2
8666.9
9413.5
9530.5
9949.5
10062.6
10384.3
10590.2
10959.6
11051.9
11264.9
11344.0
11617.5
11663.4
12045.8
12187.3
12331.4
12638.0
12730.1
12819.9
12864.0
13085.0
13132.5
13456.7
13519.6
13875.5
14078.0
14087.9
14277.9
14348.0
14784.4
14841.1
15237.8
15346.7
15366.1
15787.5
15919.9
16578.3
16598.1
16633.0
16799.3
16862.5
16961.9
17008.3
17694.7
17784.0
17989.7
18662.5
18800.3
19046.4
19048.4
19214.9
19417.2
19669.4
19694.6
20284.3
20565.1
20755.4
20952.2
21318.8
21375.5
21417.5
21427.2
21773.5
21987.0
22040.2
22083.0
22443.4
22630.2
22696.6
