104.4
408.8
707.6
1197.0
1351.9
1561.3
1676.2
1777.5
1839.7
1921.4
1947.5
2262.5
2468.5
2507.1
2647.0
2934.6
3345.3
3717.1
3855.6
3981.3
4010.2
4074.9
4118.6
4157.1
4160.2
4538.4
4625.1
4916.1
4964.6
5039.6
5137.4
5252.2
5279.6
5547.5
5616.4
5946.1
6083.1
6506.5
6856.3
7380.0
8162.9
8319.3
8495.4
8676.8
8828.5
8892.3
8944.9
9091.3
9232.1
9425.8
9576.7
9593.9
9720.5
9738.5
9860.2
10288.6
10484.2
10593.6
10707.2
11080.5
11337.2
11455.7
11558.9
11750.0
11814.1
12366.4
12555.4
13778.5
13971.3
14248.4
14712.4
15083.1
15166.0
15176.1
15178.9
15282.1
15637.0
15793.7
15922.3
16256.3
16462.8
16691.2
16819.5
17250.6
17358.1
17445.0
17497.6
17636.7
18366.4
18474.1
18519.9
18615.0
18910.4
19047.5
19410.3
19489.0
19500.8
19776.9
20192.2
20317.2
20346.3
20727.5
20910.0
20994.7
21076.6
21460.9
21650.5
21899.8
21911.7
21949.3
22081.2
22170.4
22242.2
22433.2
22527.4
22635.1
22700.8
22856.0
22910.4
