70.9
117.4
575.6
1338.5
1462.1
1555.5
2558.3
2713.0
2770.6
2837.9
2993.8
2998.4
3131.7
3296.1
3552.3
3591.8
3876.7
4090.5
4163.7
4194.3
4246.9
4705.9
4902.0
5185.3
6397.2
6508.3
6668.9
6868.1
6869.2
7011.3
7094.3
7110.4
7153.4
7513.5
7781.0
8025.2
8066.9
8187.1
8378.0
8541.8
8546.9
8566.2
8703.1
8737.1
8806.9
8878.4
8918.1
9691.1
9726.5
9753.9
9868.4
10362.1
10452.8
10825.3
10930.0
10972.3
11075.8
11754.2
11840.5
11896.6
11910.2
12027.8
12167.6
12321.3
12502.3
12516.2
12624.5
12646.3
12778.9
12832.8
12973.7
13180.1
13310.3
13352.5
13372.6
13649.6
13665.2
13787.7
13882.9
14193.5
14780.5
15021.6
15039.6
15560.8
15602.8
15607.6
15726.7
15864.9
15917.3
15972.3
16076.5
16289.1
16533.5
16807.1
17453.7
17752.2
17919.4
18400.9
18559.8
18686.1
18805.1
19006.4
19158.5
19272.6
19559.8
19886.1
20126.6
20380.2
20441.4
20520.5
20695.7
20725.5
20740.6
20829.4
20894.2
21305.6
21595.7
21820.0
22075.9
22755.4
22816.7
