153.2
330.8
339.0
1279.8
1443.8
2062.0
2462.0
3003.5
3250.9
3440.8
3533.0
3785.8
4687.4
4751.0
4903.5
4982.6
5148.9
5227.6
5279.8
5412.2
5531.1
5559.8
5563.7
5661.1
6029.2
6315.9
6722.9
6835.7
7405.4
7422.5
7866.1
8207.0
8315.6
8323.3
8590.3
8948.1
9194.9
9353.5
9494.2
9709.1
9898.1
10038.4
10060.4
10102.4
10239.3
11364.5
11430.1
11478.8
11600.3
12104.9
12248.6
12691.0
12743.0
13350.3
13602.9
13913.1
13956.6
13959.3
14365.2
14709.3
14844.1
14948.4
14986.6
15108.6
15163.2
15276.4
15289.4
15313.5
15589.2
15668.7
15808.5
15888.6
15902.9
15922.6
16048.5
16135.8
16361.7
16455.9
16488.0
16653.0
16882.7
17362.5
17577.2
17990.6
18047.0
18082.7
18835.4
19032.8
19547.2
20165.7
20271.7
20407.8
20600.6
20643.3
20971.4
21219.6
21803.3
22028.1
22366.3
22478.0
22750.5
22751.7
22999.9
