558.3
889.1
889.8
902.7
1185.0
1215.8
1457.3
1580.4
1792.0
1814.3
1909.8
2063.4
2330.3
2491.3
2598.3
2613.8
2692.1
3153.7
3378.4
3796.9
3953.8
3995.6
4065.3
4269.5
4373.6
4441.2
4619.3
5039.6
5066.4
5300.2
5345.9
5618.1
5906.9
5975.4
5986.3
6141.7
6420.6
6586.9
6697.3
6814.1
6991.4
7155.3
7248.3
7502.7
7659.8
7935.2
8293.8
8479.2
8621.2
9462.7
9639.4
9669.5
10693.4
10819.8
10907.7
11071.8
11082.8
11317.0
11470.4
11612.3
11636.1
11783.1
12259.5
12319.8
12523.9
12783.4
12951.6
12964.5
13082.5
13176.1
13489.5
13698.7
13720.2
14137.4
14287.3
14291.9
14671.2
14864.4
15020.4
15561.0
15653.5
16026.3
16217.4
16599.3
16658.3
16666.8
17071.5
17093.9
17096.1
17311.9
17646.7
17866.2
17896.7
18024.8
18189.4
18203.7
18522.5
18623.3
18797.8
19014.2
19247.3
19315.7
19394.3
19568.2
19765.9
20118.9
20208.0
20237.8
20283.8
20655.8
21405.7
21518.3
22026.4
22093.1
22141.3
22362.8
22516.4
22520.9
22578.0
22607.8
22838.0
