94.3
113.8
330.8
397.0
756.9
944.8
1075.6
1133.8
1157.6
1588.1
1952.0
2031.2
2182.1
2183.4
2590.7
2677.5
2705.3
2715.3
2788.2
2904.9
2977.1
3012.8
3215.0
3792.1
3853.4
3916.9
3972.9
4139.3
4496.7
4528.5
4578.3
4606.7
4875.1
5287.0
5300.7
5515.3
5674.0
5768.7
6192.1
6764.4
6898.7
7069.4
7200.8
7566.5
7766.7
8118.8
8156.5
8165.9
8364.3
8439.6
8463.9
8482.6
8961.4
9266.4
9325.8
9670.4
9695.7
9822.1
9943.2
9947.8
10477.9
10483.0
10695.3
11024.5
11138.4
11174.5
11442.3
11448.7
11566.7
11734.7
11763.9
11797.8
12011.2
12564.4
12728.1
12886.8
13061.6
13266.3
13485.6
13593.8
13597.3
14280.7
14281.9
14344.3
14361.7
14650.9
14693.8
15199.8
15217.0
15378.9
15624.2
15680.2
15712.8
15739.5
16547.6
16728.0
17152.2
17578.3
17983.1
18096.9
18102.0
18948.7
19188.9
19208.6
19493.8
19514.6
19595.0
19622.1
19767.6
19834.9
19860.2
19935.2
19980.0
20049.5
20194.4
20273.8
20439.5
20554.2
20705.8
20754.0
20755.0
20772.0
20994.6
21058.7
21416.3
21772.1
22101.4
22279.9
22282.7
22378.4
22386.3
22718.8
