159.5
520.4
529.4
1010.9
1253.7
1421.1
1757.3
2080.0
2087.1
2135.0
2202.1
2225.6
2442.2
2472.0
2483.0
2557.1
2775.6
2911.9
3317.3
3436.0
3866.0
4023.3
4135.8
4281.0
4282.0
4294.6
4335.2
4626.2
4852.6
4944.6
4967.4
5219.4
5320.2
6548.9
6653.2
6655.9
6692.6
7085.2
7137.1
7423.3
7935.7
8542.8
9133.4
9225.3
9363.4
9618.7
9717.0
9733.8
9787.5
10342.0
10410.3
10500.1
10541.2
10633.5
10691.6
10776.6
10816.5
10840.7
10884.4
10983.8
11092.0
11105.0
11527.3
11538.8
12088.3
12893.0
12998.6
13082.9
13118.7
13292.3
13340.6
14032.9
14169.8
14198.3
14203.1
14560.4
14750.6
14994.8
15196.8
15249.5
15301.1
15404.9
15508.1
15514.3
15525.0
15554.1
15975.5
16078.4
16203.7
16261.1
16387.5
16780.2
16926.3
17078.2
17097.3
17162.1
17192.9
17249.4
17434.3
17941.5
18163.5
18249.5
18285.5
18638.8
18770.2
19209.2
19476.2
19613.4
20342.2
20606.8
20654.3
20702.1
20733.4
20862.3
20874.0
21265.1
21380.4
21529.4
21753.1
21830.0
21973.1
22178.2
22320.9
22433.5
22718.1
22950.6
