288.0
312.6
1224.3
1388.9
1539.0
1767.2
2500.6
2653.9
2943.6
3632.0
3636.4
4088.7
4175.8
4833.5
4862.0
4940.9
5136.7
5256.6
5310.3
5386.7
5416.2
5611.0
6666.6
6720.2
6797.4
6918.8
6927.3
6967.0
7004.0
7271.2
7409.1
7677.7
7876.2
7888.3
8762.5
8770.0
8961.1
8980.6
9186.6
9234.0
9881.9
9902.5
9941.8
10105.6
10344.3
10671.7
10743.4
10887.6
11017.1
11742.0
11840.5
11886.3
13175.3
13259.4
13277.0
13282.5
13492.8
13512.6
13544.8
13620.8
13863.0
13879.3
14071.8
14112.9
14248.2
14325.4
14366.0
14788.2
15275.5
15316.7
15583.1
15635.7
15868.0
16011.6
16020.5
16100.9
16369.3
16435.5
16858.2
17045.6
17090.1
17776.6
18069.6
18153.2
18183.5
18414.2
18419.3
18528.5
18643.0
18825.3
19016.6
19146.7
19176.2
19212.1
19367.6
19658.3
19897.2
20066.9
20281.9
20304.5
20317.9
20352.5
20676.5
20768.2
21317.5
21422.5
21815.6
21902.3
21964.5
22138.0
22528.8
22613.0
22624.5
22630.7
22707.2
22949.4
