653.8
1183.2
1255.7
1514.9
1562.7
1954.8
2159.8
2666.7
2874.0
3281.3
3610.3
3857.4
3931.8
4342.5
4399.1
4613.3
5110.5
5346.9
5430.8
5519.0
5756.9
5878.8
5952.8
6003.3
6800.6
6894.9
7655.9
7907.0
8026.9
8211.7
8307.1
8694.0
8943.1
9338.7
9485.3
9492.6
9700.2
10096.6
10452.2
10513.4
10657.8
10753.3
10802.4
10940.6
10996.8
11179.2
11430.9
11649.6
11691.7
11704.1
11752.8
11797.7
11990.7
12381.4
12389.2
12550.2
12638.6
12652.1
13567.6
13911.7
14329.6
14376.8
14386.6
14525.0
15220.0
15544.6
15690.0
15981.3
16213.7
16689.8
16970.7
17261.9
17279.5
17471.9
17562.5
17632.0
17638.4
17804.3
17828.1
17936.8
18292.1
18380.0
18501.2
18640.9
18651.2
18700.6
18978.0
19067.0
19166.7
19349.3
19439.3
19582.8
19593.8
19687.5
19944.5
20616.9
20860.6
20931.9
20951.2
21124.9
21633.9
21782.5
21955.3
21989.4
22075.3
22128.6
22312.6
22528.0
22597.6
