168.3
196.1
420.2
428.2
586.2
741.8
778.9
1604.3
1735.1
2541.1
2822.8
2882.0
2907.4
2919.8
2956.5
3451.7
3728.8
4439.1
4598.2
4692.3
4702.9
4713.7
5051.7
5115.0
5528.2
5708.0
6399.6
6692.4
7437.3
7612.2
7661.7
8291.5
8457.5
8618.2
8728.7
8759.0
8853.6
9124.1
9263.8
9352.4
9434.2
10065.6
10117.6
10248.0
10349.3
10487.5
10533.9
10717.5
10820.0
10826.3
11613.6
11650.5
11812.1
12422.7
13030.8
13276.0
13303.1
13654.5
13853.7
14366.4
14505.4
14817.0
15374.2
15693.4
15869.8
15947.6
16111.0
16422.9
16587.8
16608.7
16667.1
17239.3
17413.2
17630.6
17700.7
17703.4
17804.1
17826.6
17871.9
18027.2
18109.3
18367.5
18380.4
18383.7
18686.2
18688.1
18845.9
18973.0
19149.3
19242.0
19507.4
20072.1
20988.4
21062.7
21537.2
21556.5
21782.7
22059.7
22182.5
22259.7
22844.3
22961.3
