80.5
362.4
858.3
1049.9
1230.8
1353.7
1787.8
2409.1
2596.0
2635.8
2679.6
3319.9
3351.0
3526.0
3573.8
3602.1
3634.1
3775.0
3873.5
4483.9
4749.1
4845.3
5282.5
5377.2
5882.3
5896.5
5936.7
5990.9
6135.2
6494.6
6787.8
7067.1
7079.9
7095.7
7282.7
7861.5
7949.6
8047.5
8302.2
8555.8
8679.9
8754.1
8817.1
8860.4
9081.1
9128.3
9914.9
10317.9
10424.3
10485.1
10666.7
10675.1
10848.2
10947.7
11123.0
11156.3
11270.7
11279.5
11280.0
11371.0
11604.3
11632.4
11798.8
11890.7
12356.6
12766.0
12941.9
13134.2
13333.7
13583.2
13699.4
13902.0
13965.8
14037.7
14127.9
14145.0
14203.1
14715.4
15157.4
15502.8
16015.3
16730.2
16847.6
17315.1
17640.0
17741.9
17934.1
18365.4
18389.8
18827.5
18879.0
18941.7
19279.7
19373.0
19623.7
20048.3
20130.9
20162.8
20549.6
20609.1
20692.8
20748.0
20851.8
20928.5
21021.3
21166.6
21282.5
21799.5
22310.6
22351.6
22524.9
22526.5
22536.2
22561.3
22621.2
22849.4
22909.3
