1.8
139.9
265.4
322.6
445.7
634.7
676.5
804.6
824.8
1109.1
1404.5
1453.4
1581.5
1620.3
1794.4
1955.9
1994.6
2071.9
2246.2
2477.2
2703.4
3439.5
3492.0
3631.0
4638.0
4813.0
4888.6
4963.0
5191.3
5312.5
5370.2
5740.9
6192.0
6296.5
6630.7
6996.4
7219.9
7259.0
7355.2
7544.6
7682.0
7887.4
8114.2
8227.9
8273.2
9400.0
9596.6
10066.9
11163.5
11624.4
11858.5
12049.4
12280.2
12355.5
12607.6
13106.0
13297.7
13306.9
13525.5
14444.0
14660.5
14714.3
14891.0
14967.6
15153.0
15157.3
15748.6
15766.3
15915.9
16406.1
17463.2
17904.5
18137.2
18185.6
18296.7
18945.6
19089.9
19653.5
19672.3
20066.7
20098.3
20881.7
20970.7
21102.2
21280.0
21851.2
22272.8
22457.9
22553.4
22767.2
22830.3
