107.9
120.6
643.2
1181.8
2245.2
2278.4
2300.9
2723.3
2879.6
3177.4
4083.2
4903.9
5632.1
6006.9
6075.2
6783.8
6801.4
7316.3
7318.5
7520.3
8144.4
8207.9
8255.5
8342.6
8769.4
8826.5
9185.7
9376.9
9689.7
9926.8
9954.1
10255.1
10577.7
10738.1
11223.6
11532.2
11569.3
12290.2
12414.3
12502.7
12507.9
12509.0
12523.2
12823.8
12915.7
12968.5
13141.2
13219.0
13482.5
13489.7
13983.4
14140.5
15280.5
15305.1
15348.1
15411.9
15628.1
15953.4
16194.6
16471.4
16589.9
16622.5
16635.5
16650.3
16886.9
16953.4
16973.6
17031.0
17068.7
17084.4
17087.2
17476.3
17744.7
17984.7
18184.2
18366.5
18452.0
18520.5
18634.6
18755.9
19149.8
19317.4
19321.5
19539.2
19562.4
19785.7
19876.9
20036.8
20536.3
21078.0
21207.1
21316.1
21370.8
21745.6
22193.4
22761.7
22851.4
22979.5
22981.6
