54.5
303.2
317.4
379.4
519.2
637.7
655.4
1098.3
1108.2
1141.2
1486.9
1619.0
1699.3
1799.3
2024.9
2245.2
2416.4
2726.1
2852.4
3561.0
4531.6
4786.7
4898.5
4995.1
6667.2
7182.1
7232.9
7264.2
7331.3
7349.3
7914.7
7964.6
8890.2
9353.1
9388.0
9476.3
9486.8
9493.2
9773.7
10051.1
10157.2
10248.7
10288.8
10642.9
10677.3
10701.0
11309.9
11902.1
12037.0
12292.9
12335.3
12361.3
12858.1
12942.0
12952.9
13524.9
13871.3
14337.2
14423.7
14541.2
14616.7
14635.5
14834.7
15000.5
15016.5
15058.1
15247.2
15364.3
15444.6
15929.7
16582.4
17085.4
17620.6
18157.0
18162.3
18265.5
18532.9
19129.7
19195.2
19244.9
19292.6
19483.4
19533.1
19590.1
19725.2
19894.9
19924.7
19952.7
20022.4
20518.2
20618.0
20624.7
20852.1
20912.0
21089.8
21122.1
21325.8
21494.1
21626.6
21802.4
22039.5
22596.9
22620.1
22763.5
