50.9
407.9
478.3
688.6
759.7
1232.2
2149.5
2279.9
2508.2
2562.8
2705.8
3538.6
3608.2
3907.9
4463.3
4536.3
4637.9
4853.4
5225.7
5620.0
5738.4
5825.8
6056.4
6307.6
6552.6
6673.9
7184.9
7235.2
7378.9
7587.2
8131.8
8752.3
9203.4
9411.2
9438.9
9785.6
9845.8
10142.8
10258.0
10400.5
10402.6
10636.5
11284.6
11493.6
11576.1
11731.1
11928.4
12939.3
13030.6
13073.0
13830.1
14035.9
14326.0
14409.4
14494.2
14556.9
14601.1
14934.1
15183.1
15204.1
15627.2
16413.6
16448.1
16543.3
16789.3
17085.7
17215.3
17283.9
17734.1
18104.7
18115.1
18602.6
18635.4
18702.2
18866.9
18874.1
19523.0
19803.3
19888.2
20930.3
20961.3
21249.1
21570.3
21991.4
22484.9
22865.8
