12.2
411.9
664.5
720.5
872.3
1113.1
1560.6
1570.6
1835.3
2267.7
2297.1
2371.9
2440.2
2480.7
2647.3
2661.4
2820.1
2983.7
3196.4
3340.7
3478.8
3976.8
4060.1
4074.1
4395.1
4820.4
5337.6
5686.7
5893.6
6007.8
6259.3
6335.0
6432.9
6881.8
6897.3
7137.7
7403.0
8081.6
8141.3
8205.7
8499.2
8661.8
8700.7
8918.7
8947.8
9157.2
9231.2
9276.8
9332.4
9343.8
9598.3
9603.1
9660.4
9719.0
9987.7
10091.9
10105.9
10194.0
10245.1
10466.2
10530.5
10566.2
10581.1
10647.7
10841.7
10878.6
10895.2
11391.0
11402.5
11990.0
11998.5
12517.4
12588.4
12675.2
12678.3
12940.6
13325.0
13401.6
13700.5
14069.4
14546.3
14852.4
15108.4
15300.3
16033.3
16204.2
16306.9
16481.5
16637.2
16736.8
16860.3
16906.3
17017.1
17224.0
17250.0
17467.4
17490.5
17500.5
18093.0
18814.7
18968.6
18978.7
19036.0
19147.2
19425.3
19483.6
19507.7
19623.7
19707.5
19885.1
20072.3
20684.6
20798.7
20961.9
21010.1
21109.8
21204.1
21206.1
21210.7
21460.2
21634.3
22161.8
22495.9
22633.3
22691.5
22972.4
