363.2
460.4
614.1
1117.8
1484.4
1672.9
1851.3
2228.5
2352.7
2403.7
2416.0
2432.1
2459.7
2570.6
3122.9
3189.9
3395.0
3428.1
3526.5
3654.1
3694.3
3791.0
3960.5
4155.5
4513.7
4809.0
5364.3
5392.6
5469.5
5642.7
5765.9
6129.5
6198.2
6217.7
6235.3
6373.1
6380.0
6600.0
6626.3
6630.6
7451.5
7538.6
7696.5
7916.4
8103.3
8200.3
8245.0
8291.3
8366.0
8380.1
8505.6
8702.6
8824.9
8834.0
9109.4
9180.2
9262.8
9274.8
9282.2
9310.0
9346.5
10058.0
10431.7
10454.0
10578.9
10900.7
10928.3
11193.1
11207.5
11237.2
11274.3
11752.6
11775.0
11904.3
11952.7
11953.1
12041.0
12132.6
12555.2
12593.0
12857.9
12974.1
12989.6
12999.3
13254.5
13930.0
13932.2
14151.8
14261.2
14358.9
14524.4
15135.5
15352.8
15375.2
15488.8
15561.6
15771.0
15859.6
16101.4
16112.7
16321.4
16641.0
16700.9
16810.6
16936.3
17064.4
17736.0
18045.9
18087.2
18087.9
18600.4
19091.9
19125.1
19142.5
19412.3
19726.5
19949.4
20023.8
20116.9
20987.7
21324.0
21461.2
21515.0
21590.9
21710.2
22537.2
22567.0
22712.0
22748.2
22812.9
22925.5
22999.5
