499.1
517.8
612.6
960.6
1180.9
1317.7
1503.1
2083.2
2487.1
2516.3
3542.0
3603.5
3734.4
4010.4
4918.7
4983.9
4997.6
5195.6
5244.5
5547.0
6275.0
6365.1
6636.5
6680.6
7328.4
7467.1
7566.8
7654.7
7778.4
8088.8
8207.5
8216.9
8221.3
8291.1
8440.5
8445.3
9213.8
9407.6
9467.2
9586.3
9603.0
9679.3
9808.2
9834.6
10083.4
10455.4
10785.5
10839.4
10874.1
10950.7
11071.6
11236.0
11851.2
12193.9
12335.9
12387.4
12390.1
12562.0
12635.4
12806.6
13053.1
13133.5
13197.5
13294.4
13400.9
13575.7
13590.5
13916.2
14315.1
15003.6
15189.6
15419.2
15850.8
15852.2
15862.3
15868.6
16036.5
16083.4
16219.7
16417.5
16425.6
16532.9
16647.1
16867.6
17113.9
17243.0
17512.0
17694.0
17800.6
19023.4
19054.1
19683.9
19951.6
20367.8
20427.6
20438.8
20552.5
20857.2
20903.8
21065.1
21066.2
21074.6
21593.8
21731.4
21810.8
22319.2
22389.6
22492.1
22558.1
22729.7
22846.0
