18.7
266.2
394.2
600.9
640.4
722.6
940.2
945.9
954.7
1026.5
1067.7
1076.7
1163.9
1215.1
1623.4
1835.0
2020.8
2053.6
2112.7
2135.9
2217.6
2298.7
2305.2
2506.3
2587.8
2786.1
2797.7
2841.4
2850.3
2859.4
3068.6
3162.0
3284.6
3414.6
3416.8
3595.0
3697.5
3718.0
3988.7
4145.8
4760.8
5082.7
5402.3
5959.9
6079.3
6344.2
6424.8
6443.0
6514.3
6813.4
7011.6
7298.8
7384.8
7758.7
7808.2
7831.1
7888.9
7913.0
8014.6
8021.3
8041.0
8174.3
8359.6
8407.2
8581.4
9300.3
10530.4
10586.5
10680.9
10829.6
10931.2
11264.7
11271.6
11354.1
11648.2
11979.8
11997.6
11998.0
12085.5
12233.4
12853.7
13110.3
13137.9
13351.0
13494.9
13527.3
13765.6
14121.0
14636.6
14915.3
15329.8
16176.1
16217.4
16270.9
16431.2
16566.1
16796.9
17025.5
17093.1
17347.5
17460.9
17677.9
17787.2
17922.9
18165.6
18497.3
18555.6
18781.2
18944.7
19013.1
19749.7
20115.6
20712.6
20912.1
21246.5
21321.9
21426.3
21535.9
22026.9
22048.4
22072.3
22157.6
22680.9
22766.5
22874.8
