82.3
336.9
381.4
431.2
983.6
1046.8
1520.0
1578.9
1660.7
1924.5
1946.0
2154.2
2177.7
2590.5
2937.1
3363.3
3931.0
4186.1
4304.7
4431.5
4443.8
4555.3
4622.3
4737.3
5000.5
5105.0
5280.0
5312.3
5777.9
6042.8
6603.4
6701.6
6951.8
7167.5
7219.0
7987.3
8351.8
8477.8
8482.1
8528.2
8827.2
8983.0
9042.4
9117.0
9359.0
9633.9
9871.1
10212.6
10421.4
10441.3
10650.7
10754.7
10937.5
11250.2
11403.4
11866.2
12190.3
12602.4
12653.9
12805.5
12947.3
13651.9
13715.1
14373.1
14450.6
14968.1
15219.3
15446.1
15493.2
15563.9
15827.4
16440.5
16526.2
16744.5
16885.4
16888.2
17670.5
17974.4
18192.4
18507.7
18733.5
18810.8
19586.8
19825.2
20090.8
20805.7
20823.6
21460.0
21490.4
22283.1
22569.3
22693.8
22753.7
22757.8
22829.4
22837.7
