66.0
594.7
695.8
901.3
937.3
1415.1
1468.0
1634.0
2007.5
2295.7
2344.8
2845.3
2977.3
3448.1
3743.1
4594.8
4618.0
4708.1
4830.8
4842.1
4849.9
4876.9
5786.0
5848.0
5926.3
6284.9
6392.1
6428.9
6465.2
6653.6
6770.4
7173.3
7413.4
7928.2
8198.7
8434.5
8774.6
9425.0
9502.5
9737.8
9753.8
9976.5
10206.2
10279.7
10456.7
10914.9
10916.9
11246.3
11269.0
11443.3
11562.3
11592.6
11796.3
11810.8
11897.8
12318.0
12485.5
12587.6
12681.2
12977.7
13083.2
13167.3
13539.5
13989.0
14071.3
14210.5
14314.0
14413.3
14654.0
14751.2
14915.0
15005.6
15017.5
15542.1
15558.7
15683.0
15693.4
16075.0
16311.6
16318.0
16495.8
16740.2
17027.4
17058.7
17189.1
17733.1
17762.7
17834.2
17846.7
17883.9
18191.0
18323.8
18475.4
18550.5
18605.0
18637.5
18719.7
18788.6
18953.9
19071.0
19141.6
19217.5
19227.7
19358.0
19647.2
19869.0
19904.7
20053.5
20496.6
20552.5
21234.6
21826.8
22148.7
22388.8
22398.9
22469.4
