390.6
744.8
1367.3
1916.9
2415.2
2723.4
2759.1
2814.7
3080.1
3303.5
3410.0
3814.5
4063.8
4114.7
4350.7
4384.9
4607.5
5120.7
5406.3
5543.4
5744.1
6740.1
6785.4
6808.1
6843.4
6867.3
7281.8
7358.9
7607.1
7898.5
7913.4
7931.5
7999.6
8270.5
8622.4
8876.1
8909.7
8914.9
9228.3
9339.7
9484.0
9509.0
9540.1
9602.0
9648.9
9988.6
10038.2
10058.4
10330.2
10664.5
10979.6
11389.8
11455.4
11458.3
11539.7
11636.3
11664.5
11735.2
11996.6
12065.2
12166.4
12259.3
12379.1
12603.6
12690.0
12936.7
12973.7
13051.2
13129.2
13409.5
13934.1
14039.6
14040.2
14176.8
14307.9
14635.3
14812.4
14817.3
14850.6
14992.0
15197.2
15371.3
15452.9
15586.2
16008.1
16139.7
16954.2
16958.9
17035.5
17183.3
17424.6
17491.6
17523.5
17760.8
17769.2
17888.4
18227.9
18348.8
18441.1
18773.3
18815.5
19390.9
19592.1
20086.4
20103.3
20654.3
20870.2
21111.8
21218.0
21303.5
21423.2
21753.6
21791.1
22243.8
22259.7
22263.0
22293.8
22394.6
22563.3
22595.4
22660.2
