231.7
307.0
673.5
696.9
909.8
992.7
994.2
1169.0
1343.3
1669.3
1725.3
2159.6
2185.0
2459.5
2481.6
2501.5
2506.0
2878.6
3043.7
3046.8
3502.3
3677.9
4020.8
4308.8
4643.3
4675.3
4721.6
4767.2
5136.1
5756.9
5825.7
5919.2
6232.4
6234.8
6573.5
6677.7
6797.9
7116.1
7636.8
7765.9
7930.2
8840.9
8919.3
8941.0
9032.3
9072.6
9441.7
9606.4
9627.0
10347.1
10603.2
10611.4
11035.9
11113.2
11367.4
11399.1
11549.8
12204.7
12321.7
12343.6
12450.4
12485.8
12641.5
12644.7
13043.2
13412.8
13435.0
13491.9
13743.2
14170.2
14743.6
14771.5
14850.0
15048.4
15090.4
15212.0
15647.6
15942.2
16134.7
16724.6
16858.8
16915.1
16957.1
17428.0
17525.6
17859.2
17869.4
18019.5
18054.2
18217.2
18280.2
18531.6
18609.7
18874.4
18991.2
19003.4
19178.9
19274.7
19692.5
20014.8
20334.8
20393.4
20413.7
20485.2
20557.5
20698.8
20913.3
21407.7
21542.6
21625.3
21688.3
21945.2
22150.4
22203.3
22214.9
22328.8
22363.1
22422.3
22772.3
