22.8
390.1
838.3
1104.9
1217.1
1514.3
2126.0
2196.2
2394.6
2397.8
2697.3
2774.5
2863.6
3137.9
3151.9
3220.3
3387.1
3556.7
3705.1
3858.2
4662.4
5392.1
5423.2
5498.4
5541.8
5842.8
7069.2
7114.1
7370.7
7824.3
7916.0
8048.8
8491.6
8837.6
9225.4
9763.1
9820.3
10148.8
10196.2
10384.6
10428.8
10592.7
10685.6
10784.1
10803.2
10915.4
11264.5
11475.5
11559.4
11611.5
11989.2
12196.0
12299.9
12558.3
12685.2
12713.0
12744.5
12898.8
12938.5
12952.4
13150.7
13291.4
13315.3
13434.4
13550.9
14107.0
14448.3
14729.2
15166.5
15252.5
15357.8
15370.4
15454.6
15536.4
15570.2
15769.2
15931.9
16219.0
16368.4
16387.2
16846.4
16866.4
16890.5
17043.8
17373.7
17832.1
17835.3
17926.3
18029.5
18090.6
18357.3
18366.9
18514.2
18595.9
18597.0
18598.9
18731.8
18793.3
19177.4
19203.4
19413.9
19415.5
19439.0
19786.4
19917.1
19947.2
20244.2
20245.3
20352.1
20476.0
20768.9
20973.0
21045.2
21104.8
21241.7
21701.8
21823.0
21884.9
22061.8
22063.8
22097.8
22106.3
22377.5
22889.6
