237.0
326.7
328.8
940.1
1016.5
2039.6
2100.9
2106.6
2118.7
2211.4
2246.5
2264.3
2314.4
2598.4
2952.9
3245.2
3264.2
3341.3
3393.7
3461.0
3466.1
3776.1
3868.8
4012.7
4322.8
4826.8
5031.3
5076.1
5611.6
5772.6
6101.4
6168.5
6294.4
6308.9
6522.2
6563.7
6660.3
6695.2
6880.0
7356.5
7421.0
7483.3
7529.6
7671.3
7720.2
7774.7
8088.4
8339.0
8620.3
8713.8
8764.5
9458.9
9758.9
10168.4
10188.5
10326.9
10725.6
10765.5
10928.4
11102.2
11455.1
11459.7
11612.1
12023.8
12109.1
12174.4
12354.1
12487.5
12718.4
12984.8
13124.1
13368.7
13388.0
13945.6
14271.6
14301.9
14532.1
14981.2
15183.7
15469.0
15480.9
15804.7
16696.9
16960.4
17204.2
18383.6
18436.1
18494.0
18557.0
18629.9
18781.0
18802.1
19113.8
19128.0
19270.5
19357.4
19483.7
19626.9
20512.2
20890.3
21040.1
21458.7
21524.5
21599.5
21927.0
22109.3
22150.3
22325.9
22559.0
22622.5
22982.8
