104.4
245.5
281.6
300.5
349.2
503.1
653.6
1044.6
1077.4
1234.8
1413.1
1481.8
1550.0
1676.3
1709.9
1792.6
2473.8
2638.7
2699.1
2788.4
2870.0
2922.0
3096.5
3116.4
3584.1
3913.2
4032.4
4075.4
5023.8
5182.9
5389.3
5905.0
5994.7
6168.1
6602.2
6636.1
6779.9
6966.6
7137.9
7212.9
7215.4
7417.7
7618.7
7639.8
7784.8
7844.7
8314.9
8362.0
8378.9
8468.3
8742.9
8873.9
8893.7
8904.7
9098.7
9203.6
9243.5
9259.3
9275.0
9379.2
9555.8
9809.9
9823.3
9938.8
10018.6
10092.5
10472.2
10656.3
10801.4
10886.0
11063.2
11157.9
11466.0
12391.0
12457.9
13041.4
13141.8
13477.1
13632.5
14147.8
14157.1
14160.9
14166.6
14292.8
14398.0
14611.2
14673.1
14931.0
15139.6
15567.0
15706.6
15826.8
15968.6
16030.4
16093.7
16879.4
17057.2
18149.6
18354.3
18371.8
18415.0
18580.2
18861.6
19290.8
19337.0
19419.3
19709.9
19731.6
19743.4
20320.6
20735.2
20760.1
22719.7
