12.2
230.8
245.0
481.6
648.9
766.1
843.2
1240.5
1366.3
1425.9
1446.9
1522.7
1687.7
1771.1
2210.7
2416.8
2528.7
2585.3
2806.5
2818.0
2911.4
3073.5
3242.8
4668.4
4943.0
5047.7
5055.2
5076.7
5658.5
6013.7
6399.1
6711.9
6840.5
7268.1
7527.9
7752.1
8125.2
8326.0
8422.8
8844.4
9193.5
9771.6
9835.3
9995.0
10300.2
10316.2
10351.5
10400.1
10411.5
10569.4
10595.4
10607.2
10627.0
11576.0
11819.8
12302.2
12744.3
12831.7
12877.0
13101.4
13516.1
13592.7
14045.3
14318.3
14542.6
14617.0
15215.8
15289.1
15324.1
15367.1
15369.0
15389.6
15481.8
16048.1
16127.4
16238.4
16439.4
16533.4
16580.4
17045.6
17196.4
17419.5
17456.5
17813.0
17822.2
17864.9
17906.6
18018.2
18587.0
18610.3
18687.0
18836.6
18916.7
18977.2
19187.6
19236.3
19561.5
19829.3
20356.9
20596.1
20722.8
20893.1
21382.8
21623.5
21788.5
21921.2
22149.9
22287.0
22317.5
22690.9
