620.2
749.2
811.8
1334.9
1347.3
1713.2
1820.5
1847.5
2066.3
2215.5
2507.3
2714.0
2821.8
2908.2
2913.7
3094.6
3392.0
3750.7
3877.9
3970.9
4092.7
4402.4
4441.6
4826.5
4841.9
5095.3
5279.5
5503.3
5600.5
5808.2
5884.7
6236.0
6268.4
6301.6
6384.0
6459.4
6485.8
6645.7
6675.0
6936.7
7508.9
7613.9
7737.0
7755.9
7845.0
8299.2
8304.4
8312.8
8810.7
8970.1
9166.7
9458.4
9688.7
9855.6
10047.9
10549.6
10592.2
10699.3
11059.9
11452.9
11470.5
11514.7
11711.7
11856.2
11877.0
11924.0
11990.5
12166.6
12227.0
12441.1
12556.2
13052.3
13081.5
14046.6
14283.8
14319.9
14874.9
15119.2
15324.8
15404.9
15489.9
15535.8
15663.9
15837.4
16025.1
16404.1
16691.1
16761.4
16762.5
16972.5
16982.5
17420.9
17479.4
17513.8
17514.6
18751.3
18963.7
19375.6
19394.9
19520.8
19683.7
19748.1
19827.1
20118.0
20226.9
20284.1
20325.3
20532.7
20534.8
20946.4
21061.3
21349.0
21381.6
21390.3
21496.8
21797.8
21892.8
22000.4
22087.9
22434.7
22809.5
