109.2
167.2
903.9
1132.4
1261.8
1275.0
1294.0
1396.1
1504.9
2020.8
2205.3
2244.4
2381.4
2732.0
4100.3
4138.1
4586.1
4879.5
4942.1
5241.5
5589.2
5993.3
6350.2
6632.9
6702.6
6802.8
6985.2
7379.3
7766.4
8201.9
8406.0
8410.7
8605.2
8620.2
8646.1
8950.0
9096.6
9183.6
9215.1
9720.5
10056.5
10197.7
10647.6
10708.8
11048.0
11079.7
11088.6
11195.0
11337.6
11432.6
11899.5
12215.0
12614.5
12653.7
13417.5
13468.6
13784.6
14184.5
14247.2
14293.3
14307.2
14468.2
14715.9
14773.7
14775.8
14900.8
14950.1
15080.5
15134.5
15310.9
15334.3
15393.6
15627.7
15866.1
16083.3
16218.8
16295.0
16311.0
16498.3
16606.3
16644.5
16774.4
16916.0
16937.2
17264.2
17267.4
17491.7
17492.6
17498.9
17563.5
17690.5
17812.9
17929.2
17931.0
18090.7
18107.3
18610.2
18978.5
19094.7
19290.8
19865.7
20178.8
20593.7
20629.3
20806.1
20937.9
21455.5
21713.0
21774.6
21845.1
21846.9
21912.2
21932.4
21949.8
22240.0
22375.0
22389.7
