439.6
534.1
899.0
961.4
1249.0
1680.3
1696.5
1748.6
2333.5
2730.8
3050.2
3222.3
3256.8
3513.5
3720.5
4003.4
4540.9
4592.7
4681.9
4731.2
4890.3
5107.0
5188.9
5254.6
5438.4
5595.0
5972.9
6048.8
6148.9
6274.0
7053.2
7421.3
7604.1
7912.7
7978.0
8049.7
8088.5
8299.7
8393.7
8673.2
8731.9
8902.0
9012.5
9304.6
9365.3
9714.5
9781.1
9841.5
10176.4
10239.0
10319.7
10352.3
10741.5
10880.8
11013.4
11037.2
11346.2
11367.8
11523.4
11887.9
11919.6
11933.3
12326.8
12503.1
12658.5
12822.1
12826.9
12847.4
13007.4
13026.0
13262.9
13320.0
13328.8
13402.2
13545.2
13563.0
13752.4
13797.5
13822.7
14085.5
14390.0
14406.3
14508.1
14638.6
14757.7
14896.4
15215.3
15411.7
15991.0
16265.4
16699.4
17341.5
17609.2
17889.3
18161.4
18456.2
18585.1
18984.1
19194.7
19238.4
19401.8
19407.1
19483.9
20140.7
20219.9
20402.4
20576.0
21029.7
21057.7
21312.2
21357.4
21648.7
21912.4
21968.0
22622.8
22623.5
