19.8
51.1
218.7
588.7
1007.0
1041.3
1124.0
1417.2
1734.3
1739.0
2042.3
2043.6
2125.7
2140.4
2322.5
2829.7
3216.8
3344.3
3773.5
3943.7
4111.0
4201.9
4607.9
4808.3
5023.4
5085.4
5274.0
5659.1
5757.1
5767.1
5779.2
5891.1
5933.8
6125.9
6292.3
6429.0
6545.6
6641.0
6643.4
7685.6
7866.2
7891.6
8098.6
8868.2
9318.3
10034.0
10401.6
10440.6
10733.3
11142.8
11477.3
11621.3
11666.5
12348.2
12470.1
12652.1
12691.1
12696.2
12791.1
13054.8
13144.0
13160.6
13310.0
14102.5
14260.2
14326.8
14385.4
14423.9
14599.5
14609.6
14766.6
14836.7
15050.4
15110.3
15129.7
15404.3
15457.1
15742.5
15821.2
16140.1
16623.1
17079.0
17158.8
17194.2
17274.2
17365.9
17449.9
17970.3
18419.7
18473.2
18502.4
18647.4
18782.8
18990.1
19095.8
19187.0
19877.2
19912.5
19935.6
19941.4
20013.7
20020.9
20095.9
20145.4
20994.2
21031.4
21075.3
21151.9
21318.0
21696.2
21759.0
21759.9
21864.7
22165.0
22198.9
22282.6
22821.2
