57.1
115.0
313.9
537.5
604.0
724.8
843.0
1362.1
1447.8
1563.1
1604.8
1821.7
1968.7
1994.3
2315.3
2486.7
2686.7
3031.1
3052.4
3401.2
4418.0
4462.4
4764.4
4894.6
5096.8
5143.4
5410.0
5415.1
5592.3
6085.3
6200.2
6613.9
6719.3
6832.5
7142.7
7239.4
7283.7
7407.9
7584.5
7620.3
7771.8
8090.1
8700.9
8735.8
8769.7
8825.8
8869.0
8989.6
9304.1
9328.3
9405.4
9440.2
9838.6
10095.7
10110.9
10173.3
10574.3
10623.2
10632.4
10811.5
10930.4
10934.1
11026.4
11692.1
11810.0
12144.9
12305.5
12323.8
12487.0
12896.2
12916.5
12928.5
12962.4
12981.9
13136.7
13140.5
13290.2
13923.5
13981.8
14082.1
14132.8
14406.1
14736.2
14776.3
14808.5
14878.9
15030.7
15115.9
15232.3
15312.7
15714.2
15803.7
15825.0
16270.9
16456.2
16482.2
16706.4
17490.5
17678.5
17779.5
18053.5
18084.4
18113.5
18339.7
18445.2
18644.5
18661.7
18866.7
18951.9
19046.6
19195.8
19263.9
19287.5
19403.0
19456.0
19548.6
19762.5
19912.1
20036.4
20302.7
20311.7
20533.9
20633.8
20806.4
21052.1
21223.0
21346.1
21402.1
22472.9
22572.5
22677.1
22706.0
22709.8
22918.2
