39.0
120.5
182.9
195.1
292.4
293.6
320.7
760.3
761.8
875.0
940.6
1043.4
1045.9
1166.1
1815.5
2657.4
3111.5
3232.1
3333.4
3356.4
3739.8
3963.5
4094.3
4334.0
4951.5
5000.2
5579.7
5758.7
5910.0
6019.1
6411.2
6475.7
6727.3
6755.7
6782.9
7308.2
7318.3
7403.3
7649.1
7986.3
8327.0
8502.9
8522.1
8590.8
8592.1
8633.1
8787.3
9396.9
9502.3
9593.4
9620.4
9644.5
9650.5
9672.0
9711.5
9909.0
9949.7
10258.9
10263.7
10400.4
10700.4
10720.8
10879.4
11070.9
11181.2
11313.2
11352.6
11482.0
11524.6
11891.8
12552.0
12810.3
13104.9
13275.9
13526.2
13857.0
14436.3
14892.7
14933.4
14974.7
15171.3
15174.8
15281.9
15370.6
15776.7
15814.1
16032.4
16430.2
16548.7
16775.2
17149.1
17629.9
17684.5
17899.1
18004.7
18110.6
18349.3
18664.4
18698.0
18854.3
19241.6
19267.6
19388.9
19451.4
19598.8
19681.6
20046.3
20069.4
20093.3
20201.3
20339.2
20489.7
20683.2
20784.1
21026.2
21171.3
21449.9
21541.9
21554.9
22000.5
22281.3
22506.7
22674.2
22752.0
22942.2
