515.2
535.6
621.4
933.6
1140.1
1801.5
1802.2
2232.8
2272.2
2341.8
2501.5
2940.1
3001.2
3508.5
3529.2
3663.1
3755.7
4011.0
4012.5
4093.5
4392.8
4466.5
4886.2
4967.3
5140.0
5407.6
5413.5
5605.0
6709.8
7242.9
7291.8
7646.7
7674.8
7788.8
7848.0
7957.1
8193.7
8386.0
8592.9
8910.2
8917.5
9031.2
9033.3
9146.8
9158.9
9609.2
9806.0
9898.4
10174.7
10345.9
10637.2
11175.7
11490.8
11619.7
11965.6
11974.1
12087.3
12089.8
12300.7
12307.0
12696.6
12801.7
12829.3
13113.7
13196.1
13234.1
13428.7
13482.0
13490.1
13518.7
13782.0
14093.8
14277.0
14277.1
14534.8
14691.6
15590.8
16022.0
16252.6
16466.9
16499.5
16655.7
16827.0
17444.3
17838.1
17924.7
17969.2
18257.1
18258.1
18356.2
18590.7
18943.6
19097.9
19336.0
19414.7
19434.3
19613.7
19691.1
19822.4
20029.8
20256.9
20411.7
20460.0
20908.6
20911.0
21108.2
21190.6
21388.0
21456.2
21488.1
21601.9
21915.0
21974.3
22261.2
22356.7
22402.7
