8.9
376.8
539.6
740.8
1301.2
1626.3
2287.8
2623.0
2794.8
2843.1
2859.1
2861.1
3319.9
3428.7
3743.2
3833.4
3926.0
4002.0
4278.2
4415.6
5005.2
5060.0
5061.7
5304.2
5425.2
5469.0
6070.8
6342.0
6957.5
7283.0
7827.8
7989.2
8168.9
8329.3
8422.0
8843.9
8874.2
9185.8
9513.0
9596.1
9680.1
9855.5
10099.8
10178.1
10667.4
10799.0
11427.6
11611.9
11761.4
12188.1
12213.9
12319.4
12671.6
12733.3
13122.4
13249.2
13282.8
13378.6
13546.0
13719.9
14015.6
14640.5
15010.7
15011.5
15354.1
15516.8
15894.6
16283.3
16368.9
16398.9
16431.3
16535.9
16576.8
16792.6
17022.3
17561.7
17773.4
17817.0
18040.4
18542.6
18551.5
18574.6
18585.9
19380.0
19671.1
19766.4
19976.6
20185.9
20409.5
20445.9
21091.3
21096.7
21153.1
21437.5
21706.6
22110.3
22503.8
22588.3
22599.8
22663.4
22698.1
22759.6
22809.6
