41.2
468.5
507.5
1872.6
1969.1
2018.5
2067.6
2477.9
2903.7
2925.9
2969.1
3006.4
3413.1
3694.2
4057.1
4136.1
4292.2
4537.4
5262.3
5359.2
5667.0
5858.5
6077.1
6445.7
6757.4
6804.8
7044.9
7102.0
7191.0
7538.7
7770.4
7819.8
8109.3
8275.2
8542.6
8788.7
8874.5
9026.8
9050.0
9090.8
9774.5
9911.5
9984.5
10050.2
10227.6
10490.0
10571.1
11021.6
11144.3
11144.6
11876.9
11923.5
11980.5
12519.5
12654.6
12772.0
12787.2
13467.9
13671.9
13871.2
14712.2
14908.6
14930.3
15067.5
15207.2
15267.2
15595.1
16352.1
16450.4
16567.4
16913.0
17181.1
17425.3
17832.3
18028.8
18250.0
18398.5
18716.8
18916.8
18927.9
19282.5
19415.2
19642.2
19702.4
19778.3
20041.9
20078.9
20326.1
20350.4
20557.4
20696.3
20764.5
20808.0
21056.6
21063.6
21214.9
21429.7
21678.1
21797.2
21810.4
22125.5
22397.2
22435.7
22706.9
22911.2
22967.3
