258.0
396.1
402.1
571.6
650.0
1116.3
1284.3
1435.7
1451.8
1720.9
2048.3
2145.9
2211.6
2336.2
2369.5
2857.5
2943.1
2964.7
3070.5
3113.2
3402.4
3431.4
3470.2
3504.2
3549.1
3674.7
3818.6
3829.8
3877.2
4173.3
4348.5
4431.6
4466.0
4662.2
4731.1
4857.9
5238.0
5244.0
5564.8
5736.2
5801.3
5817.5
5883.5
6114.4
6288.5
6845.4
6967.4
6987.5
7335.5
7740.9
7997.5
8107.6
8408.3
8578.8
8697.4
8790.1
9140.7
9500.3
9607.4
9700.0
9883.6
10034.0
10338.4
11083.8
11389.8
11400.5
11429.0
11558.6
11562.4
11607.2
12933.3
13094.0
13178.0
13237.3
13303.2
13360.0
13825.7
13891.0
13993.9
14013.6
14385.5
14662.6
15497.3
16213.6
16229.0
16269.0
16576.8
17197.9
17398.9
17517.8
17519.8
17622.4
17671.4
17955.9
18086.4
18355.7
18594.7
19038.0
19098.3
19987.4
20081.5
20434.8
20458.9
20530.1
20569.0
20611.5
20788.7
20917.7
21058.6
21128.0
22140.2
22189.2
22219.6
22599.9
22747.3
22866.1
