160.0
232.3
398.9
432.4
537.8
565.2
575.1
592.7
610.7
632.5
690.8
774.2
946.4
1115.2
1203.3
1500.1
1626.8
1978.2
2245.5
2320.4
2672.0
2672.4
2849.3
3035.0
3464.3
3539.0
3714.8
3938.4
4032.5
4146.5
4179.3
4276.1
4568.5
5034.1
5229.6
5289.5
5339.2
5420.0
5442.4
5469.3
5633.0
5752.5
5824.1
6038.2
6189.2
6621.0
7049.7
8197.0
8479.7
8587.3
8648.9
8678.8
8781.6
8875.2
9126.4
9379.9
9475.6
9486.8
9489.7
9607.8
9643.6
9788.6
9808.1
10230.6
10466.9
10520.8
10563.7
11696.0
11969.2
12101.1
12472.2
12753.9
12828.9
12901.1
13390.1
13437.9
14290.2
14492.6
14526.1
14575.1
15156.9
15181.4
15349.5
15388.5
15723.7
15749.5
15826.0
15934.4
15991.5
16074.5
16325.6
16932.2
17312.7
17342.3
17415.1
17477.2
17530.3
17658.4
17776.7
18498.5
18545.6
18567.5
18610.7
18721.3
19284.3
19344.5
19354.5
19480.9
19576.2
19687.0
19829.4
19845.4
20539.6
20738.9
20788.5
20869.2
21087.4
21624.7
21784.8
21786.2
22139.8
22430.6
22773.7
22943.5
