1.5
33.3
234.2
247.1
562.7
1210.1
1487.6
1914.1
1951.3
2137.4
2177.1
2200.2
2263.2
2441.4
3422.2
4102.4
4171.9
4587.5
4698.4
4773.1
4783.9
4859.0
4898.5
4996.7
5260.7
5336.0
5365.8
5435.0
6033.0
6515.7
6718.7
7174.5
7326.3
7403.0
7785.0
8189.1
8283.0
8317.2
8548.1
8792.7
8952.5
9055.7
9390.6
9422.0
9472.0
9798.9
9994.6
10049.8
10253.4
10521.7
10623.2
10986.2
11441.8
11491.5
11573.5
12130.3
12175.8
12393.9
12614.8
12715.1
12934.8
13455.9
13493.2
13612.6
13713.7
13736.5
14311.9
14474.8
15148.8
15628.5
15740.5
16066.4
16071.5
16208.1
16643.5
16888.3
16904.4
17092.8
17527.5
17604.9
17711.7
18145.1
18373.3
18804.7
18832.6
18862.2
18884.2
18917.9
18934.1
19048.2
19098.1
19175.5
19272.0
19617.7
19791.6
19866.1
19917.5
20118.5
20204.9
20392.5
20471.0
20623.9
20702.8
20856.9
20964.1
20987.4
21234.2
21453.8
21568.8
21663.4
21985.8
22045.3
22184.0
22481.9
22482.2
22514.2
22561.4
22591.0
22807.1
22823.3
22852.0
22865.2
22931.6
