298.9
441.3
443.8
963.2
1168.7
1732.0
2025.3
2314.0
2329.5
2636.7
2715.9
2886.6
2890.2
3076.7
3273.2
3386.8
3514.6
3840.1
4196.3
4213.5
4255.9
4289.2
4350.4
4437.9
4506.4
4579.2
4595.8
4767.0
4829.0
5116.5
5590.2
6009.7
6139.3
6255.9
6606.4
6947.8
7216.4
7430.0
7972.4
8476.3
8875.7
8967.5
9145.0
9169.9
9223.6
9383.1
9604.3
9675.9
9688.2
9832.2
9863.4
10636.7
10965.3
10981.2
11188.0
11433.6
11514.0
11671.1
11816.2
11982.5
12069.6
12110.5
12437.9
12943.7
13032.7
13252.3
13260.6
13653.0
13761.3
13980.6
14756.0
14910.6
15034.0
15079.0
15174.4
15246.4
15350.2
15391.3
15506.8
15712.9
15914.4
16446.7
16519.5
16542.7
16989.6
17716.1
17960.0
18040.0
18125.3
18420.3
18722.0
19170.2
19399.5
19607.3
19634.8
19910.3
20274.8
20834.0
21038.1
21553.9
21648.6
21895.0
22098.3
22152.5
22619.7
22630.4
