33.8
164.7
407.1
431.6
811.4
833.7
884.0
931.5
982.5
1630.9
1692.5
1810.1
1833.2
2009.3
2083.6
2145.7
2314.5
2530.3
2743.5
2808.8
2861.4
2982.2
3440.9
3493.4
3514.0
3858.7
3954.0
4107.3
4430.3
4540.3
4725.5
4993.3
5182.0
5383.9
5665.8
5939.5
6176.2
6490.4
6548.6
6566.2
6729.9
6751.4
7164.5
7583.5
7733.6
7738.2
7803.5
7918.2
7929.9
8274.9
8505.2
8752.4
8820.0
9196.3
9228.1
9351.0
9357.1
9398.3
9416.5
9643.8
9660.4
9976.3
10149.3
10287.4
10393.2
10444.8
10461.9
10677.4
10780.4
11216.8
11226.9
11793.1
11820.3
11835.7
12086.0
12545.5
12627.6
12884.0
12887.2
12991.1
13141.9
13300.2
13371.3
13492.6
13528.2
13782.2
13841.1
14138.8
14180.6
14959.6
15182.7
16278.2
16450.7
16459.4
16575.6
16575.9
16588.3
16721.8
16884.1
17038.5
17327.6
17399.0
17923.4
17963.5
18023.2
18257.5
18346.6
18450.7
18656.6
18657.1
18689.1
19041.2
19201.1
19256.4
19507.4
19611.3
19768.8
19982.0
20002.7
20003.9
20225.2
20261.3
20859.6
21134.6
21431.7
21488.3
21505.7
21639.9
21692.6
22143.2
22235.0
22575.5
22825.9
