93.8
98.7
116.6
139.7
1097.8
1116.7
1593.1
1843.9
2201.2
2262.2
2711.3
2767.7
3223.9
3512.3
3674.2
3689.1
3844.8
3847.9
3961.9
4210.0
4266.0
4353.4
4414.6
4517.6
4848.1
5501.3
5801.3
5862.9
5963.9
6578.4
6999.8
7213.7
7311.0
7730.0
7847.2
8403.4
8496.0
8603.1
8630.1
9047.3
9279.0
9509.2
9788.9
10754.6
10755.3
10770.9
10907.2
10986.8
11099.7
11494.2
11530.8
11559.3
11692.5
11722.3
11824.2
11825.7
12147.4
12285.9
12439.2
12466.5
12489.4
12760.4
13327.7
13580.0
13655.1
13769.2
13935.4
13988.9
14217.8
14586.6
14904.9
15239.9
15298.8
15519.7
15647.2
15830.7
15860.1
16395.3
16404.0
16513.6
16692.0
16920.1
16939.0
16996.2
17179.3
17851.5
17859.7
18061.5
18116.1
18330.3
18468.0
18639.2
18734.0
18987.2
19530.1
20391.2
20848.4
21042.3
21343.7
21351.6
21836.4
21849.8
22285.0
22423.7
22514.0
22643.4
22933.1
