611.1
858.0
1100.2
1114.2
1229.5
1450.3
1945.3
2186.3
2267.4
2397.0
2458.0
2717.2
2728.8
2766.3
2778.0
2796.8
3266.7
3289.9
3314.7
3319.5
3343.0
3507.0
3539.6
3591.8
4840.7
5082.0
5984.1
6736.5
7012.8
7065.0
7089.6
7478.3
8051.4
8148.2
8245.0
8450.2
8826.0
9009.4
9189.8
9432.3
9563.1
10146.8
10220.9
10270.3
10417.6
10585.4
10653.0
11119.0
11295.4
11326.5
11414.8
11599.9
11621.6
11885.0
12034.1
12330.6
12446.4
12806.9
12901.0
13522.9
13635.6
14250.5
14443.9
14465.0
14846.4
15058.0
15073.7
15171.7
15203.6
15478.3
15567.7
15737.7
15945.5
16220.6
16706.7
16813.6
16832.8
16890.3
17027.3
17065.0
17249.9
17583.2
17752.6
18125.4
18127.6
18211.7
18244.8
18330.3
18509.0
18901.3
18975.4
19142.2
19367.8
19382.0
19393.9
19579.9
19655.8
19866.3
19970.0
20068.6
20860.8
21106.2
21489.0
22099.9
22137.8
22149.9
22297.8
22298.8
22375.9
22392.6
22550.0
22578.2
22589.4
