7.1
9.6
75.5
167.0
530.6
721.6
731.9
777.6
900.7
925.0
1043.3
1065.4
1321.9
1383.4
1409.7
1897.5
1899.3
1969.8
2067.4
2204.7
2209.6
2478.3
2765.8
2989.1
3106.4
3292.8
3378.8
3582.2
4084.0
4239.9
4437.0
4633.9
4849.8
5685.8
5774.1
6237.1
6464.3
6539.7
6653.1
6865.8
7039.9
7175.6
7299.7
7329.4
7528.5
7561.1
7854.6
8458.3
8515.9
8579.3
8649.2
8910.4
8971.2
9263.9
9370.3
9428.0
9620.4
9801.8
9821.5
10289.5
10372.9
10537.2
10760.5
10823.9
10975.1
11157.1
11378.2
11493.7
11501.2
11565.0
11608.2
12082.7
12085.3
12099.2
12202.6
12222.2
12222.7
12780.7
12780.9
13435.1
13509.1
13554.4
14516.4
14710.1
14731.6
14780.8
14941.9
14981.0
14989.7
15696.1
15727.3
15919.8
16122.1
16374.8
16659.9
17048.6
17617.5
17717.4
18123.6
18343.6
18506.1
18573.6
18863.3
18982.9
18990.3
19220.1
19341.7
19673.0
19688.6
19921.4
20290.1
20314.3
20406.1
20721.5
20794.2
20895.6
20966.1
21014.8
21332.4
21451.4
21585.1
21635.8
22354.8
22419.0
22505.1
22566.6
22667.0
22738.3
22772.4
