345.1
671.5
758.7
815.7
994.7
1031.0
1130.2
1136.2
1163.7
1780.1
1819.0
2063.9
2353.6
2606.9
2862.6
2906.7
2938.6
4016.6
4312.3
4320.6
4515.3
4734.1
5181.3
5229.3
5579.6
5706.9
5841.7
5894.8
6080.4
6380.5
6415.1
6551.3
6579.7
6639.5
6697.7
6869.0
6938.2
7111.8
7115.1
7222.1
7232.8
7275.8
7542.0
7632.0
7663.8
7738.5
7966.1
8336.5
8840.8
8843.6
8853.8
8939.3
9172.6
9559.0
9617.6
9823.4
10305.4
10407.1
10469.1
11480.8
11539.9
11772.3
11811.7
11960.9
12086.0
12362.0
12529.5
13230.7
13517.9
13733.0
13802.2
13972.0
14007.5
14079.4
14120.3
14664.7
15367.4
15447.7
15499.2
15827.0
15961.1
16085.3
16247.9
16486.7
16778.8
16814.4
16827.0
16873.9
16908.3
17422.6
18033.0
18167.1
18464.2
18700.4
18828.4
18895.5
18993.5
19548.8
19560.0
19625.8
19796.1
19862.8
20134.0
20169.9
20367.7
20371.3
20847.4
20954.3
21156.8
21377.4
21624.9
21852.3
21926.7
22587.3
22647.3
22666.2
22685.4
