219.5
469.7
487.5
546.9
596.9
843.0
889.8
912.3
1128.8
1347.5
1603.2
2241.2
2341.4
2581.7
2611.3
2791.5
3877.6
3881.4
4005.1
4105.5
4234.6
4445.3
4827.9
4900.0
4928.5
5088.1
5189.7
5280.9
5564.5
5631.7
5767.2
5965.3
6070.0
6434.6
6958.0
7123.1
7713.0
7964.4
8113.9
8265.1
8311.6
8342.4
8548.5
8841.3
9373.7
9411.2
9588.0
9646.0
10295.0
10525.8
10647.9
10814.8
11340.6
12141.0
12789.4
12867.2
12874.2
13437.4
13779.4
13906.7
13990.7
14178.6
14315.9
14515.7
14566.3
14806.2
15191.3
15276.6
15293.2
15744.3
15829.6
16451.3
17460.0
17633.6
17638.4
17676.5
17801.5
18101.3
18173.4
18544.7
18935.8
19307.0
19382.9
19494.4
19511.3
19705.8
19851.8
20062.0
20351.0
20381.3
20422.6
20540.6
20560.2
20876.2
20904.8
21080.5
21190.4
21298.1
21359.6
21788.7
22649.1
22835.1
22860.7
