88.3
164.9
229.7
533.5
721.8
726.6
742.3
1106.5
1145.1
1525.9
1660.0
1694.7
1979.3
2023.2
2087.0
2212.0
2355.3
2428.1
2570.7
2582.8
2689.0
2734.0
2927.4
3395.6
3437.5
3671.8
3835.6
3858.8
4108.4
4257.1
4360.4
4828.1
4901.0
4992.5
5051.8
5083.4
5167.8
5329.4
5487.4
5508.7
5592.9
5656.5
5768.8
5788.6
5855.1
6020.9
6085.4
6229.2
6952.0
7071.9
7106.2
7460.0
7591.3
7899.2
8048.7
8525.0
8571.8
8677.4
8857.7
8920.5
8974.8
9291.8
9366.1
9535.2
9694.5
9819.4
9932.0
10239.1
10240.9
10360.7
10809.8
10853.2
11520.3
11523.8
11766.0
12244.0
12342.4
12348.4
12754.6
13324.1
13361.7
13459.7
13560.8
13687.1
14020.0
14206.5
15085.4
15181.4
15215.7
15665.5
15829.5
16095.1
16111.0
16339.4
16505.5
16896.3
16921.0
17201.4
17654.8
17783.6
17849.6
17924.5
18068.7
18298.4
18373.5
18395.5
18777.3
19105.8
19158.1
19264.7
19611.3
19642.9
19877.2
20079.2
20108.3
20647.4
20662.3
20835.3
20886.7
21279.7
21282.4
22131.3
22227.4
22336.9
22481.9
22834.6
22913.9
22944.9
