440.7
552.9
662.6
705.2
772.8
873.9
884.9
1219.3
1391.9
1552.6
1693.5
1722.6
1757.8
1793.1
1867.7
2154.2
2205.7
3126.3
3135.2
3389.3
3532.2
3781.4
3820.1
3973.1
4355.8
4402.5
4588.5
5428.4
5436.2
5733.8
5852.4
6381.1
6441.6
7010.8
7057.6
7669.9
7922.6
8177.8
8394.2
8443.2
8626.6
8926.6
9006.9
9078.1
9079.5
9090.1
9108.4
9252.1
9387.3
9720.7
9876.5
10094.2
10343.7
10731.4
11182.3
11448.2
11518.6
11533.0
11650.2
12046.6
12089.5
12130.3
12427.0
12948.3
13037.0
13169.4
13344.2
13586.3
14000.6
14085.5
14098.4
14207.9
14334.2
14436.1
14637.8
14652.0
14689.0
14802.5
15049.7
15439.1
15649.9
15697.2
15783.9
15855.0
15860.4
16079.8
16381.5
16842.3
17454.8
17659.1
17704.6
17925.2
18054.1
18125.5
18210.4
18668.2
18797.0
18969.5
19150.5
19396.7
19405.0
19643.4
19729.5
19801.5
20444.2
20528.9
20621.4
21257.3
21280.8
21487.6
21488.6
21500.6
21974.0
22263.7
22388.1
22478.7
22663.8
22741.1
22789.6
