93.0
94.9
512.4
1205.3
1899.6
2424.5
2808.2
3533.3
3643.2
3761.3
4422.7
4839.4
4941.4
5100.3
5305.0
5430.7
5462.1
5622.7
6113.4
6652.7
6783.3
7310.7
7416.8
7495.7
7563.6
7854.2
7870.5
8411.9
8524.7
8600.5
9736.9
9788.8
9853.3
9919.5
10228.3
10303.7
10474.2
10591.7
10616.2
10694.0
10917.1
11172.0
11212.7
11215.6
11229.9
11263.2
11558.5
11690.9
11697.2
11760.3
11765.8
12213.7
12451.0
12714.0
13088.6
13211.7
13277.9
13514.0
13534.0
13973.0
14154.4
14305.1
14689.2
14745.8
14821.2
15414.9
15853.5
16315.7
16364.4
16764.9
16978.2
17070.2
17285.3
17369.6
17388.0
17414.2
17457.3
17506.1
17743.3
18130.0
18478.2
18717.1
18809.5
18924.3
19064.7
19066.1
19188.6
19281.2
19334.3
19353.2
19724.6
20035.8
20251.1
20323.4
20407.5
20486.0
20618.4
20823.1
20864.5
21350.3
21430.0
21948.1
22068.6
22386.5
22499.5
22661.7
22718.4
22785.8
22821.2
22822.5
22972.0
