252.6
493.7
974.0
1007.1
1074.1
1215.2
1468.6
1776.5
1808.1
1849.9
1981.7
2049.5
2172.3
2215.6
2360.5
2392.8
2610.6
2666.4
2823.6
3040.6
3075.1
3169.1
3275.5
3279.0
3780.8
3922.1
3947.9
4050.1
4110.2
4387.7
4557.3
4566.4
5014.2
5336.0
5396.8
5900.4
6017.6
6063.7
6078.9
6162.2
6815.6
7072.4
7376.0
7393.2
7701.4
8053.5
8075.4
8189.6
8284.8
8657.9
9006.1
9216.5
9897.9
9932.2
10159.7
10211.9
10255.5
10397.6
10527.0
10657.9
11040.5
11134.0
11549.8
12448.8
12518.8
12559.1
12590.2
12625.9
12631.0
12690.0
13382.6
13453.2
13719.3
13836.5
14344.5
14577.4
14851.0
15003.7
15055.6
15060.8
15118.2
15269.8
15932.2
16086.1
16092.2
16117.6
16127.4
17164.8
17559.2
17597.4
17675.0
17956.2
18306.9
18330.2
18530.8
18581.9
18775.2
19471.3
20032.4
20165.4
20919.5
21349.7
21440.3
21535.5
22747.5
22845.4
