141.2
241.7
371.7
646.8
862.4
986.0
1250.7
1395.7
1833.8
1943.9
2555.9
3197.7
3331.4
3340.9
3459.4
3587.8
3935.8
4083.4
4156.0
4419.0
4736.4
4885.9
4965.4
5483.2
5529.0
5856.5
5934.3
6019.9
6043.8
6117.7
6599.4
6626.6
7077.6
7289.4
7663.4
7764.9
8209.0
8665.0
8687.8
8756.3
8794.9
8987.1
9256.3
9368.5
9496.9
9649.7
9736.0
9779.9
9780.8
9881.2
10258.8
10489.7
10520.4
10552.1
10585.6
10632.3
10760.5
11393.3
11412.9
11705.8
12031.4
12228.2
12363.0
12980.7
13369.3
13474.7
13546.3
13753.6
14019.0
14061.1
14168.6
14247.7
14513.3
14716.5
14776.7
14816.4
14880.9
14938.5
15762.0
15876.8
16267.8
16445.7
16676.9
16725.3
16823.3
16957.2
16995.4
17156.7
17307.8
17424.9
17667.4
17714.3
18150.9
18363.7
18521.4
18994.4
19107.2
19373.4
19611.2
19664.0
19967.2
20481.1
20576.3
20703.6
21322.1
21620.9
21829.1
21951.6
22011.4
22257.2
22333.0
22749.2
22891.1
22993.8
