177.9
350.5
382.8
633.0
665.8
771.4
884.9
1269.1
1850.0
2062.3
2219.0
2242.5
2254.1
2364.5
2437.7
2522.3
2800.0
3440.1
3640.7
3707.9
3721.9
4035.0
4062.1
4081.6
4161.8
4180.2
4475.9
4605.8
4812.8
4883.7
5044.0
5044.6
5111.3
5437.2
5535.2
6157.0
6347.2
6911.4
7006.8
7227.2
7264.4
7269.4
7433.1
7444.3
7444.4
7450.8
7464.6
7537.3
7741.4
8014.0
8364.3
8401.3
8577.0
9754.4
10082.1
10468.8
10488.2
10837.4
10915.5
11533.0
12025.9
12123.5
12422.2
12425.2
12679.5
12682.1
12817.7
13101.9
13116.6
13135.1
13261.2
13488.7
13510.7
13635.5
13788.1
13837.6
13881.5
13953.5
14076.4
14355.2
14433.8
14448.2
14480.6
14681.7
14890.7
15131.0
15513.2
16020.0
16106.4
16253.6
16346.6
16369.4
16401.7
16748.5
16778.6
16961.6
17079.1
17160.1
17229.0
17445.2
18141.9
18275.3
18428.7
18486.1
18734.9
19321.9
19455.9
19511.7
19575.0
19954.6
20404.9
20592.1
20643.2
21676.7
21871.3
21876.6
21951.3
21966.8
22154.9
22761.5
22930.2
