266.7
527.5
573.6
659.6
834.1
838.2
999.2
1452.6
1531.9
1950.5
2058.9
2214.5
2429.7
2482.9
2664.6
2731.1
2742.8
3151.3
3504.1
3609.3
3698.3
3771.3
3920.7
4271.1
4316.1
4556.3
4708.0
4735.8
4940.0
4966.7
5135.9
5496.6
5528.6
5834.1
5929.9
6321.9
6613.8
6728.4
6887.8
6958.1
7040.3
7567.6
7579.7
7892.6
7907.0
8038.1
8206.3
8270.9
8577.5
8817.2
9107.9
9351.5
9458.8
9495.9
9609.4
9932.4
10401.1
10486.4
10740.7
11344.3
11348.3
11663.8
11777.3
11849.7
12092.2
12246.9
12283.0
12316.7
12348.0
12466.7
12574.7
12821.1
12855.0
12908.2
12945.3
13288.6
13470.5
13579.2
13610.6
13679.9
13730.2
14248.9
14715.4
15721.0
15974.3
16060.8
16308.6
16519.2
16767.5
16843.3
16876.3
16955.0
17228.1
17361.3
17361.7
17485.5
17583.9
17752.7
17781.8
18180.8
18474.9
18680.2
18795.6
18846.5
18880.5
18944.9
19321.1
19717.0
19810.0
19908.7
19929.1
20238.2
20320.8
20423.4
20575.4
21088.5
21096.0
21227.6
21808.6
21895.2
21979.2
22270.4
22331.0
22408.6
22438.9
22704.2
22989.0
