103.7
521.7
836.3
895.4
982.0
1016.2
1057.6
1621.2
1814.6
2449.4
2834.9
2860.1
2904.5
2913.8
2984.8
3106.7
3292.6
3453.2
3471.1
3702.9
3799.4
3902.0
3987.1
4049.6
4196.7
4644.7
4793.3
5462.5
5633.6
5683.5
5741.4
5967.4
6768.8
6967.3
7140.3
7439.0
7632.7
7689.8
7943.9
8087.4
8290.6
8316.5
8689.9
9034.9
9211.8
9563.6
9718.3
10273.7
10371.6
10416.5
10429.0
10612.8
10675.7
10822.7
11206.4
11642.7
12241.2
12276.4
12348.3
12400.2
12674.5
12803.1
12971.4
13799.6
14410.2
14420.7
14539.9
14559.7
14591.8
15356.3
15969.1
16027.5
16228.6
16339.0
16363.7
16546.8
16703.1
16788.9
17196.0
17271.0
17304.6
17407.5
17835.7
17921.8
17925.1
18077.9
18087.2
18173.7
18333.9
18502.3
18716.3
18851.6
18956.9
19077.0
19291.9
19941.5
19942.8
20344.8
20518.6
21855.7
21898.1
21979.1
21980.1
22069.8
22337.4
22766.5
