125.0
154.0
680.7
801.1
1493.0
1719.0
1720.6
1743.5
2284.4
2567.8
2587.1
2625.9
2730.3
2922.0
3126.9
3252.1
3284.5
3531.8
3574.3
3835.8
4011.2
4086.4
4169.7
4198.0
4434.1
4659.1
4874.6
5248.6
5585.6
6110.8
6382.3
6567.3
6788.7
6843.1
7011.0
7518.3
7789.0
7906.9
8120.6
8152.0
8249.4
8394.1
8572.3
8906.4
9002.0
9035.2
9057.4
9429.9
9516.4
9548.1
9711.7
9902.0
10042.3
10907.1
11945.0
12336.5
12967.5
13362.7
13751.0
14019.0
14300.5
14557.2
14807.5
14978.9
15243.6
15361.2
15512.2
15779.7
16068.2
16137.8
16206.8
16249.6
16322.7
16949.9
16965.4
17411.2
17413.1
17650.1
17800.7
18497.0
18898.7
18900.8
19278.3
19389.2
19433.7
19447.8
19870.8
20103.2
20264.5
20956.9
21037.3
21169.8
22052.7
22596.0
22786.1
22789.3
22928.5
