155.0
216.4
217.6
542.9
555.5
957.7
1098.9
1127.0
1208.7
1304.4
1508.8
1892.1
1979.3
2036.3
2189.8
2545.4
2548.9
2658.6
3555.0
4103.6
4273.8
4853.7
5033.8
5146.2
5174.6
5278.8
5495.2
5888.0
6135.6
6153.4
6711.8
6794.0
6850.8
6955.4
7164.8
7489.8
7590.0
7650.2
8332.5
8662.9
8748.9
9001.9
9019.4
9287.0
9346.7
9646.0
9807.1
10281.6
10547.2
10624.0
10875.0
11199.7
11660.0
11849.3
12013.9
12188.6
12407.3
12525.3
12567.0
12604.2
12704.8
12997.2
13129.8
13156.6
13348.1
13360.9
13428.6
13611.5
13839.8
13956.5
14780.1
14848.9
15149.6
15790.8
15884.0
15916.7
15935.4
15995.8
16249.4
16431.8
16454.0
16610.8
17063.3
17118.9
17250.6
17940.2
18086.8
18396.1
18566.3
18707.1
18733.6
18826.3
19068.0
19122.3
19579.7
19720.3
19989.7
20356.9
20399.5
20501.9
20745.0
20960.6
21048.8
21054.7
21185.7
21235.3
21580.6
21893.2
22057.1
22210.4
22639.2
