30.5
118.0
503.8
578.0
684.7
925.5
1518.6
1607.8
1634.2
1955.2
2204.4
2254.9
2401.5
2406.5
2443.2
2540.5
2652.4
2734.3
2908.0
3031.3
3351.2
3392.8
3788.4
3945.8
4278.8
4710.8
4714.7
5107.8
5205.7
5239.9
5256.7
5411.1
5820.0
6478.5
6984.6
7002.0
7435.2
7590.9
7602.0
7617.2
7683.8
8764.1
8895.7
9109.5
9150.3
10569.9
10645.5
11155.9
11280.2
12001.2
12023.8
12223.4
12269.5
12356.2
12546.1
12589.1
12815.5
12910.9
13130.9
13323.3
13435.6
13510.6
13584.9
13594.9
13622.0
13629.6
13655.6
13811.0
14551.8
15175.3
15918.7
16035.1
16152.7
16177.1
16520.8
16781.5
16887.4
16974.6
17157.8
17610.5
17916.6
18001.3
18428.2
18443.3
18798.3
19009.0
19423.5
19583.7
19587.8
19800.0
20221.7
20270.6
20471.4
20488.8
20713.2
21280.1
21435.2
22030.8
22160.9
22271.1
22294.0
22729.7
