99.1
112.4
257.9
338.6
429.5
450.6
691.5
848.3
854.1
917.6
1117.1
1143.4
1385.7
1477.6
1600.7
1714.3
1870.8
1885.6
2131.0
2404.5
2603.8
2609.4
2785.3
2993.8
3887.4
3892.4
3923.3
3999.2
4324.4
4344.2
4504.4
4584.5
4808.9
5243.0
5292.6
5316.3
5327.8
5455.0
5588.6
5879.1
5910.5
6039.0
6324.1
6633.9
6654.2
6785.4
6853.6
6888.5
7019.4
7071.6
7072.7
7384.4
7583.8
7628.3
7700.8
7891.0
7927.5
8067.2
8154.0
8288.4
8750.9
8850.6
9098.0
9234.7
9249.2
9341.2
9671.2
9870.6
10041.3
10103.9
10129.8
10152.1
10414.1
10700.7
11232.9
11296.0
11577.0
11657.3
11874.2
11924.4
11925.9
12184.1
12253.6
12255.5
12468.2
12754.2
12839.0
12900.6
12915.0
13058.5
13181.4
13249.5
13549.8
13558.4
13669.2
14165.4
15021.4
15145.0
15236.9
15625.0
15700.5
15927.4
16006.4
16018.2
16115.0
16599.2
16778.2
17006.5
17036.0
17059.2
17274.1
17438.0
17949.8
18049.2
18176.4
18293.8
18388.9
18406.4
18888.2
19152.7
19161.9
19240.9
19305.6
19368.4
19423.7
19731.4
20092.4
20097.6
20163.9
20269.1
20321.9
20441.5
21370.7
21527.0
21915.6
22601.8
22614.9
