213.5
1363.7
1610.6
2097.2
2587.0
2701.5
2804.0
3094.8
3316.6
3336.7
3523.3
3627.7
3655.3
3762.9
3801.4
4313.1
4362.7
4843.9
4976.0
5011.9
5249.0
5491.2
5522.3
5584.8
5833.4
5862.3
6080.3
6100.4
6712.6
7090.1
7149.5
7260.9
7668.4
8183.4
8443.2
8472.9
8893.5
8922.2
8937.4
9075.6
9588.2
9638.5
10051.8
10336.9
10484.2
10518.5
10599.0
10701.7
10838.6
11204.1
11492.7
11652.0
12265.9
12545.6
12701.4
12765.2
13054.6
13154.3
13590.6
13597.7
13940.2
13979.8
14006.7
14168.0
14274.0
14349.7
14652.5
14718.7
14813.0
14833.8
14839.0
15292.3
15365.0
15453.1
15777.9
15873.2
15886.6
16194.5
16374.4
16718.8
17018.0
17120.1
17442.0
17561.8
17570.6
17791.2
17839.3
17979.9
18317.5
18505.0
18904.6
19056.0
19102.2
19331.5
19458.1
19502.8
20014.3
20347.1
20935.4
21491.2
21521.2
21699.5
21840.4
22243.8
22533.8
22560.6
