17.1
247.5
819.7
917.1
958.8
1199.9
1208.3
1230.1
1867.0
1978.7
2206.6
2255.0
2541.4
2740.4
3352.8
3370.1
3406.4
3789.0
3827.4
4839.2
4927.2
5150.4
5169.5
5329.8
5342.1
5378.3
5560.2
5890.5
6150.1
6482.3
7239.6
7367.7
7434.0
7437.2
7622.9
8143.3
8425.0
8573.9
8802.3
9251.7
9259.0
9259.5
9317.6
9743.9
9898.0
10172.2
10210.0
10260.5
10469.0
10633.8
10697.3
10880.3
11138.8
11954.6
11982.4
12138.6
12348.2
12389.1
12703.9
12909.6
13031.4
13290.0
13335.7
13939.4
14036.3
14079.7
14138.1
14168.9
14199.8
14240.3
14393.9
14626.6
14937.3
15089.2
15253.2
15528.0
15948.3
15973.8
16032.1
16122.1
16252.1
16297.3
16320.6
16551.4
16622.1
16650.6
17036.2
17061.9
17228.8
17625.0
18296.8
18421.8
19043.1
19057.2
19425.5
19481.6
19548.6
19618.4
19754.8
20762.5
20835.9
20916.8
21100.2
21291.1
21379.4
21685.1
21864.6
22660.0
22754.3
22805.4
22870.2
22923.6
