163.1
500.2
560.6
681.3
700.3
785.8
930.1
949.4
1206.9
1558.0
1645.6
2543.3
2851.9
3296.9
3342.2
3430.2
3540.4
3757.5
3770.2
3896.8
3897.3
3931.0
4432.9
4557.5
4653.0
4688.8
4872.0
4970.4
5032.8
5461.1
5701.4
6074.2
6147.6
6188.2
6246.0
6496.1
6509.7
6584.3
6714.7
6771.0
6940.3
6989.7
7464.6
8060.0
8253.9
8255.5
8378.2
8492.3
8500.9
8505.6
8522.0
8559.0
8597.8
9307.1
9362.7
9468.3
9832.0
9966.4
10032.1
10171.0
10274.6
10378.5
10546.1
10560.9
11002.5
11163.1
11167.7
11298.6
11809.8
12244.7
12866.1
12897.4
13010.7
13474.2
14046.5
14450.1
14595.9
14634.6
14797.9
15129.4
15409.5
15431.9
15484.3
15986.7
16091.9
16374.3
16393.5
16591.1
16702.6
16921.0
16949.5
17090.9
17459.1
18442.7
18667.8
18717.5
19057.5
19174.3
19737.6
19769.0
19937.4
20320.3
20324.4
20395.5
20435.5
20611.1
20637.8
20695.9
20765.0
21432.1
21642.5
21728.6
21838.3
21841.3
22005.5
22090.1
22124.5
22432.5
22526.5
22567.1
22932.5
22941.0
