388.1
409.8
563.0
767.5
882.1
1379.0
1385.6
1795.9
2044.7
2097.9
2247.7
2382.9
2534.8
2682.7
2717.6
2914.5
3034.4
3188.0
3223.2
3249.5
3306.6
3339.9
4013.8
4175.8
4297.7
4715.3
4817.0
5127.7
5210.6
5708.5
5894.7
6120.2
6294.1
6396.3
6901.1
7097.8
7210.5
7291.2
7297.8
7446.7
7972.0
8080.3
8182.1
8194.7
8407.4
8643.5
9018.0
9474.9
9569.1
10052.9
10221.2
10228.0
10408.7
10712.9
10840.0
10918.5
10941.7
10945.0
11386.3
11400.8
11435.4
11472.8
11527.5
12500.7
12617.8
13262.9
13459.4
13609.6
13618.8
13699.5
13946.0
14097.8
14562.4
14965.7
15030.6
15262.3
15506.8
15801.7
16137.2
16166.9
16405.9
16416.3
17494.0
17671.8
17742.4
18009.4
18038.9
18056.4
18096.0
18112.7
18966.7
19022.7
19932.1
20136.5
20279.1
20318.5
20414.4
20466.4
20811.5
20939.3
20959.2
21251.3
21300.1
21356.3
21697.4
21861.3
22148.4
22760.7
22776.6
22871.4
22886.0
