154.6
764.2
908.8
1052.9
1296.5
1501.4
1603.4
1660.1
2455.2
2698.9
2897.5
3387.6
3673.6
3685.5
4033.2
4051.9
4192.5
4253.4
4274.5
4741.6
4977.7
5146.9
5405.8
5522.3
5560.6
5788.4
5885.5
5892.5
6575.4
6735.5
7087.1
7340.2
7486.7
8060.7
8193.9
8232.1
8705.2
8766.4
9050.2
9107.5
9311.0
9487.5
9513.4
9722.1
10170.7
10208.9
10890.9
11014.2
11087.7
11285.4
11474.1
11736.9
11794.7
11853.1
11939.2
12023.6
12105.6
12438.1
12585.9
12716.4
12782.0
13345.4
13359.0
13504.1
13696.7
13900.0
14148.0
14185.2
14528.8
14588.3
14600.3
14769.9
15148.4
15394.2
15546.6
16032.8
16922.3
17034.9
17238.3
17258.8
17287.2
17333.7
17344.8
17448.5
17706.8
17881.7
18336.8
18905.4
19291.7
19481.3
19541.9
19751.3
19787.9
19906.0
19966.7
20234.0
20336.5
20496.0
20771.7
21019.0
21061.7
21240.2
21889.9
22189.4
22331.5
22361.0
22545.8
22556.9
22696.5
22858.0
