144.5
349.9
375.5
384.9
478.2
937.0
954.8
1086.8
1122.8
1322.6
1531.7
1556.7
1722.1
1871.3
1912.4
2015.0
2026.5
2282.3
2318.8
2362.1
2409.9
2484.0
2984.5
3062.4
3075.9
3173.6
3501.6
3831.8
3930.2
4321.5
4777.8
4808.7
4812.9
4951.8
5046.2
5737.7
5761.5
5924.2
6033.4
6297.1
6415.5
6731.8
6868.6
6881.1
6987.6
7390.5
7396.7
7729.9
7801.5
8259.1
8273.1
8462.7
8894.1
9574.8
9714.2
9832.5
9906.6
9921.1
10403.1
10959.3
10992.3
10997.2
11034.3
11140.1
11267.4
11740.2
11754.3
11827.2
11993.3
12585.6
12657.2
12842.2
13211.8
13357.5
13850.8
13993.2
14052.7
14161.7
14329.9
14555.4
14793.9
14870.0
15059.5
15276.1
15558.0
15741.5
16234.0
16299.0
16480.9
16820.7
17361.0
17412.7
17639.9
17642.8
17726.7
18187.5
18190.3
18325.1
18343.2
18392.0
18491.0
19054.9
19143.9
19183.6
19281.1
19698.6
20021.5
20274.9
20300.9
20644.8
20649.9
20653.6
21197.3
21628.5
21867.5
21873.8
22074.6
22155.2
22209.3
22226.3
22544.7
22748.0
22972.9
