383.2
503.3
863.0
1239.0
1257.9
1381.1
1577.8
1769.8
1999.9
2211.6
2408.2
3050.6
3107.1
3113.8
3126.4
3228.3
3389.2
3403.4
3472.8
3524.9
3628.3
3661.2
4121.9
4122.3
4140.2
4238.7
4320.7
4369.8
4416.4
4758.7
4865.6
4944.1
5062.3
5066.9
5192.6
5339.5
5342.3
5421.9
5985.5
6150.2
6358.6
6584.4
6602.7
6659.8
6661.0
6861.5
6903.2
6911.6
6928.7
6968.1
7458.9
7460.5
7476.9
7509.3
7834.7
7901.2
8007.2
8028.0
8106.8
8274.0
8282.3
8325.8
8643.3
8760.7
8980.6
9082.3
9341.6
9354.6
9481.0
9797.5
9815.7
9918.9
9924.7
9943.2
9946.3
10003.6
10114.0
10238.3
10316.8
10350.7
10496.5
10684.1
10744.9
10777.9
10786.8
10866.7
11094.4
11154.2
11303.9
11669.0
11695.4
11707.8
11807.5
11826.9
12949.0
12962.6
12986.6
13022.6
13092.5
13188.6
13443.1
13448.9
13552.0
13783.8
13878.5
14031.4
14171.3
14280.5
14297.7
14790.5
14807.7
14822.2
14963.7
15280.2
15331.8
16039.7
16336.1
16403.2
16491.7
16504.7
16890.3
16910.7
16990.7
17046.3
17297.4
17315.4
17372.2
17510.3
17534.1
17797.6
17874.7
18098.5
18140.2
18371.0
18424.3
18781.7
18972.2
19340.7
19361.8
19441.6
19507.7
19712.3
19732.8
19956.9
20112.4
20134.4
20134.7
20874.4
20957.5
20975.8
21224.9
21787.8
21981.7
21995.7
22508.1
22596.7
22678.5
22825.1
