187.0
481.2
601.7
658.2
1197.0
1209.2
1220.5
1321.4
1770.2
1969.0
2306.6
2326.6
2348.0
2469.8
2545.5
2701.5
2858.7
2879.0
3234.0
3541.5
3577.7
3695.4
3820.5
3857.0
4055.6
4754.3
5125.9
5517.8
5585.1
5671.7
6030.9
6359.2
6598.2
6774.6
6826.8
6831.7
7007.4
7128.7
7205.9
7420.0
7583.5
7929.9
8364.4
8575.2
8628.1
8731.9
9131.0
9717.7
10034.8
10048.1
10150.3
10211.1
10249.1
10353.4
10648.8
10744.6
10764.2
10916.7
11143.3
11237.6
11483.2
11525.8
11753.4
11776.7
11859.4
12304.6
12334.0
12455.2
12663.3
12852.6
13464.2
13954.1
14309.7
14735.6
14755.1
15011.3
15235.0
15379.9
15516.1
15529.2
15805.5
15861.8
15899.9
15944.3
16113.6
16720.1
16891.0
16924.6
17481.7
17629.2
17700.0
17857.8
18017.9
18068.6
18104.0
18209.6
18753.1
18812.6
18843.7
18862.4
18973.9
19017.6
19249.9
19385.4
19654.8
19716.4
19803.6
19897.0
20278.4
20413.6
20432.9
20549.6
20997.9
21165.6
21412.9
21790.7
21805.7
22004.3
22015.9
22599.1
