541.9
937.3
1304.5
1319.3
2601.6
2884.6
2933.3
3101.1
3283.2
3680.0
3937.7
4539.7
4588.4
4760.1
4884.8
4888.4
5169.7
5242.8
5458.1
5647.0
6234.1
6503.4
6621.1
6741.2
6929.2
6957.7
6975.4
7176.1
7431.5
7820.5
7835.7
8402.9
8664.2
8762.1
8898.5
9112.7
9146.6
9302.8
9537.5
9628.0
9637.7
9820.2
9959.0
10040.7
10205.0
10304.8
10375.8
10456.2
10500.4
10501.4
10563.4
10565.3
10659.4
10838.0
10963.2
11163.2
11257.8
11436.7
11657.2
11666.2
11748.8
12180.9
12352.7
12491.3
12524.8
12671.9
13038.4
13343.8
13370.2
13588.1
13756.3
13909.6
14211.3
14274.3
14788.5
15398.1
15415.3
15652.0
15699.1
15872.7
16168.9
16516.6
16834.0
17349.1
17444.5
17469.5
17599.7
17636.5
17804.5
17927.4
18392.7
19096.0
19098.1
19511.5
19992.7
20284.2
20362.8
20542.7
20666.1
20773.6
20986.0
21025.2
21097.5
21256.2
21398.6
21411.9
21506.1
22126.1
22135.4
22310.9
22311.8
22555.5
22851.4
22879.5
