0.0
18.5
266.1
411.2
526.3
578.3
773.8
1109.9
1207.9
1725.7
1837.2
2018.2
2779.0
2850.7
2865.4
2929.6
3372.4
3681.5
3863.2
4062.2
4149.1
4501.4
5127.1
5357.4
5612.7
5717.6
5766.2
6415.5
7397.6
7605.2
7650.9
7707.6
7763.6
7769.9
7786.0
7793.3
7833.2
7924.0
7927.6
8477.8
8613.0
8624.7
8624.9
8689.6
9036.6
9165.4
9831.8
10016.5
10155.6
10367.4
10924.1
11345.8
11547.0
11643.4
12034.3
12507.1
12558.8
12668.2
12780.9
13464.9
13868.0
13955.3
14204.2
14649.6
15218.7
15253.3
15475.6
15484.2
15545.9
15551.8
15665.8
15773.8
15833.3
16144.9
16346.1
16353.8
16447.1
16857.5
17206.7
17287.4
17556.4
17791.8
17913.7
18097.4
18120.1
18145.3
18199.7
18413.6
18823.4
18866.1
18946.4
19339.7
19383.5
19513.4
19617.5
20181.3
20215.1
20414.8
20423.3
20429.4
20502.2
20847.2
20991.1
21342.1
21503.9
21602.7
21653.6
21717.8
21954.2
22063.7
22093.6
22307.1
22651.0
22736.9
