33.3
41.1
147.2
222.8
223.9
301.5
383.6
392.9
572.9
736.4
774.9
1170.5
1306.1
1689.2
1868.4
2074.8
2303.8
2330.3
2442.3
2644.3
2773.5
2840.3
3011.2
3249.0
3256.7
3432.9
3764.5
4116.0
4339.1
4570.2
4654.6
4677.9
4711.8
4848.8
4942.7
5108.3
5133.1
5237.8
5242.9
5361.1
5392.4
6217.6
6258.2
6457.7
6955.5
7008.9
7119.3
7237.5
7502.7
7652.3
7852.3
8151.6
8754.1
8919.8
9146.7
9449.3
9490.1
9755.8
9995.2
10246.8
10419.1
10522.7
10526.4
10557.3
10704.8
10755.0
11422.2
11445.0
11507.0
11721.3
12010.9
12108.2
12229.3
12678.6
12713.3
12839.8
12983.7
12991.7
13192.1
13495.4
13965.0
13998.5
14206.1
14414.8
14470.7
14580.9
14718.1
15421.8
15631.8
16015.5
16159.9
16320.8
16917.4
16921.1
17189.0
17357.0
17958.9
17973.8
18201.5
18600.1
18711.3
18787.0
18998.4
19006.2
19093.8
19242.8
19320.4
20477.0
20703.7
20821.3
21052.3
21097.9
21103.4
21165.1
21540.6
21603.3
21964.3
21968.2
22148.9
22177.3
22423.7
22535.2
22668.9
22909.6
22911.3
