130.4
655.9
686.4
1157.6
1332.3
1428.4
1592.7
1656.5
1657.6
1863.7
2187.5
2533.2
2756.9
3192.4
3529.2
3555.1
3693.6
3852.6
3960.7
4333.7
4384.8
4609.5
4766.5
5077.8
5347.9
5411.8
5986.0
6207.6
6802.3
6821.0
7075.1
7479.4
7740.1
7759.4
8017.4
8109.8
8134.6
8141.5
8872.2
9212.2
9358.9
9417.8
9433.5
9705.1
9709.3
9968.4
9992.7
10097.4
10279.2
10471.6
10773.5
10812.9
11713.0
11732.1
11783.9
12333.3
12551.2
12857.0
12860.4
12867.0
12886.8
13147.9
13152.8
13513.3
13783.7
13869.8
13873.5
14047.4
14108.7
14192.7
14717.9
14787.7
14826.5
14929.8
15096.6
15348.2
15668.2
15901.4
15965.0
15971.4
16079.5
16150.3
16206.0
16451.6
16534.0
16810.1
17107.2
17135.8
17327.9
17328.0
17354.9
17449.6
17617.6
17636.6
17794.3
18427.6
18538.3
18570.9
18821.6
18840.6
19145.9
19791.5
19923.4
20138.2
20556.2
20812.4
21325.5
21393.3
21488.0
21563.9
21745.0
21826.4
21943.2
22040.0
22078.6
22700.9
22729.2
22826.8
