1504.8
1547.4
1555.9
1669.5
1928.6
2117.2
2128.0
2214.7
2515.8
2594.8
2702.1
2774.6
3303.2
3469.5
3594.0
4057.3
4128.5
4160.9
4225.6
4349.0
4618.0
4799.1
4828.2
4944.0
5005.5
5227.6
5395.8
5656.5
5680.6
5806.3
5816.1
6221.4
6317.4
6354.7
6526.1
6860.0
7308.9
7374.0
7413.4
7488.8
8899.0
9050.8
9261.0
9581.8
9658.2
9671.1
9930.0
9941.3
9977.0
10425.4
10758.0
11428.2
11457.4
12366.2
12592.3
12669.5
13029.3
13446.3
13606.8
13697.2
13827.8
13845.3
14546.7
14735.5
14932.9
15066.6
15079.7
15436.3
15645.0
15693.8
16451.0
16631.8
16827.5
16876.0
16903.2
17169.7
17259.3
17333.4
17381.2
18092.2
18137.8
18255.0
18941.2
19442.6
19476.0
19626.0
19893.7
19963.0
20148.3
20336.3
20591.9
20631.8
20734.6
21708.7
21776.8
21797.0
21848.0
21881.3
21905.0
22170.7
22245.7
22351.0
22692.3
