331.0
1000.8
1137.7
1334.8
1437.1
1524.2
1747.0
1787.8
1827.2
1948.5
2401.4
2782.3
2808.5
3032.6
3060.6
3469.6
3872.2
4051.3
4256.3
4486.6
4501.2
4658.8
4770.1
5531.0
5681.5
5873.1
6242.7
6422.3
6446.9
6579.3
6772.7
7009.4
7195.5
7269.0
7325.6
7707.8
7849.5
7898.5
8092.6
8972.3
9047.9
9068.9
9097.6
9145.8
9588.2
9724.0
9814.3
9972.8
9990.8
10378.1
10513.1
10884.7
10972.4
11012.1
11373.0
11624.5
12137.2
12229.1
12281.8
12345.9
12377.4
12428.2
12439.0
12478.0
12718.2
12810.2
12905.4
12949.8
12950.7
13085.8
13159.0
13518.9
13541.3
13564.1
13569.2
13608.4
13649.2
13923.2
13997.5
14124.9
14194.5
14709.5
15289.5
15485.7
15848.2
16038.8
16110.1
16121.6
16488.7
16697.5
17251.2
17292.6
17574.6
17772.7
17902.2
18011.5
19063.3
19215.7
19676.9
19692.7
19818.1
19937.6
20216.4
20631.9
20797.3
20936.5
20961.4
20987.0
21103.9
21904.6
22067.5
22244.0
22343.9
22432.9
22909.5
22985.6
