214.1
226.9
357.2
547.9
721.8
1049.5
1057.2
1122.6
1413.9
1493.0
1568.7
1683.4
1780.2
1821.7
1835.7
3037.1
3109.4
3256.4
3447.1
3523.6
3679.0
3915.5
4160.4
4229.0
4293.5
4346.8
4378.3
4413.6
4476.8
4642.2
5206.0
5520.6
5553.0
5604.5
5858.5
6053.3
6199.5
6504.3
6696.4
6846.2
7377.4
7675.7
7763.6
7817.1
7888.5
7971.1
8471.5
8580.3
9654.8
9872.6
10109.6
10414.4
10449.4
10492.7
10505.6
10586.4
10700.3
10825.7
11197.0
11220.5
11275.6
11465.1
12170.3
12458.6
12468.8
12744.2
12893.2
13212.7
13331.3
13445.7
14036.8
14517.3
14596.8
14904.6
14960.6
14981.1
15961.9
16301.5
16343.5
16521.0
16827.2
17110.2
17133.7
17214.4
17387.4
17401.7
17465.3
17598.9
17635.8
17822.8
17987.3
18108.3
18214.1
18259.1
18553.1
18870.1
18933.5
19119.4
19144.3
19247.1
19370.0
19479.7
19480.8
19549.3
20048.4
20325.7
20617.0
20695.8
20972.1
21137.4
21235.0
21297.1
21460.1
21614.9
21684.3
21862.1
21921.6
22012.1
22127.5
22208.7
22215.1
22530.3
22770.3
22913.6
