56.6
392.7
554.7
839.9
1094.0
1202.4
1203.1
1210.1
2031.5
2182.1
2250.4
2937.3
3088.7
3450.1
3500.3
3598.2
3634.8
3760.8
3968.7
4095.1
4164.6
4216.3
4503.9
4565.3
4613.3
5013.2
5086.1
6128.4
6369.8
6499.8
6767.6
7112.5
7164.6
7292.9
7297.2
7721.8
8062.9
8320.1
8375.8
8630.2
8789.4
9219.1
9279.0
9599.3
9746.2
9863.2
9989.2
10468.4
10652.1
10702.6
10708.6
10881.4
11299.5
11359.8
11508.2
11602.6
11692.9
12148.7
12327.3
12810.5
12817.7
12897.2
13082.2
13185.3
13374.0
13390.1
13505.2
13514.7
13514.8
13744.4
13935.0
13966.5
14184.6
14212.9
14365.1
14412.0
14488.4
14611.1
14867.1
14886.8
15099.6
15319.0
15496.4
15564.1
15733.6
15838.8
15867.2
16110.2
16296.9
16392.1
16501.6
16601.7
16869.8
16964.0
17092.4
17741.6
18117.2
18247.6
18269.2
18449.7
18637.5
18784.1
18860.3
19555.7
19892.6
19942.3
20071.1
20196.8
20257.3
20576.8
20678.5
20704.4
20854.5
21330.3
21528.2
21630.9
21632.6
21788.7
21921.3
22238.6
22399.1
22404.5
22645.9
22804.0
