0.1
3.6
543.5
543.9
744.1
1143.2
1247.0
1282.5
1327.6
1381.6
1551.0
1634.7
2157.0
2345.8
2978.5
3151.0
3200.8
3331.0
3448.0
3707.4
3804.2
4045.7
4301.9
4356.6
5112.8
5220.0
5332.1
5490.3
5843.3
6185.8
6283.4
6404.1
6667.8
6981.8
7174.5
7324.6
7546.3
7750.5
7765.2
8231.9
8750.2
8858.9
9029.5
9086.4
9406.2
9706.3
9847.1
10156.2
10188.0
10566.9
11153.6
11392.7
11519.7
11784.7
12447.7
12746.0
13223.6
13237.7
13310.9
13352.5
13372.9
13558.3
13677.7
13817.6
13841.1
13876.3
14320.5
14381.4
14499.9
14879.8
15033.5
15859.0
16479.2
16955.8
17031.9
17378.4
17567.3
17723.2
18132.8
18212.4
18951.2
19189.9
19436.8
19582.3
19911.0
20006.6
20127.8
20402.1
20428.3
20502.9
20695.1
20882.9
20901.1
21028.7
21425.5
21591.2
21781.8
21849.7
21861.0
22127.4
22395.5
22432.0
22436.2
22545.8
22564.5
22658.4
22675.6
22878.3
