56.7
292.4
427.3
592.9
1038.4
1085.2
1125.7
1191.7
1378.9
1480.9
1967.6
2070.3
2364.8
2387.5
2497.9
2822.0
3068.9
3141.2
3152.1
3554.9
3588.7
3975.1
4022.8
4525.3
5211.6
5267.1
5522.6
5941.3
5948.7
5988.6
6030.3
6074.7
6081.7
6146.1
6480.0
6480.5
6762.5
7073.7
7442.6
7769.3
7772.4
7922.5
7952.2
8179.9
8275.7
8388.5
8454.6
8502.3
8557.3
8765.3
8886.5
9081.3
9332.9
9379.9
9500.8
9531.8
9584.4
9861.4
9872.9
10645.0
10698.6
10946.4
10955.3
10965.3
11156.9
11224.1
11760.8
12445.6
12645.6
12786.7
12824.1
12884.7
13121.4
13151.2
13501.4
13514.3
13688.9
13696.8
14616.4
14672.0
14677.7
14721.6
15032.5
15961.6
16596.1
17130.7
17164.7
17173.2
17284.4
17435.8
17502.6
17721.2
18211.9
18354.2
19458.5
20369.0
20392.0
20521.1
20599.6
20781.8
20857.4
20935.5
21380.1
21475.8
21659.7
22038.7
22061.4
22319.1
22356.8
22421.0
22533.5
22679.1
