397.7
696.8
1015.4
1035.5
1199.8
1283.0
1606.7
1940.0
2163.8
2284.6
2448.9
3157.4
3229.3
3257.3
3418.3
3835.0
3859.6
3914.0
4017.8
4080.5
4223.9
4243.8
4466.2
4839.7
4974.1
5295.4
5298.2
5413.5
5550.6
5638.0
5883.4
6292.3
6469.6
6601.1
6804.1
7170.3
7271.3
7458.1
7713.2
7754.2
7782.2
7895.0
7985.9
7988.7
8200.7
8415.1
8634.3
8715.1
9357.1
9400.6
9663.3
9687.8
9762.2
10419.1
10853.0
10975.3
11180.7
11278.3
11305.9
11567.4
11772.9
11989.9
12147.2
12698.4
12845.8
12915.5
13040.7
13295.4
13298.4
13394.3
13649.9
13737.5
13788.5
13881.2
14001.6
14034.6
14649.0
14746.4
14877.3
15048.8
15173.5
15303.2
15382.9
15427.4
15682.7
15886.3
15997.1
16210.7
16267.4
16318.3
16487.2
16782.5
16946.1
17273.0
17300.5
17419.4
17495.1
17577.6
18083.4
18233.9
18680.4
18790.6
19099.4
19183.6
19201.9
20092.6
20117.2
20128.2
20228.9
20295.1
20530.5
20724.1
20870.9
21057.4
21156.1
21287.2
21502.5
21661.3
22043.9
22438.2
22471.8
22554.7
22986.9
