287.1
329.9
394.1
1023.3
1833.7
2085.1
2188.8
2350.7
2580.0
3005.4
3021.7
3055.0
3309.1
3565.0
3661.1
3714.1
3724.5
4024.1
4261.7
4278.8
4377.3
4500.8
4938.9
5174.6
5326.0
5608.7
5667.9
6168.3
6368.1
7113.3
7388.2
7437.6
7930.9
8111.4
8136.3
8357.3
8619.4
8981.5
9142.4
9292.2
9478.9
9510.3
9592.7
9680.1
9712.9
9960.2
10071.2
10151.7
10248.0
10472.3
11019.2
11178.6
11281.9
11525.7
11854.1
12030.9
12081.2
12119.0
12548.4
12907.1
13301.8
13331.0
13497.6
13595.5
13804.3
13974.0
14028.7
14034.0
14269.3
14298.7
14561.6
15132.6
15743.7
15811.4
16115.1
16487.8
16555.5
16574.6
16592.2
16607.2
16784.5
17133.5
17232.4
17742.0
18409.8
18525.6
18539.5
18606.8
18630.2
18742.1
19036.1
19344.1
19472.5
19525.7
19564.6
19832.3
20014.3
20290.8
20577.3
20648.1
21073.8
21487.5
21516.7
21667.7
22042.3
22372.0
22770.4
