203.5
855.5
861.2
886.9
1007.5
1137.1
1171.1
1314.6
1801.0
2491.9
2571.3
2731.2
3086.4
3207.3
3554.1
3561.9
4311.7
4372.7
4645.3
4765.7
4927.4
5114.9
5236.0
5295.0
5418.4
5598.6
5626.6
6014.1
6177.9
6222.7
6776.6
7523.8
7753.9
7844.8
7894.6
7899.2
7909.6
8169.2
8256.4
8579.4
8626.7
9152.2
10907.1
11380.3
11544.5
11708.2
11971.8
12292.8
12325.7
12580.9
12782.7
13162.9
13534.4
13646.6
14041.0
14206.8
14492.0
14544.7
14942.1
15047.0
15133.4
15643.4
15801.8
15903.8
16301.6
16344.7
16503.9
16750.1
16965.8
16982.8
16992.0
17011.4
17161.8
17222.6
17653.2
17771.5
17843.4
18733.2
18927.0
19030.4
19234.9
19503.9
19705.7
19867.9
19980.0
20202.4
20247.1
20256.3
20389.3
20564.2
20885.0
21512.5
21525.0
21741.6
22036.5
22046.3
22493.6
22500.2
22519.1
22681.5
22922.6
