53.3
182.7
216.1
497.8
679.0
748.8
787.6
1363.2
1646.4
1647.5
2448.9
2911.0
3099.1
3131.2
3454.0
3608.1
3613.8
3886.2
4289.6
4570.5
4591.3
4591.7
4595.4
4705.9
4906.6
5112.9
5158.9
5159.3
5247.0
5291.1
5346.9
5415.7
5607.4
5759.7
5940.8
6139.3
6538.0
6565.1
6815.0
6890.9
6971.5
7103.7
7157.3
7774.5
7934.3
7992.6
8092.5
8340.6
8863.8
8884.8
8986.4
9016.4
9094.4
9303.4
9865.2
9893.3
10238.2
10536.2
10575.1
10966.9
11030.2
11516.0
11783.7
11787.3
11829.4
11865.0
11921.5
12856.7
12984.8
13392.1
13499.9
13598.3
13733.3
13756.4
13931.5
14693.4
14911.5
15012.0
15029.8
15456.2
15509.6
15554.8
15808.1
15883.8
15955.8
16007.1
16425.2
16558.6
16720.9
17125.7
17173.0
18046.4
18321.5
18511.0
18575.5
19101.2
19106.4
19410.7
19536.3
19881.3
19931.8
20219.7
20437.0
20526.5
20585.3
20586.5
20611.2
20871.2
21331.9
21403.2
21547.4
21575.4
21722.5
21752.5
21753.4
22086.0
22830.1
