1146.5
1151.3
1349.6
1473.0
1728.4
1974.2
2132.8
2152.5
2153.3
2303.3
2800.7
2856.0
4165.6
4261.2
4277.8
4348.0
4515.8
4611.5
4903.5
5627.0
5661.8
5960.1
5992.0
6293.5
6449.3
6487.5
6562.6
6755.5
6781.9
6879.8
6884.0
6907.1
6990.5
7285.1
7510.6
7620.7
7722.1
7772.9
7794.7
7799.6
7826.9
7912.5
7936.6
8247.3
8287.8
8872.9
9054.4
9321.7
9495.8
9716.6
9896.1
9904.3
10213.7
10332.0
10336.7
10427.9
10607.1
10656.1
10878.6
11124.2
11318.4
11438.9
11749.9
11773.6
11818.7
12158.6
12182.7
12215.5
12356.3
12636.5
12670.0
12727.2
12941.9
12954.5
12993.6
13332.9
13567.1
13863.9
14060.4
14164.5
14284.8
14432.0
14972.4
15188.1
15271.4
15712.4
15731.3
15768.2
16361.5
17514.9
17987.8
17993.1
18093.4
18683.1
18779.3
18818.6
18856.1
18911.2
19250.2
19473.1
19519.8
20128.6
20232.5
20958.3
21262.9
21493.3
22110.2
22321.4
22684.3
22706.8
22792.6
22962.7
