120.7
160.2
429.0
479.1
1106.7
1123.5
1519.8
1669.6
1774.7
2734.7
3249.7
3428.9
3596.2
3637.0
3740.0
3792.0
3888.1
3955.5
4241.7
4653.9
4821.5
4873.8
4883.4
5133.4
5352.0
5356.2
5630.8
5671.0
5879.8
6014.7
6255.1
6365.0
7031.2
7128.0
7285.5
7573.0
8262.5
8353.9
8688.3
8820.7
8829.0
8992.5
9898.2
10200.1
10601.2
10719.9
11009.1
11349.0
11985.6
12179.5
12293.6
12326.0
12517.8
12728.9
12827.2
13373.4
13473.4
13589.7
13596.2
13760.9
13874.1
13932.8
14051.8
14257.3
14273.8
14279.0
15196.9
15385.3
15463.6
15521.8
15557.7
15652.1
15994.5
16563.5
16654.8
16873.8
16876.0
16939.3
17062.8
17156.4
17179.7
17343.2
17376.3
17523.7
17774.3
17868.3
18551.7
18606.7
18694.4
18724.7
19447.2
19475.4
19543.3
19786.0
19878.6
19922.5
20840.0
21363.7
21379.4
21400.4
22019.7
22078.0
22473.8
22611.8
22796.7
