167.2
208.0
297.2
673.2
846.1
916.4
1068.0
1201.2
1485.3
2420.6
2751.2
3036.2
3049.5
3193.3
3518.6
3989.8
4090.0
4163.8
4283.7
4321.7
4790.1
5171.9
5205.4
5213.6
5488.4
5588.3
5645.7
5885.5
5945.0
6056.2
6207.9
6405.1
6534.0
6749.5
6849.2
6894.3
7048.8
7090.2
7178.1
7216.0
7300.5
7309.2
7492.0
7591.2
7992.7
8042.1
8094.4
8198.6
8409.3
8414.9
8428.4
8458.7
8635.8
8974.7
8976.3
9149.2
9540.9
9719.8
9893.9
10024.2
10690.1
11243.0
11299.8
11335.5
11410.2
11729.5
11974.9
12050.1
12155.6
12443.9
12547.4
12598.7
12900.9
13035.9
13154.8
13452.2
13572.0
13645.6
13683.2
13760.7
13914.6
13919.5
14015.8
14016.6
14642.6
15678.3
16237.7
16319.3
16433.6
16823.7
17212.0
17298.2
17352.7
17587.4
17596.2
17822.4
17880.9
18645.0
19142.2
19184.5
19275.2
19307.5
19579.2
19821.0
19881.4
20130.1
20182.8
20427.3
20635.3
20836.9
21205.4
21239.7
21577.8
21617.1
21921.9
22129.7
22263.0
22396.1
22701.7
22714.4
22756.0
22806.6
