227.1
236.8
338.6
592.6
669.1
887.8
908.2
1412.9
1509.4
1816.5
1987.1
2366.5
2845.2
2876.3
4002.0
4112.9
4214.0
4343.8
4896.8
5022.5
5313.0
5339.1
5363.1
5569.2
5598.6
5629.1
5854.8
6086.2
6120.9
6180.2
6307.2
6333.3
6422.1
6706.9
6970.6
7434.9
7724.3
8071.3
8100.9
8252.4
8527.2
8807.4
9204.5
9361.3
9794.1
9958.9
10241.0
10286.1
10575.0
10608.8
10624.5
11248.9
11523.1
11592.7
11600.1
11636.8
12234.8
12242.4
12759.5
13082.0
13457.0
13473.9
14003.6
14132.0
14339.5
14607.9
14660.9
14679.2
15337.7
15353.2
15353.5
15398.8
15587.3
15709.1
15741.9
15794.5
15849.1
15917.4
15980.4
16087.5
16130.8
16198.3
16226.8
16349.1
16487.4
16704.5
16906.3
17021.7
17414.2
17517.5
17634.8
18101.0
18104.6
18302.8
18564.8
18683.7
18687.4
18933.5
19372.6
19804.3
20050.9
20093.9
20187.5
20758.7
20968.9
21079.2
21253.5
21281.8
21635.0
21720.4
22201.3
22219.8
22843.9
