15.0
326.0
588.1
680.5
775.1
781.0
839.4
1059.5
1064.7
1151.1
1232.9
1233.6
1430.9
1773.8
1966.4
2217.0
2453.8
3315.6
3611.0
4127.8
4956.6
5045.0
5665.9
5731.5
6088.7
6982.8
7226.1
7264.3
7294.7
7353.4
7652.1
8508.5
8788.3
9137.0
9295.2
9446.6
9511.9
9534.3
9721.3
9983.4
10656.6
11031.2
11097.8
11222.4
11391.5
12594.8
12902.1
13046.0
13779.8
13845.5
14283.2
14808.2
15255.0
15494.5
15521.9
15723.9
15903.3
15946.7
16035.9
16302.9
16981.4
17054.6
18086.7
18174.7
18326.8
18612.4
18640.4
18769.8
18860.4
19060.4
19184.5
19197.2
19767.4
20037.8
20250.1
20323.0
20836.3
20873.5
20947.6
21579.0
22488.4
22735.4
22844.4
