33.9
90.6
213.6
516.2
538.5
981.4
1335.8
1419.2
1587.1
1842.3
2139.9
2185.6
2231.8
2337.4
2384.6
2397.6
2577.2
3234.6
3497.3
3711.8
4146.7
4187.6
4264.9
4267.0
4332.0
4737.4
4802.4
5090.1
5167.0
5385.3
5535.9
5731.6
5761.3
5828.1
6209.4
6594.5
6773.5
7144.4
7450.9
7520.1
7644.3
8363.4
8617.7
8675.9
8700.4
8795.0
9259.5
9432.3
9760.2
10071.9
10353.6
10442.3
10489.6
10581.3
10909.1
11274.4
11433.0
11769.3
12205.6
12247.0
12639.6
12653.6
12698.7
13470.1
13764.6
13846.7
14185.8
14424.9
14666.6
14742.5
14889.4
15955.7
16071.3
16167.1
16358.5
16649.8
16765.1
17015.6
17273.8
17354.6
17585.7
17632.9
17836.6
17837.7
18027.1
18374.5
18441.3
18493.9
18917.6
19119.2
19344.4
19374.4
19431.0
19664.4
20222.1
20419.8
20433.2
20608.1
20709.4
20767.5
20838.4
20990.5
21272.7
21292.3
21302.9
21696.9
21733.4
21914.8
21923.0
21944.8
22145.5
22352.5
22392.3
22427.5
22523.2
22623.1
22716.2
22827.8
22871.5
22957.5
22994.3
22995.7
22995.8
