2.5
112.3
249.8
480.3
577.4
679.1
744.3
859.8
1106.5
1280.1
1335.0
1440.4
1459.2
1486.5
1581.9
1662.9
1755.7
2018.2
2301.2
2826.0
3593.4
3613.2
3653.4
3792.4
3840.1
3958.0
4019.7
4783.1
4965.4
4997.5
5485.9
5622.9
5737.3
5866.5
6046.1
6246.4
6252.5
6721.5
6916.2
7047.4
7556.2
7622.4
7888.9
7918.1
8081.6
8206.8
8386.5
8394.1
8471.9
8598.2
8801.4
9036.8
9342.4
9449.9
9484.3
9698.6
9888.2
9986.6
10180.1
10314.2
10341.6
10424.2
10436.4
10516.3
10637.1
11226.6
11461.2
11467.9
11489.1
11497.4
11534.4
11554.5
11640.8
11857.9
11868.0
12098.4
12146.0
12256.8
12514.8
12702.3
13006.7
13133.5
13138.3
13194.1
13213.3
13246.9
13773.1
13884.9
13982.3
14033.3
14574.8
15146.7
15252.1
15688.6
15866.7
15996.8
16226.6
16829.3
17015.1
17213.3
17228.0
17260.3
17311.1
17347.1
17387.6
17706.4
18213.8
18827.0
19181.3
19202.2
19355.8
19388.3
19477.3
19597.7
19633.5
19894.6
20603.8
21158.8
21291.9
22973.0
