399.5
519.4
568.0
733.5
1041.9
1973.2
2370.2
2652.7
2676.2
2830.7
2841.2
3213.5
3274.5
3408.0
3630.5
3697.1
3801.1
3922.5
4199.9
4303.2
4622.7
4788.4
4891.4
4902.8
5296.2
5530.3
5602.6
5670.0
6016.1
7133.5
7267.7
7374.8
7582.9
7899.4
8281.2
8332.7
8417.1
8463.1
8549.4
8700.2
8842.7
8936.0
8988.4
9015.1
9025.9
9253.4
9278.7
9468.6
9772.6
10247.2
10472.7
10577.7
10715.5
10829.4
10845.8
11342.0
11654.4
11830.7
11896.3
12021.0
12154.4
12719.6
12993.4
13034.2
13181.9
13410.1
14259.2
14481.1
14904.5
14939.9
15148.4
15326.7
15473.2
15777.4
15848.9
16032.7
16977.0
17055.9
17063.5
17112.2
17355.5
18004.9
18487.8
18534.1
18818.7
18893.5
19285.9
19374.4
19419.7
19471.5
19605.0
19641.8
19651.3
19687.8
19899.5
20171.0
20473.0
20789.0
20851.7
20879.0
21221.2
21272.7
21536.5
21613.1
21710.1
21739.6
22618.0
22919.1
