56.5
338.9
754.8
1077.9
1155.9
1571.4
1644.9
1878.9
2045.1
2198.5
2466.4
2574.0
3029.8
3172.9
3352.3
3502.1
3702.3
3747.9
3887.7
3953.8
4081.0
4111.7
4212.4
4224.2
4426.9
4464.1
6463.9
6733.5
6769.4
7150.3
7359.4
8142.8
8706.0
8751.9
8780.2
8914.3
9377.2
10252.1
10317.2
10431.1
10555.0
10867.8
10964.8
11155.8
11358.3
11508.5
11610.1
11810.4
11875.2
11965.8
12097.5
12276.0
12497.2
12823.2
13303.4
13473.8
13483.4
13496.6
13502.6
13558.7
13701.6
13717.2
13934.2
13949.6
13972.6
14388.4
14396.3
15122.1
15624.9
15736.6
15928.1
16103.3
16135.4
16713.2
16715.5
16950.0
17463.8
17660.3
17687.5
17733.9
17828.9
17942.1
17953.8
18031.3
18885.7
18916.5
19011.9
19293.1
19321.2
19429.4
19507.4
19770.5
19810.3
20272.0
20425.9
20506.8
20517.6
20748.1
21138.3
21319.9
21653.7
21663.3
21992.2
22155.6
22549.6
