47.9
256.8
362.4
429.8
630.5
1032.4
1072.2
1123.3
1345.5
1378.5
1445.2
1658.1
1674.8
1705.3
1769.4
1832.3
2109.3
2140.2
2203.5
2702.9
2891.5
3518.4
3760.4
3932.4
4115.3
4184.7
4648.1
4705.4
4877.2
5056.9
5084.5
5320.1
5556.4
5557.7
5675.0
5735.8
5769.5
5828.9
5849.4
6573.8
6591.1
7046.1
7103.6
7175.3
7244.3
7584.3
7734.4
7756.7
7767.8
7919.2
8065.6
8170.9
8559.6
8619.3
8759.6
8945.4
9639.5
9642.1
10567.1
10836.7
10841.7
10886.2
10985.1
11311.8
11359.3
11667.5
11693.4
11745.3
11746.4
11776.8
11855.4
11909.0
11917.5
11950.9
12380.8
12439.0
12526.5
12775.4
12887.4
13049.6
13546.2
13583.8
13664.3
13730.4
13849.2
14181.3
14431.3
14568.2
14790.9
14864.7
14883.4
15286.3
15532.3
15770.0
16233.7
16442.6
16462.9
16631.2
16999.9
17003.8
17097.3
17236.3
17370.3
17580.8
17844.7
18061.1
18605.3
18809.2
18820.1
19175.4
19248.8
19442.0
19669.8
20158.0
20238.8
20507.4
20881.4
20937.7
21002.7
21101.7
21300.3
21324.8
21382.5
21650.8
21662.1
21961.7
22218.4
22319.9
