369.0
485.5
565.9
603.1
630.3
755.1
897.8
1401.8
1693.9
1990.2
2369.6
2550.8
2678.2
3785.3
3877.1
4103.9
4401.0
4492.2
4529.1
5067.5
5087.7
5098.0
5167.5
5429.5
5598.1
5689.3
5878.7
6020.7
6107.1
6332.1
6509.0
6624.7
6650.9
6698.4
6715.4
7099.9
7240.3
7479.3
7708.0
7781.7
7962.2
7978.5
8081.7
8253.6
9093.4
9336.8
9445.1
9683.8
9980.8
10022.3
10033.0
10136.1
10392.3
10487.1
10534.3
10774.9
11067.1
11256.8
11565.9
11707.6
11766.2
12023.4
12217.7
12248.7
12430.9
12530.6
12535.9
13192.9
13354.2
13494.3
13600.2
13791.8
14044.1
14093.2
14175.0
14217.8
14285.5
14370.2
14580.0
14764.8
15083.8
15101.3
15378.7
15465.7
15490.3
16212.0
16222.4
16233.6
16656.4
16735.5
16979.2
17527.7
17647.0
17811.7
17982.8
18145.5
18197.3
18229.8
18347.5
18844.0
19005.3
19170.3
19348.5
19905.9
20005.2
20298.2
20337.3
20668.3
20850.1
20962.9
21126.8
21417.0
21420.1
21629.6
21703.6
21738.6
21856.9
22000.8
22541.0
22941.6
