145.3
477.8
554.1
723.8
1187.3
1202.7
1501.8
2036.8
2574.9
2794.4
3233.5
3343.8
3826.3
3835.2
4156.7
4274.8
4662.5
4893.4
5155.5
5342.2
5379.3
5719.8
5930.1
5984.4
6907.2
6977.7
7243.8
7370.6
7498.7
7690.2
7760.2
7895.8
7961.8
8093.8
8162.0
8291.6
8968.0
9381.2
9827.8
9877.3
9942.0
10358.1
10590.2
10701.3
10962.3
11322.1
11879.0
11901.7
12029.2
12038.2
12472.0
12483.5
12518.1
12843.6
13076.0
13157.0
13254.8
13259.3
13645.5
13687.5
13997.2
14413.5
14481.4
14660.0
14742.6
15048.8
15161.7
15212.7
15249.1
15261.6
15910.4
15976.5
16048.9
16082.6
16295.9
16530.1
16561.1
16577.2
16741.0
17073.2
17338.9
17441.0
17939.3
18313.7
18927.2
18951.3
19364.8
19755.6
19781.6
19969.9
20226.3
20386.8
20603.9
20844.2
21323.8
21503.6
21809.4
21889.4
22042.2
22284.5
22562.1
