89.5
95.4
199.8
339.3
1243.8
1475.6
1645.8
1939.6
2185.6
2233.7
2282.4
2539.7
2642.0
2687.1
3156.4
3238.0
3374.1
3572.1
3701.6
4104.6
4347.5
4367.1
4544.5
4826.2
5055.0
5342.8
5365.8
5612.2
5665.2
5941.3
6242.5
6489.4
6562.7
6792.2
6805.4
6862.5
6930.9
6946.2
7022.7
7085.8
7598.3
7608.8
7651.6
7811.8
7927.9
8002.4
8154.7
8367.5
8501.0
8651.5
8702.2
8703.2
8739.6
9139.2
9177.2
9691.0
9923.2
10228.9
10415.2
10489.1
10533.8
10561.9
10841.3
10882.7
10887.6
11272.4
11460.7
11611.5
11711.8
11779.4
12035.9
12429.9
13008.4
13180.3
13722.7
14052.3
14502.6
14597.8
14879.5
15101.6
15433.6
15838.2
15879.3
16090.5
16124.5
16285.4
16783.6
17156.0
17203.5
17542.2
17557.4
17705.2
18327.4
18553.1
18682.0
19466.6
19724.8
19917.5
20014.0
20132.8
20391.1
20775.1
20875.1
21038.6
21085.1
21249.1
21396.1
21790.7
21858.6
21978.0
22264.3
22267.8
22611.7
22766.5
22780.3
22832.3
