221.8
692.8
888.4
1024.3
1045.1
1336.5
1346.1
1390.4
1464.6
1540.0
1778.9
1881.9
2029.1
2220.8
2339.6
2613.0
2714.6
2842.6
2918.0
2992.8
3295.1
3410.0
3624.5
3786.7
4032.5
4286.2
4385.5
4768.4
4883.1
4903.4
5050.6
5171.0
5356.0
5515.5
5589.3
5604.8
5746.5
5959.6
6217.3
6382.9
6575.5
6820.6
7077.9
7127.0
7309.0
7333.3
7371.6
7429.8
7599.8
7763.4
8079.7
8226.3
8267.4
8406.7
8578.1
8737.8
8960.8
8974.3
8975.6
9045.2
9088.8
9232.2
9334.7
9599.8
9855.3
10084.9
10163.9
10465.4
10740.9
10789.4
10919.9
10928.0
11174.3
11231.3
11510.9
11580.7
11930.5
12043.0
12062.1
12270.1
12362.2
12763.9
12782.4
12795.5
12860.1
13026.4
13116.2
13144.2
13692.5
14046.7
14546.5
14577.9
15097.2
15143.1
15245.9
15381.5
15610.4
15733.7
15774.0
15820.7
16440.2
16540.0
16969.8
16993.1
17081.6
17126.2
17152.3
17422.4
17528.6
17700.4
17825.1
17969.5
18051.5
18200.8
18242.1
18495.3
18640.2
18673.7
18740.1
18891.0
19613.4
19653.8
19767.2
19864.6
19887.6
19926.8
20008.3
20142.9
20170.9
20362.8
20385.7
20387.3
20643.7
20657.6
20662.3
20966.3
21437.3
21511.8
21544.4
22191.5
22563.2
22619.4
22737.1
