19.2
193.1
512.0
1041.3
1065.6
1103.6
1104.7
1113.8
1194.5
1343.8
1512.1
1638.2
2036.1
2110.7
2211.5
2729.0
4409.0
4654.4
4718.2
4856.0
5372.1
5495.0
5710.2
6011.2
6155.5
6163.0
6209.0
6600.0
6686.7
6738.2
6747.7
7021.0
7204.0
7415.7
7599.6
8531.6
8571.4
8643.1
8846.5
8933.7
9154.5
9221.5
9341.7
9668.3
9796.4
10051.6
10234.3
10383.5
10386.0
10397.7
10749.6
10972.9
11031.4
12369.2
12484.5
12863.2
12989.8
12990.5
13084.4
13115.9
13405.4
13421.4
14135.6
14138.0
14203.5
14320.8
14426.9
14602.2
14865.4
15277.3
15304.9
15705.4
15777.1
15845.0
15952.8
16133.3
16147.2
16241.3
16414.7
16842.2
16964.3
17352.1
17556.2
18083.4
18102.9
18296.3
18666.7
18834.8
18847.4
19140.9
19361.8
19696.2
19862.1
19946.8
20102.9
20404.4
20729.5
21043.3
21141.1
21473.0
21664.4
22200.6
22574.1
22679.3
22843.6
