538.8
558.3
1074.4
1305.2
1369.5
1446.5
1560.0
1612.9
1774.9
1975.3
2100.2
2261.9
2262.0
2410.4
2772.4
3114.3
3169.4
3418.9
3619.3
3949.1
4226.6
4254.3
4845.8
4863.2
4874.7
5451.4
6186.3
6527.4
7684.9
7695.5
7771.2
8021.5
8047.2
8721.6
8786.2
8854.5
9036.1
9152.4
9359.5
9469.6
9528.0
9876.9
10059.5
10077.6
10320.3
10462.2
10688.2
10885.3
10919.8
11045.6
11370.8
11611.1
11745.1
11995.2
12024.1
12111.2
12172.6
12316.0
12512.8
12519.2
12705.3
12772.8
12810.9
13010.5
13154.7
13216.3
13345.5
13417.2
13816.5
14372.9
14670.8
14816.3
15033.7
15749.1
16342.4
16585.7
16939.8
17011.3
17038.2
17363.2
17415.6
17502.2
17773.1
17781.8
17804.5
17965.7
17995.5
18156.6
18186.2
18348.1
18401.5
18611.4
18721.6
19137.4
19189.1
19738.5
19740.0
19957.1
20016.0
20075.4
20323.4
20393.9
20459.4
20467.7
20486.9
20556.7
20849.4
21282.4
21305.6
21384.8
21522.2
21534.1
21846.3
22019.6
22215.5
22392.1
22413.2
22512.6
22800.5
22986.8
