10.5
86.6
138.3
283.4
441.6
446.6
777.0
1105.3
1253.6
1435.6
1512.3
1513.7
1913.6
1965.8
1986.6
2023.9
2292.3
2555.1
2740.6
2844.4
2892.2
3068.6
3125.2
3525.1
3540.4
3662.6
4086.0
4356.9
4782.8
4947.2
5117.2
5483.9
5536.4
5816.9
5947.5
5965.3
5965.7
6744.4
6873.2
7045.9
7637.9
7764.5
7850.7
7955.5
7956.1
8176.7
9076.1
9254.9
9296.8
9392.3
9500.1
9739.1
9785.6
10175.6
10222.0
10236.2
10362.0
11043.5
11102.6
11178.5
11415.3
11613.0
11618.8
12316.3
12448.5
12475.8
12555.9
12559.3
13056.9
13288.5
13477.9
13785.6
13794.4
13829.2
14141.7
14481.3
15240.8
15438.4
15669.5
15843.8
15854.3
16059.2
16122.9
16523.8
16576.4
16724.8
16914.9
16943.1
17201.2
17382.4
17389.3
17491.8
17512.0
17666.1
17813.9
17828.5
17863.6
18490.2
18507.4
18674.2
18904.0
19288.1
19858.1
19930.8
20405.1
20493.7
20504.0
20601.8
20973.5
21020.5
21850.7
22290.3
22327.5
22401.7
22528.5
22874.0
22909.2
