241.9
277.4
293.3
336.5
659.7
731.9
847.6
1083.1
1858.0
1894.5
1960.8
2032.9
2209.9
2461.2
2571.3
2665.0
2935.5
3284.4
3443.1
4015.7
4023.9
4342.6
4417.9
4507.3
5018.8
5805.5
6257.6
6391.2
6435.6
6911.7
7014.2
7416.0
7425.4
7584.4
7738.2
7803.6
7805.1
8150.7
8388.5
8598.6
8780.4
8983.7
9146.4
9809.9
9969.6
10021.0
10022.8
10377.3
10408.1
10491.0
10504.1
10544.9
11199.4
11423.1
11504.2
11565.4
11797.3
11870.7
11917.3
11945.5
11946.6
12083.6
12144.9
12329.7
12443.5
13009.5
13679.1
14149.1
14358.1
14451.7
14496.7
14632.8
14718.5
15235.1
15349.6
15370.7
15794.8
15807.2
16163.6
16334.4
16478.1
16587.7
16618.0
16921.1
17046.0
17075.4
17599.5
18561.6
18768.1
19826.9
19836.0
20004.9
20048.6
20062.8
20246.2
20377.5
20468.4
20548.3
20991.5
21055.4
21487.5
21750.2
21775.1
22024.7
22286.7
22353.9
22769.2
22790.6
22866.8
22950.4
