174.2
414.6
624.0
736.8
743.2
796.9
991.5
1603.9
1619.0
2076.1
2693.2
2936.5
3570.7
3811.2
3864.2
3977.3
4090.0
4177.4
4766.0
5064.2
5083.3
5160.2
5267.1
5270.8
5354.7
5464.8
5466.3
5513.5
5604.8
5770.1
6746.1
7080.9
7331.7
7341.0
7552.1
8414.9
8482.9
8885.9
8958.1
9053.8
9145.5
9436.9
9537.1
9631.3
9685.5
9746.3
9963.8
10194.6
10437.4
10500.2
11048.6
11092.9
11210.5
11653.3
11720.1
12350.4
12381.8
12984.3
13165.2
13199.4
13421.1
13589.0
13634.2
13799.0
13904.9
13998.1
14013.7
14663.4
14719.8
14762.6
14971.9
14998.1
15419.3
15728.2
15728.3
15752.7
15875.1
16073.6
16212.2
16285.6
16421.1
16897.2
16922.7
16943.8
17060.2
17062.6
17351.3
17445.0
17446.1
17569.4
17694.2
18697.2
19041.6
19395.3
19474.1
19526.1
19836.5
20029.2
20227.5
20688.1
20841.7
21066.3
21316.6
21572.3
21649.1
21800.1
21997.2
22453.9
22454.9
22624.0
22642.1
