539.4
709.5
804.2
1131.5
1145.1
1327.9
1355.5
1393.8
1652.2
1841.9
2202.9
2610.4
2683.1
3044.3
3325.1
3360.2
3800.1
4339.5
4346.1
4573.1
5054.8
5186.8
5681.1
5762.0
6106.1
6705.1
6820.1
7120.6
7175.9
7265.7
8003.2
8250.6
8498.0
9084.7
9488.7
9624.5
9792.3
10033.0
10114.1
10373.1
11018.2
11136.2
11187.9
11357.1
11582.8
11684.6
11949.2
12381.2
12467.4
12503.2
12944.0
13237.0
13267.8
13323.4
13333.2
13670.4
13904.8
14027.4
14350.4
14456.6
14468.7
14784.9
14808.5
15002.3
15190.0
15366.5
15952.9
16222.6
16303.6
16497.4
16590.8
16786.5
16946.8
17402.7
17539.9
17600.6
17931.4
18010.3
18035.7
18102.3
18126.6
18157.3
18461.3
18641.4
18826.3
19037.2
19176.5
19247.1
19395.1
19825.6
20034.1
20207.2
20336.7
20465.1
20784.4
20944.0
21557.9
21734.2
21819.8
22673.9
22928.7
