231.4
472.5
894.2
1078.2
1235.7
1739.7
1749.3
1791.1
2000.1
2044.3
2217.4
2275.5
2503.3
2850.8
2873.7
2900.1
2984.2
3252.8
4022.3
4070.6
4088.9
4442.8
4480.1
4507.4
4703.7
5356.8
5588.4
5693.3
5858.7
5929.3
6082.6
6315.3
6439.2
6470.3
6488.8
6543.6
6812.2
7049.0
7087.6
7235.7
7503.4
7596.1
8154.7
8416.5
8634.2
8716.8
9153.9
9196.6
9321.4
9527.0
9873.1
10612.0
10988.3
11175.9
11297.3
11853.5
11913.7
12330.0
12394.8
12411.5
12652.3
12726.4
12855.4
12942.3
13015.2
13325.6
13580.3
13606.8
13647.5
13799.0
13857.0
13869.4
14027.3
14063.0
14073.0
14310.0
14661.1
15094.8
15183.9
15391.5
15534.8
15582.4
15857.2
15892.9
15970.3
16487.5
17154.4
17601.3
18180.6
18491.7
18502.7
18631.4
18773.8
18944.8
19091.4
19127.7
19241.3
19408.0
19478.4
19635.8
19652.4
20924.4
20938.0
21196.1
21652.3
21686.1
21719.5
22463.6
22543.6
22922.2
