170.3
660.3
884.2
1199.0
1264.7
1620.1
1668.8
1771.3
1887.2
1921.4
2028.7
2576.1
2577.9
3125.1
3164.0
3588.1
3758.2
4228.3
4305.1
4419.8
4479.6
4629.9
4753.6
5385.3
5428.3
5674.5
5831.9
6265.8
6521.8
6581.8
6593.5
6678.2
6936.1
6948.2
7047.6
7143.9
7382.0
7427.5
7673.4
7717.5
7933.2
7996.2
8423.2
8489.6
8619.2
8819.3
9112.7
9300.8
9698.8
9817.9
10178.9
10393.4
10420.6
10815.5
11183.6
11464.5
11511.6
11530.7
12047.7
12090.5
12338.7
12368.3
12406.6
12995.3
13037.6
13304.4
13769.8
13839.8
14008.2
14130.9
14200.7
14380.7
14400.0
14472.7
14517.8
14631.7
15125.3
15234.9
15284.0
15382.1
15516.8
15751.5
15869.6
15969.9
16636.4
16695.3
16764.2
16949.9
17112.4
17431.6
17616.0
17937.4
18128.2
18271.2
18386.7
18613.2
18934.3
19193.3
19683.4
19817.3
19837.6
19893.5
20526.4
20587.6
20782.3
20824.1
21429.4
21497.8
21572.6
21675.5
22005.7
22098.7
22374.4
22550.2
22714.8
22912.5
22962.1
