258.4
348.1
813.1
816.1
886.0
1132.2
1153.9
1495.3
1614.2
1877.3
2340.6
2455.1
2510.3
2802.2
2859.0
3029.1
3222.1
3249.5
3409.9
3636.2
3852.1
4096.1
4509.8
4983.9
5069.2
5114.9
5361.3
5516.5
5624.6
6298.4
6688.7
6814.2
6861.2
6958.3
7029.9
7034.5
7622.3
7686.9
7976.2
8010.4
8067.3
8279.9
8288.6
8321.3
8481.6
8920.7
9481.4
9526.7
9592.4
9750.9
9978.8
10188.0
10242.6
10263.0
10364.3
10607.9
10644.0
10701.2
10701.7
10752.6
10780.9
10994.2
11205.5
11386.9
11451.8
11564.0
11974.4
12327.1
12333.8
12368.0
12529.5
12560.0
12739.4
12812.5
12882.5
13329.0
13404.7
13957.7
14329.0
14331.4
14505.3
14851.4
14963.6
15306.8
15520.4
15551.1
15674.1
16030.1
16547.2
16795.9
16840.3
17010.9
17149.5
17382.7
17531.2
17707.6
17769.9
18016.9
18021.2
18081.1
18128.5
18224.8
18625.5
18676.3
18849.2
19326.5
19339.1
20161.3
20469.6
20639.6
20735.3
20809.1
20815.2
21333.8
21458.7
21493.7
21531.8
21767.9
21811.8
22020.7
22220.1
22367.3
22757.9
22827.0
22970.5
