88.0
574.9
718.5
760.8
998.2
1244.3
1258.8
1322.9
1491.6
1569.0
1640.9
1957.6
2004.1
2011.3
2013.2
2111.5
2352.7
3113.4
3385.6
3438.5
3490.3
3549.4
3867.5
3916.2
4180.5
4239.3
4388.8
4630.8
4674.8
4996.1
5791.6
5798.4
5923.1
6101.6
6165.9
6402.4
6423.5
6584.4
6980.6
7192.5
7277.5
7402.7
7641.8
7654.0
8004.7
8320.0
8387.4
8391.9
8982.3
9049.0
9065.5
9133.1
9164.2
9239.6
9444.4
9572.4
9575.8
9594.1
10029.5
10135.5
10331.8
10487.9
10514.6
10742.8
11072.5
11078.4
11350.9
11609.4
11759.2
12638.8
12779.4
12841.6
13597.2
13895.6
13943.0
13948.4
14745.7
14856.6
15059.0
15085.3
15167.1
15219.8
15236.7
15328.6
15422.0
15479.9
15687.6
15691.0
15728.9
15761.7
15762.2
16170.6
16357.4
16373.4
16395.1
16421.8
16922.6
17284.6
17830.5
18095.7
18378.7
18574.2
18898.6
18949.8
19070.1
19165.1
19294.5
19341.0
19484.1
20253.4
20546.9
20602.7
20621.0
20673.8
20808.1
20908.9
20981.7
21027.2
21206.9
21578.6
21634.0
21833.4
21932.8
22230.5
22617.6
22790.6
