291.9
321.8
380.4
625.3
656.9
727.8
1097.8
1271.6
1294.5
1310.8
1660.4
1745.2
1936.2
1968.6
2124.9
2518.3
2530.9
2545.2
2781.8
2901.5
3201.6
3556.2
4028.9
4052.9
5174.5
5214.2
5255.0
5511.8
5648.4
5710.1
5978.1
6266.4
6379.7
6644.2
6883.7
7039.7
7070.8
7342.9
7417.1
8767.1
8958.1
9140.4
9211.5
9260.4
9719.5
9844.8
9869.5
10354.0
10757.1
11171.2
11558.9
11624.6
11653.4
11877.5
11975.5
12177.5
12190.3
13052.9
14481.7
14559.8
14624.0
14856.1
15139.9
15310.7
15415.6
15533.8
15763.4
16500.2
16513.6
16990.5
17050.0
17066.6
17380.3
17507.9
17863.8
18319.6
18769.4
18806.6
18891.9
19117.3
19330.8
19382.3
19719.8
19776.6
20127.2
20164.5
20293.4
20786.5
20979.0
21283.9
21431.3
21868.5
21929.3
21975.7
21986.3
22066.3
22402.2
22569.9
