236.7
624.9
696.8
1178.4
1208.8
1222.2
1306.8
1713.1
1850.2
2084.2
2206.6
2273.7
2397.9
2538.2
2679.5
2788.0
2816.6
3018.5
3022.5
3190.0
3292.6
3295.0
3446.6
3467.9
3622.9
3728.8
3745.5
3756.4
4045.3
4087.0
4155.0
4346.3
4355.8
4482.0
4727.2
4733.7
5189.3
5250.6
5334.9
5466.3
5544.6
5582.5
5831.5
6045.9
6110.4
6130.4
6332.2
6371.4
6671.0
6838.0
7136.8
7227.3
7771.1
7839.7
8281.5
8367.9
8424.3
8550.9
9033.0
9077.9
9087.4
9159.7
9174.7
9432.2
9873.8
10127.0
10219.5
10236.6
10280.1
10313.4
10507.0
10766.4
10771.4
10964.0
10966.6
11157.8
11159.5
11539.2
11855.8
12053.4
12617.7
12698.9
12919.5
12964.7
13166.2
13173.2
13344.5
13397.8
13483.1
13604.7
13622.4
13937.5
14097.8
14188.1
14223.1
14247.3
14349.8
14371.3
14752.9
14956.7
14976.9
14977.8
15102.7
15239.6
15240.0
15287.3
15569.9
15724.1
15748.2
15858.6
15882.3
16144.0
16224.4
16233.2
16334.6
16408.1
16648.2
16969.7
17292.9
17403.1
17468.3
18061.9
18236.8
18674.6
19343.1
19485.1
19718.2
19784.2
19887.5
20000.0
20174.3
20376.4
20972.7
21005.8
21029.6
21141.7
21338.9
21445.8
21509.7
21883.6
22499.1
22600.4
22648.3
22746.2
22784.3
