142.1
266.3
350.8
531.9
548.4
647.0
1334.6
1508.1
1646.1
1947.9
2107.7
2398.1
2472.0
2591.6
2699.6
2832.5
2923.7
3075.8
3295.9
3346.0
3531.1
3533.7
3597.2
3692.4
3904.3
3972.8
3978.4
4046.2
4138.8
4143.0
4313.5
4522.4
4875.7
5003.5
5140.3
5892.6
5902.5
5936.1
6019.3
6345.6
6588.7
6594.3
6926.6
7320.7
7492.2
7713.8
7912.9
8017.3
8339.2
8489.6
8641.6
9184.6
9531.7
9930.3
10091.7
10193.5
10197.1
10254.7
10818.3
10913.1
11100.4
11293.8
11382.6
11650.4
11681.1
12653.7
13046.2
13325.8
13615.8
13996.1
14242.8
14249.4
14397.5
14656.9
14732.8
15292.8
15391.9
15541.2
15845.3
16077.1
16458.6
16682.9
16786.2
17080.4
17362.4
17417.7
17664.5
17761.1
17896.5
17932.7
17998.5
18085.4
18087.4
18112.5
18533.2
18783.7
18995.3
19095.9
19276.5
19465.6
19483.5
19502.9
19689.9
19727.4
19900.2
20206.0
20303.2
20446.3
20457.4
20463.5
20531.1
20568.5
20897.0
20945.0
21583.6
22350.8
22393.8
22425.7
22721.0
22768.6
22856.9
