353.5
382.4
425.8
818.4
827.8
828.9
1000.7
1016.2
1110.8
1145.2
1185.5
1357.0
1358.9
1539.3
1879.4
2117.9
2358.3
2433.7
2559.5
3004.9
3028.1
3336.0
3583.3
3862.9
4019.6
4147.0
4519.9
4599.4
4677.8
4740.9
4878.0
5144.2
5149.9
5154.7
5250.3
5302.9
5483.8
5588.4
5810.3
6005.1
6106.0
6745.3
6953.4
7475.1
7508.0
7941.7
8445.8
8805.0
8878.0
8909.8
8951.2
9218.7
9384.4
9562.4
9608.5
9668.7
9894.2
9960.0
10024.2
10349.1
10597.1
10642.6
10778.5
10947.1
10974.5
11359.3
11427.2
11512.4
11539.5
11934.0
12036.4
12089.0
12436.8
12758.3
12786.2
13439.5
14015.2
14230.2
14766.3
15003.3
15170.9
15471.1
15978.3
16059.6
16156.8
16182.6
16215.3
16408.5
16679.9
16942.2
17974.2
18196.6
18251.2
18375.8
18392.1
18761.2
19012.8
19129.7
19456.8
19458.5
19486.3
19599.5
19601.8
19861.2
19921.9
20048.6
20183.0
20257.1
20290.7
20326.7
20708.6
20986.7
21162.3
21260.1
21436.1
21708.8
21983.5
22071.8
22247.3
22941.5
