44.4
446.5
904.3
907.8
972.4
1296.5
1563.4
1627.3
1696.1
1706.5
1766.8
2037.3
2218.6
2275.9
2639.3
2785.4
2792.6
2971.3
3045.5
3394.4
3425.4
3631.5
3707.8
3917.7
4198.4
4498.5
4552.3
4777.5
4786.5
4853.2
4925.9
5081.8
5102.0
5179.9
5673.5
5948.7
6136.1
6295.4
6615.6
6757.6
7096.8
7123.1
7503.2
7565.5
7577.3
7634.5
7860.9
8097.6
8368.7
8396.7
8550.2
8587.5
8671.4
8810.6
8819.3
8879.0
8969.1
9198.7
9211.0
9230.3
9282.9
9466.0
9605.6
9619.1
9752.7
9780.0
10265.6
10280.8
10374.6
10396.9
10509.1
10906.5
11120.6
11714.1
11787.0
12139.0
12187.2
12397.2
12412.5
12552.4
12816.4
13045.2
13059.6
13517.7
13521.1
14341.6
14448.6
14633.4
14873.7
15099.7
15305.7
15322.5
15339.7
15370.6
15424.4
15481.6
15520.8
15694.3
15773.9
16708.3
16756.5
16879.5
16956.4
17346.5
17476.5
18030.8
18253.5
18827.8
19081.5
19088.8
19949.1
20405.8
20731.7
20902.1
21085.5
21437.3
21503.2
21672.4
21758.5
21835.2
21951.5
21957.8
21964.4
21971.1
21994.1
22231.6
22397.2
22488.8
22525.2
22707.1
22786.6
22979.0
