34.7
51.5
727.9
1208.6
1241.3
1484.6
1689.1
2696.3
2855.5
2955.4
3203.6
3455.6
3537.1
3540.1
3653.0
3770.0
3970.4
3976.8
4179.8
5120.5
5245.3
5319.3
5374.4
5486.7
5675.6
5899.6
5952.8
5976.6
6433.6
6591.3
6669.5
7027.2
7313.2
7367.8
7662.9
7726.6
7764.6
7854.5
8153.6
8170.6
8243.9
8287.5
8340.6
8403.8
8586.9
8767.2
9036.9
9057.7
9240.6
9535.2
9613.5
9790.2
9899.4
10073.3
10334.2
10456.2
10484.1
10676.1
10749.4
11368.9
11587.0
11816.2
11863.5
12226.0
12514.3
12923.6
12961.2
13485.9
13560.0
13651.8
13846.4
14077.8
14269.8
14364.1
14678.8
14931.8
15058.5
15106.3
15316.1
15692.2
15878.5
16682.5
16792.7
16914.1
17453.1
17603.7
17848.9
18182.2
18201.1
18278.2
18421.1
18706.5
18812.2
18853.5
18883.9
18949.2
18981.8
19381.9
19558.6
19560.3
19642.4
19831.5
19864.2
19903.1
20009.8
20013.4
20023.9
20490.4
20712.1
20807.9
20870.2
20983.5
21294.8
21440.4
21451.3
21574.7
22101.2
22237.4
