32.2
438.3
579.7
739.6
900.3
1618.7
1728.6
2020.5
2411.3
2608.3
2704.3
3020.8
3423.6
3838.5
4134.3
4161.3
4619.5
4670.5
4848.1
4982.7
5003.6
5291.5
5450.6
5641.0
5657.3
5777.0
5789.4
5910.0
5998.2
6298.4
6502.9
6912.7
6972.4
7041.6
7078.8
7081.9
7113.3
7181.6
7601.1
7693.7
7911.2
7948.0
7996.6
8151.9
8187.0
8572.0
8666.9
8956.4
9105.1
9316.8
9710.2
9838.8
10014.5
10064.9
10173.9
10268.4
10334.5
10399.9
10425.3
10698.5
10925.8
11232.3
11286.1
11392.1
11599.6
11808.1
12038.6
12626.3
12691.8
12710.5
12885.6
13191.7
13616.7
14516.3
14780.6
15592.7
15763.8
16111.6
16520.1
16550.2
16738.2
16865.3
16975.6
17193.0
17241.7
17410.4
17623.9
17730.9
17874.1
18743.3
18987.9
19132.6
19261.0
19627.7
20319.0
20440.1
20489.2
20569.0
20610.4
20677.6
20716.8
21034.9
21051.7
21166.1
21518.0
21763.2
21865.4
22720.2
22743.0
