302.6
687.5
757.9
1074.3
1196.5
2105.1
2222.2
2289.7
2515.2
2572.6
2680.5
3271.2
3344.9
3790.9
3812.2
4485.3
4636.3
4708.4
5051.4
5178.7
5375.3
5843.0
5904.7
6233.9
6243.0
6436.8
6680.3
6960.2
7067.8
7085.5
7278.6
7510.8
7524.8
7529.7
7642.0
7684.9
7759.8
7798.5
8138.1
8339.4
8405.4
8647.5
8658.7
8714.4
8770.6
8789.8
9081.7
9129.0
9280.6
9386.7
9450.7
9491.2
9641.9
9652.7
10275.4
10368.0
10466.7
11144.9
11201.5
11338.9
11356.8
11709.5
11717.5
11857.7
12109.5
12110.7
12327.9
12397.3
12439.4
12768.9
12910.1
13970.8
14196.3
14270.7
14372.5
14443.8
14757.9
14832.3
14833.8
15147.8
15298.8
15669.7
15721.4
15747.5
16355.4
16707.7
17318.2
17432.6
18043.5
18131.8
18263.6
18337.3
18474.1
18591.4
18705.8
19388.9
19729.2
19929.5
20018.5
20116.0
20263.5
20507.1
21500.9
21630.0
21935.2
22142.0
22212.7
22213.2
22241.4
22570.0
22658.3
