267.2
334.8
475.1
505.1
984.4
1215.1
1297.4
1346.7
1452.5
1478.0
1528.0
1835.4
1855.3
2582.4
2637.5
2760.2
4012.1
4540.2
4646.8
4774.1
4810.4
4967.7
5274.2
5508.1
5528.0
5803.0
5967.4
5996.4
6215.3
6235.1
6391.3
6466.9
6652.8
6653.6
7654.6
7741.4
7798.0
7817.1
7874.3
7915.4
7952.6
8578.4
9093.9
9353.2
9412.2
10063.2
10220.9
10796.7
10849.6
10894.8
10965.7
11283.9
11545.0
11585.2
11619.5
11695.4
11796.4
11971.6
12241.1
12450.9
12657.8
12681.0
12750.6
12917.6
12960.1
13069.5
13187.4
13328.7
13604.0
13855.3
13880.5
14050.2
14232.6
14512.4
14561.3
14668.9
14978.8
15012.9
15139.8
15164.4
15296.9
15342.6
15593.1
15810.1
15858.6
16084.9
16144.2
16170.0
16256.1
16933.4
17332.9
18039.4
18312.5
18485.6
18793.1
19186.7
19241.0
20101.1
20158.0
20362.1
20453.6
20589.2
20703.3
20741.9
20945.8
21795.1
22487.4
22662.8
