635.9
1077.2
1172.7
1584.0
1810.9
1834.0
2220.5
2480.6
3160.5
3464.5
3870.2
4066.1
4490.1
4602.0
5303.3
5595.3
5724.1
6271.1
6341.1
7067.9
7125.4
7374.7
7462.3
8164.9
8239.7
8297.7
8650.0
8655.6
8663.2
8767.9
8998.3
9462.2
9504.4
9738.2
10119.3
10174.8
10382.3
10511.7
10554.9
10657.2
10695.7
10719.2
11187.1
11356.7
12288.5
12395.2
12450.8
12610.8
12667.4
12754.7
12905.1
13385.5
13528.7
13529.6
13964.2
14039.0
14339.2
14618.8
14728.2
14778.7
14822.8
15019.3
15138.7
15384.7
15425.4
15481.5
15688.4
16149.1
16241.3
16364.8
16392.2
16397.2
16412.6
16734.4
16919.8
16953.2
17165.6
17440.9
17523.1
17588.2
17681.9
17846.4
17913.7
17934.4
18227.1
18504.0
18508.8
18532.9
18652.5
18687.9
18713.6
18789.1
18918.4
19043.3
19048.0
19153.0
19674.1
19701.7
19709.7
19713.8
19880.2
19883.1
19913.3
19995.7
20232.9
20520.7
20522.9
20611.5
20762.6
20773.2
20784.5
20928.3
20996.3
21075.4
21166.0
21174.6
21358.9
21842.4
22121.0
22267.3
22558.2
22795.8
