315.6
328.0
493.8
597.7
1230.1
1278.8
1445.2
1879.0
1924.3
1980.4
2134.4
2591.5
2806.9
3209.7
3238.3
3494.4
3940.2
3967.7
4069.3
4330.8
4427.8
4661.7
4768.4
4972.5
4988.4
5512.4
5834.7
5903.4
6483.6
6897.2
6961.5
6964.4
7096.3
7430.4
7438.4
7445.6
7457.9
7637.5
7677.5
7686.3
7766.3
8045.1
8178.7
8372.5
8503.6
8985.8
8993.0
9156.6
9310.9
10203.0
10850.4
11022.4
11169.5
11573.5
11583.8
11896.3
12083.2
12206.4
12256.7
12321.3
12409.1
12619.5
12694.4
12798.2
12967.2
13145.7
13247.3
13312.5
13580.2
13599.6
13629.5
14075.3
14234.2
14710.2
14809.5
14870.9
14902.3
14904.9
14930.4
15118.3
15278.1
15291.7
15375.7
15558.9
15599.3
15656.9
16186.0
16190.2
16239.4
16610.9
17272.2
17664.0
17666.7
17727.5
17737.1
17764.0
17764.4
17910.5
18111.6
18339.3
18743.1
18950.0
19164.7
19235.3
19337.9
19823.0
20423.6
20515.2
20544.1
20932.2
21658.0
21895.0
22203.4
22244.7
22302.0
22691.8
22774.2
22879.8
