313.0
484.9
873.3
940.5
1376.4
1403.6
1776.9
2040.7
2076.7
2336.3
2444.1
2543.6
2747.8
3027.1
3067.1
3072.7
3550.7
3597.4
3657.9
3698.9
3793.8
4455.1
4684.0
4974.4
5030.3
5081.6
5155.3
5180.0
5293.6
5390.7
6159.2
6180.4
6181.7
6217.7
6322.9
6385.4
6606.6
6808.9
6948.0
6951.8
7065.4
7066.2
7458.3
8441.1
8565.3
9214.4
9839.8
10261.6
11031.9
11159.6
11211.8
11265.2
11285.1
11315.8
11666.5
11697.8
11825.8
12319.4
12673.1
13008.5
13199.3
13370.9
13874.0
13982.8
14363.2
14370.8
14669.9
14753.0
14762.0
14890.9
14950.8
15029.8
15288.5
15301.7
15325.4
15350.7
15479.6
15527.1
15568.9
15622.3
15771.7
15883.4
15938.0
15960.7
16042.9
16466.1
16559.2
16763.2
16771.8
17043.7
17319.8
17392.0
17700.5
17803.5
17911.7
18136.9
18448.0
18531.8
18627.9
18705.1
19040.6
19097.0
19132.7
19411.1
19433.3
19580.8
19594.7
19704.6
19755.3
20078.1
20187.3
20337.9
20360.4
20508.4
20592.8
20659.6
21101.2
21631.6
21718.3
21768.6
22031.3
22088.7
22305.0
22354.9
22426.6
22894.1
