122.6
136.8
400.8
638.5
832.3
901.5
1394.4
1535.9
1621.6
1736.3
2228.2
2738.5
2870.7
3086.1
3236.7
3267.9
3599.0
3788.7
3894.8
3910.5
4133.0
4343.7
5087.4
5379.7
5502.9
5814.3
5984.5
6236.7
6551.2
6656.7
6687.5
6780.7
6794.2
6895.6
7470.5
7517.9
7644.2
7665.1
7745.2
7898.6
8441.4
8540.3
8546.4
8766.0
8960.1
9019.1
9360.6
9530.7
9623.4
9744.7
9757.9
9920.2
10092.2
10345.3
10581.9
10786.8
10804.1
10865.8
11280.2
11359.9
11360.5
11384.5
11552.0
11698.2
11771.4
12046.4
12294.2
12542.6
12556.9
12620.6
12945.9
12989.3
12990.6
13250.1
13370.5
13562.3
13615.3
13954.7
14169.1
14200.5
14473.4
14500.0
14535.2
15130.1
15349.3
15358.8
15620.3
15676.0
15747.4
15939.4
16376.0
16421.1
16540.3
16648.0
16653.9
16860.8
17092.9
17518.8
17715.9
17955.2
18130.5
18305.7
18386.1
18526.3
18740.4
18773.7
18890.8
19669.4
19915.1
19980.2
20153.1
20252.2
20340.4
20630.7
21009.3
21505.1
21695.7
21751.9
21887.4
22419.1
