104.5
664.2
692.8
827.2
866.7
1077.4
1268.8
1918.9
1925.1
2198.9
2522.6
2697.5
2715.1
2815.6
2862.1
2978.5
3215.2
3422.9
3441.7
3581.1
3625.5
3792.5
3877.4
3996.8
4160.2
4212.9
4400.5
4594.5
4614.5
4775.8
4791.8
5344.9
5375.9
5511.7
5621.6
5625.0
6323.8
6461.3
6543.9
6873.6
7011.8
7129.3
7172.8
7788.7
7944.6
8269.3
8564.2
8573.9
8661.5
8958.2
9015.6
9174.2
9654.6
9706.2
10305.0
10376.2
10475.8
10650.4
10920.6
10964.4
11024.2
11402.9
11527.9
11939.4
12192.0
12512.9
12815.0
13092.4
13109.1
13403.3
13677.4
13810.9
13933.1
13948.8
14191.3
14522.5
14569.7
14636.8
14913.4
15207.0
15839.2
16069.3
16177.5
16217.8
16248.4
16287.5
16352.3
16398.9
16455.6
16526.1
16674.7
17014.2
17022.1
17145.1
17402.6
17721.2
17966.5
18246.2
18885.9
19333.5
19371.3
19386.3
19469.8
20074.7
20110.8
20112.9
20232.0
20308.8
20714.4
20730.7
20823.9
20876.7
21574.0
21651.4
21777.1
22032.7
22796.9
22834.9
22839.5
22895.3
