14.7
619.9
888.9
1159.4
1305.6
1404.9
1491.0
1599.9
1728.7
1911.0
2142.4
2423.9
2621.1
2714.6
2906.3
2989.5
3330.2
3578.1
3744.5
3825.2
4203.4
4990.2
5123.7
5150.2
5177.6
5759.3
5911.6
6126.1
6260.9
6639.8
6822.2
6881.2
7058.0
7194.1
7244.5
7265.4
7277.8
7443.8
7471.4
8009.4
8297.9
8394.4
8461.8
8484.3
8541.5
8758.9
8990.0
9488.3
9526.3
9756.4
9978.0
10844.4
10869.2
11014.5
11185.2
11562.6
12140.8
12288.1
12371.5
12635.7
12677.4
13109.7
13277.7
13416.0
13593.2
13792.6
13888.8
14138.2
14255.5
14455.5
14480.1
15007.0
15232.0
15389.8
15498.1
15642.7
15751.6
15773.5
15848.7
15901.4
15910.8
16161.5
16168.1
16203.1
16283.7
16446.8
16731.2
17248.6
17266.9
17677.3
17888.5
18143.4
18513.4
18526.3
18675.8
18719.2
18989.0
19195.9
19434.0
19558.0
19794.8
19820.2
19872.6
19899.7
20009.8
20060.6
20174.9
20213.5
20405.5
20709.7
21133.6
21445.1
21820.5
21907.7
22390.3
