396.5
544.7
997.8
1525.4
2274.4
2703.5
2773.4
2824.4
2917.2
3221.4
3974.0
3987.6
4297.7
4601.6
4849.9
5258.9
5592.4
5680.2
5832.8
6041.0
6306.6
6525.8
6944.7
7094.8
7323.6
7660.6
8079.6
8443.6
8726.6
8774.2
8823.7
9034.9
9261.6
9325.5
9459.9
9498.5
9516.3
10050.2
10224.6
10269.7
10309.9
10375.5
10544.7
10748.0
10787.1
10871.3
11264.3
11459.2
11469.5
11880.1
12038.3
12265.1
12300.2
12303.4
12343.8
12735.4
13172.0
13188.8
13212.1
13291.4
13315.4
13381.2
13678.2
13814.9
13848.3
13973.3
14054.7
14149.3
14326.4
14368.4
14494.5
14600.4
15327.8
15800.7
15875.9
16121.8
16154.8
16651.7
16800.3
16864.2
16970.7
16989.3
17040.2
17056.7
17502.7
17527.6
17633.2
18229.8
18458.8
18534.6
18574.9
18664.0
19010.0
19077.1
19180.0
19209.1
19304.9
19576.7
19657.1
20207.4
20363.4
20376.7
20409.7
20546.7
20641.4
21163.8
21412.8
21584.0
21666.5
21758.3
21784.3
22606.2
22879.2
22915.6
