257.4
565.0
873.4
1328.3
1853.1
2054.6
2828.1
3165.7
3716.2
3755.2
3774.5
3827.4
4052.5
4364.8
4540.7
4579.6
4840.3
4887.8
4944.1
5197.9
5322.1
5972.0
5977.1
6223.8
6476.8
6754.2
6918.8
6953.2
7204.3
7263.5
7335.0
7429.1
7667.0
7825.2
7985.5
8043.9
8172.6
8216.4
8578.4
8817.4
9386.5
10137.0
10440.4
10549.5
10621.9
10845.5
11325.7
11395.8
11399.6
11493.1
11791.0
11967.6
12064.0
12066.8
12362.8
12571.2
12664.3
12846.7
12864.9
12930.3
12981.6
13059.9
13168.7
13240.5
13352.8
13427.4
13816.2
14241.7
14367.1
14405.9
14544.9
14573.7
14593.2
14674.0
15156.2
15779.8
15878.8
15979.3
17033.8
17380.0
17680.2
17933.7
17977.4
18144.3
18166.6
18234.0
18729.5
19550.4
19650.5
19722.8
19883.9
20463.1
20483.5
20782.0
20999.7
21328.2
21633.1
22101.1
22221.2
22473.1
22570.5
22632.0
22648.7
22744.4
22878.9
22900.6
