155.9
323.8
479.2
607.6
701.5
764.1
1048.8
1153.6
1237.0
1269.3
1339.5
1598.0
1886.0
2246.4
2687.2
2956.3
3059.0
3292.4
3334.0
3990.2
4414.4
5012.4
5785.0
6150.3
6184.6
6400.4
6482.0
6752.8
6946.8
6959.5
7000.0
7025.9
7521.5
7774.1
8139.2
8297.7
8856.8
8861.6
8871.8
8883.6
9277.0
9402.3
9429.6
9725.1
9822.4
9932.3
10262.9
10314.1
10327.5
10657.5
10776.5
10847.0
11132.9
11161.1
11276.6
11414.0
11963.4
12026.8
12114.7
12406.9
12473.0
12838.3
12921.5
12923.4
12962.7
13222.5
13481.9
13675.0
13684.9
14239.3
14309.0
14327.1
14743.9
14783.8
15323.7
15689.3
15845.7
15959.0
16048.4
16074.7
16173.5
16194.6
16337.4
16530.0
16868.4
16939.5
17067.4
17102.9
17686.6
17712.3
17764.3
18114.3
18143.3
18414.0
18442.8
18927.6
19157.8
19573.0
20047.5
20200.0
20451.1
20924.4
20930.4
21185.0
21267.7
21687.0
21757.1
21792.2
21932.1
22075.5
22163.7
22257.1
22362.5
22456.3
22669.2
22771.8
22833.5
22966.6
