465.4
529.8
656.0
696.5
872.3
1252.3
1285.9
1637.2
1711.2
1779.6
1858.4
1898.4
1915.3
1963.0
1977.8
2237.6
2507.6
2521.9
3086.2
3195.9
3598.2
3722.7
3954.2
3954.7
4166.4
4462.2
4497.8
5137.4
5158.8
5287.0
5567.0
5831.3
5908.1
5942.2
6170.7
6434.5
6897.3
7011.7
7547.9
7556.6
7571.6
7633.0
7750.4
7963.6
8041.1
8220.0
8332.1
8402.4
8501.2
8516.5
8818.8
8945.3
9006.3
9015.3
9762.4
9911.8
10336.7
11118.1
11134.7
11540.8
11555.5
11985.3
12226.6
12265.1
12292.4
12298.8
12432.1
12589.7
12615.9
12620.7
12711.9
12829.4
13117.8
13146.4
13368.2
13678.6
13793.0
13802.5
13895.5
14280.1
14314.7
14613.8
14664.4
14670.5
14723.9
14966.8
15233.5
15462.3
15480.6
15537.8
15670.2
15691.7
15828.3
15891.5
15980.9
16393.5
16437.7
16540.2
16713.2
16813.2
16980.5
16999.8
17108.5
17460.8
17564.1
17710.3
17932.1
18328.3
18588.3
18839.2
18879.3
18913.8
19046.3
19111.9
19394.4
19552.7
19873.0
19938.9
20446.3
20614.7
20801.0
20804.0
21547.0
21735.3
22100.6
22117.8
22424.7
22641.7
22646.7
22898.8
22899.7
