350.2
371.2
593.4
696.4
718.8
729.7
1621.8
2039.2
2043.3
2280.0
2284.5
2346.1
2410.0
2415.1
2822.3
3070.0
3167.5
3855.0
4718.7
4977.7
5112.8
5144.4
5163.1
5282.3
6054.2
6524.1
6813.9
6919.4
6947.3
6979.5
7018.8
7085.8
7164.0
7165.4
7622.5
8093.9
8098.5
8179.7
8211.4
8618.6
8711.8
8911.3
9018.7
9239.1
9528.1
9743.1
9768.2
9926.5
9959.9
10059.6
10647.6
11066.2
11378.6
11584.1
11793.5
12097.3
12143.5
12400.5
12713.8
13007.6
13066.2
13438.1
13663.1
13687.1
14065.5
14143.9
14223.7
14436.7
14580.0
14904.4
14909.2
14963.2
14997.3
15796.5
15877.2
16061.9
16109.8
16334.8
16719.8
16804.9
17073.4
17102.0
17129.1
17359.0
17719.2
18576.2
18602.5
18878.2
19422.2
19591.2
20119.2
20308.7
20641.6
20779.4
20870.2
21242.1
21661.2
21798.8
22197.2
22769.2
