191.8
353.5
678.8
851.2
1156.2
1771.6
2030.9
2488.5
2719.7
2899.8
3070.6
3107.1
3118.6
3632.2
4406.6
4484.9
4782.8
5257.7
5524.4
6504.8
6814.0
6935.0
7108.3
7603.3
7811.0
8024.2
8029.7
8077.5
8085.6
8142.0
8861.0
8902.4
9038.7
9291.0
9361.0
9489.5
9721.4
9762.6
9820.4
10115.1
10256.1
10281.2
10299.7
10445.4
10473.9
10652.3
10820.4
10977.7
11016.1
11156.6
11307.7
11630.8
11785.1
11813.7
11816.1
12197.4
12315.2
12369.5
12572.5
12626.9
12742.6
13289.5
13800.6
14290.8
14318.9
14543.6
14547.4
14589.5
14667.0
14861.9
14934.6
15383.4
15443.4
15496.9
15529.7
15838.1
16123.8
16447.7
16674.0
17448.0
17452.7
17539.4
17613.3
17679.0
17723.8
17917.3
17983.4
18662.2
18749.3
18792.2
18940.7
18942.0
18968.6
19245.8
19580.0
19636.9
19776.5
20022.1
20060.1
20066.1
20358.9
20411.7
20684.5
21031.3
21129.7
21414.3
21479.9
21632.5
21710.2
21764.1
22194.7
22280.4
22608.2
22628.2
22763.9
