156.9
172.9
338.0
353.5
464.1
546.0
558.5
673.8
831.5
946.1
946.4
952.0
1450.4
1553.4
1881.9
2700.1
3337.4
3650.4
3828.6
4146.3
4315.1
4437.3
4451.8
4800.3
4825.7
4921.7
5200.7
5293.0
5589.3
5630.9
5650.0
5701.2
5995.2
6111.4
6237.4
6557.8
6559.9
6672.5
7147.0
7596.5
7917.7
8385.0
8654.3
8718.6
9525.1
9638.2
9737.7
9744.4
9823.1
10078.8
10410.3
10622.7
10777.0
11165.2
11370.3
11433.6
11707.2
11728.4
11793.1
11931.2
12076.7
12147.6
12329.2
12693.5
13023.5
13460.3
14455.2
14817.4
14819.2
15082.3
15262.0
15325.6
15625.1
15778.6
15850.4
15871.7
15994.6
16030.9
16086.7
16144.5
16182.0
16209.6
16737.4
17185.3
17299.4
17545.5
17609.9
18581.7
18730.5
18760.5
18775.7
18920.6
18980.6
19349.9
19476.1
19538.5
19576.7
19608.6
19674.1
19896.2
19915.0
20818.2
20890.0
21255.2
21901.4
22597.9
22661.9
