214.3
437.7
681.9
734.4
877.3
940.2
1003.3
1105.8
3035.3
3199.2
3245.3
3282.1
3310.8
3411.2
3455.4
3866.6
3879.1
4079.9
4215.6
4549.5
4568.6
4943.9
4985.0
5534.9
5678.5
5843.0
5982.5
6623.0
6643.5
6693.9
7098.2
7366.9
7463.6
7475.7
7547.0
7651.5
7756.2
8334.9
8724.2
8759.8
8789.2
9065.1
9530.6
9927.5
10351.4
10553.4
10582.8
10657.5
10660.6
10781.4
10818.5
10875.1
11202.1
11359.7
11437.8
11473.8
11486.5
12164.9
12180.6
12181.1
12191.8
12199.9
12430.8
12443.5
12679.5
12974.1
13353.4
13483.9
13742.1
14300.4
14575.6
14575.7
14852.5
15013.1
15215.0
15486.9
15637.2
15913.5
15995.2
16115.0
16294.6
16666.1
16734.9
16821.7
16954.8
17486.2
17611.5
17659.5
17695.8
17792.9
18181.9
18451.8
18835.8
18841.6
18945.3
19020.4
19035.4
19334.6
19364.7
19663.2
19680.8
19947.3
20127.7
20429.2
20597.0
20709.0
20953.6
21449.1
21463.2
21828.7
22388.9
22645.6
22776.1
22922.1
