576.8
609.2
737.8
1040.8
1470.2
1651.6
1901.3
2175.3
2718.2
2741.7
3218.0
3574.5
3626.6
3672.0
3756.5
3883.2
4443.3
4637.5
4739.3
5334.2
5352.9
5374.0
5585.2
5681.1
5686.2
6029.5
6551.1
6622.2
6688.6
6903.9
6986.5
7341.5
7454.0
7533.7
7623.1
7658.7
8040.2
8128.8
8267.8
8269.8
8695.8
8958.2
8962.3
9105.8
9309.2
9428.6
9469.1
9503.8
9646.9
9811.3
9862.1
9935.3
10070.2
10086.0
10210.7
10761.2
10832.6
11431.3
11727.5
12127.6
12262.0
12310.4
12347.4
12353.1
12404.3
12502.0
12645.6
12859.7
13365.2
13593.7
13635.1
13660.9
13888.5
14055.9
14058.3
14285.7
14432.4
14541.2
14847.0
15421.9
15808.5
15883.7
15963.0
16042.8
16082.9
16144.9
16348.9
17035.8
17120.6
17244.2
18303.9
18795.4
18877.3
19070.3
19226.0
19363.0
19430.6
19947.1
20051.0
20404.3
20617.0
20687.4
20736.6
20738.6
20902.1
20910.8
21010.2
21030.9
21139.5
21902.5
22132.3
22147.6
22151.2
22304.6
22317.9
22450.5
22571.4
22581.4
22884.3
22992.9
