471.3
714.6
1372.3
1438.8
1499.2
1676.3
1916.2
2391.7
2496.9
2530.9
2630.1
2646.0
2763.8
2811.5
2834.9
3139.6
3731.7
3777.9
4041.2
4350.3
4770.6
4903.7
5023.0
5600.2
5654.6
6110.9
6142.6
6341.9
6682.2
7006.4
7270.2
7496.4
7701.1
8414.9
8613.7
8807.4
8989.0
9097.1
9219.2
9500.1
9648.8
9895.4
9900.0
9939.0
10384.6
10390.5
10793.6
10894.1
11266.4
11441.4
11777.9
11788.6
12108.8
12151.1
12331.7
12354.0
12654.5
12763.5
12798.5
12865.8
12944.7
13033.2
13093.2
13597.6
14202.2
14260.2
14286.0
14428.6
14778.0
15259.7
15521.3
16342.4
16524.6
16677.9
16705.6
16753.8
16900.1
16977.6
17035.3
17059.6
17140.2
17157.6
17169.6
17435.6
17990.4
18293.5
18390.1
18762.1
18831.8
18963.3
19347.6
19348.1
19393.5
19674.5
19881.4
20065.6
20144.9
20169.7
20476.8
20931.0
21317.4
21489.0
21494.5
22015.7
22284.1
22302.5
22656.7
