428.2
652.9
1253.2
1336.0
1805.7
1910.2
1928.8
1936.3
2184.3
2370.3
2577.0
3036.6
3278.0
3521.4
3689.9
3705.1
3732.2
3911.4
4026.1
4661.7
4785.3
5210.9
5409.9
5693.5
5848.8
6026.6
6136.4
6203.9
6218.2
6419.4
6884.8
6957.6
6996.3
7026.4
7146.5
7313.3
8047.1
8083.2
8433.2
8566.8
8599.5
8642.2
9173.2
9763.5
10608.3
10645.9
10854.1
11203.8
11247.8
11698.6
11712.1
11762.3
11763.7
12768.0
12901.6
13065.7
13105.8
13395.2
13461.9
13906.8
13931.2
14293.7
14578.5
15020.9
15079.9
15128.4
15962.1
15968.4
16221.4
16293.2
16312.2
16331.7
16411.0
16526.4
16564.3
16803.8
16917.9
16981.5
17070.9
17610.8
18015.2
18157.5
18346.5
18428.7
18476.7
18480.7
18660.9
18717.5
18776.0
18884.1
18903.7
19019.3
19049.0
19234.9
19326.1
19662.6
19707.0
19800.8
19990.5
20385.6
20998.3
21179.5
21209.8
21424.8
21551.0
21696.9
22089.8
22329.2
22713.2
22730.3
22787.0
22854.4
