186.9
216.9
377.1
491.1
529.7
572.0
664.4
958.6
1019.6
1891.7
1999.8
2032.1
2059.4
2060.7
2063.7
2441.7
2628.5
2655.9
2719.4
3132.5
3295.3
3428.8
3553.6
3818.8
4304.9
4610.7
4682.4
4948.0
5017.6
5020.2
5500.7
5607.9
5799.1
5902.3
6018.8
6371.7
6606.7
6661.9
6684.4
6918.7
7244.1
7556.5
7669.8
7746.9
7851.4
7903.7
8095.5
8095.7
8812.2
8972.7
9109.9
9236.7
9419.0
9464.2
9654.4
9816.8
9977.8
10086.2
10217.8
10675.8
10715.8
10777.8
10848.5
10950.1
10979.9
11245.3
11250.6
11445.9
11464.0
11609.1
11930.4
12190.8
12308.4
12397.0
13003.2
13142.0
13155.0
13695.2
13696.9
13824.8
13925.3
14556.1
14635.0
14916.0
15022.4
15156.7
15327.3
15417.2
15534.3
15621.3
15982.1
16004.9
16077.3
16326.7
16337.6
16627.0
16694.2
17187.9
17281.1
17338.1
17621.1
17730.6
17834.8
18140.7
18543.2
18729.9
18830.8
18850.4
19122.5
19387.5
19685.9
19922.9
20236.7
20390.7
20439.4
20531.9
20596.3
20818.2
20857.5
21524.7
21598.8
21696.2
21767.4
21844.0
21890.1
21934.3
22285.9
22332.7
22379.0
22521.3
22872.7
