349.7
432.1
454.1
659.3
772.5
957.7
969.0
1371.7
1392.5
1583.3
2007.0
2201.1
2353.4
2818.6
3393.3
3412.8
3538.4
3638.3
3646.3
3654.0
3667.8
4539.8
4888.9
5495.0
5591.5
5605.2
5669.8
5712.8
5784.7
6023.6
6076.7
6324.8
6641.6
6709.7
7297.5
7550.3
7705.6
8061.6
8082.2
8239.0
8255.8
8337.7
8511.3
8586.6
8872.2
9132.3
9269.5
9483.7
9593.1
9612.6
9614.4
9727.9
10126.0
10573.8
10700.1
10909.3
10954.1
10963.3
11015.0
11053.0
11633.7
11707.0
11895.0
12123.4
12205.2
12603.0
12693.6
12744.9
12866.8
13144.3
13240.4
13636.4
13759.1
13904.3
13923.9
14204.0
14342.8
14753.3
15043.6
15078.9
15207.5
15692.0
16043.7
16296.9
16494.1
16662.1
17241.8
17250.2
17687.9
17697.0
17913.2
18036.1
18150.0
18216.0
18364.3
18378.9
18682.5
18753.6
18765.5
18887.8
18955.6
19072.0
19201.6
19219.5
19310.1
19809.9
19959.0
20065.8
20235.1
20278.8
20477.9
20954.6
21178.5
21386.6
21484.9
21524.7
21543.3
21608.1
21886.5
21982.5
22068.9
22096.9
22354.7
22948.6
