136.4
294.5
340.1
451.6
518.0
774.5
991.0
1151.3
1258.3
1387.0
1593.1
1594.5
1806.3
2258.4
2351.8
3433.6
4174.3
4244.6
4307.0
4439.2
4802.9
5336.9
5476.4
5754.3
6360.1
6399.8
6454.6
6552.3
7157.5
7203.3
7293.8
7509.9
7835.7
8256.1
8298.6
8937.7
8946.7
9385.6
9572.3
9577.2
9696.9
9719.0
9732.6
9917.2
9955.4
10205.9
11321.0
11714.9
11832.1
12045.6
12415.7
12636.7
12668.5
13112.1
13468.1
13543.3
13935.9
13937.9
13977.4
14062.8
14377.1
14610.0
14668.6
14783.9
14927.6
14989.7
15246.8
15297.3
15390.4
15662.4
15899.8
16008.5
16515.3
16635.8
16893.1
16897.1
16984.5
16998.4
17049.8
17060.2
17129.6
17163.3
17192.9
17901.8
17976.8
18434.2
18883.4
19087.1
19455.3
19512.2
19716.7
20390.8
20431.3
20872.8
21004.6
21249.7
21284.6
21290.8
21648.3
21885.3
21959.6
22016.8
22143.4
22234.2
22235.6
22242.2
22242.8
22500.5
22635.0
22684.8
22885.0
22969.0
