138.8
286.3
336.1
488.0
722.8
754.2
786.6
919.2
1155.9
1305.1
1431.2
1561.8
1779.6
1984.1
2006.2
2097.6
2146.0
2206.4
2306.5
2373.0
2466.5
2495.9
2545.4
2598.5
2665.7
2951.5
3234.9
3235.3
3237.6
3265.2
3508.1
3514.0
4324.9
5035.7
5093.7
5356.6
5696.1
5937.0
5953.8
6055.7
6110.3
6392.4
6448.8
6856.0
6976.1
7054.0
7389.2
7410.4
7626.0
7628.7
7717.7
7876.6
7995.0
8150.2
8626.6
8824.4
8886.2
9938.3
10335.5
10364.3
10582.3
10806.6
10877.8
10889.1
10905.6
11196.5
11281.5
11288.6
11318.0
12092.9
12252.1
12329.8
12377.7
12619.1
13269.3
13365.1
13372.5
13841.4
13851.6
13988.6
14114.5
14603.8
14954.7
14959.2
15360.3
15600.5
15721.4
15988.8
16004.8
16024.5
16058.5
16234.0
16370.9
17284.5
17348.0
17453.8
17931.8
17938.5
18150.9
18186.4
18263.2
18337.9
19277.8
19436.3
19438.9
19619.2
19684.5
19772.3
19838.2
20332.5
20402.5
20409.2
20894.8
21042.9
21238.6
21302.3
21450.1
21756.8
21881.1
22078.7
22462.5
22561.5
22645.2
22819.0
