14.1
93.2
248.3
495.6
712.7
1054.5
1078.0
1523.6
1672.9
1796.6
2134.4
2391.2
2505.5
2649.4
2671.3
2850.7
3312.1
3584.9
3719.6
3759.0
4930.7
5702.5
6234.0
6386.2
6421.7
6467.3
6519.2
6545.2
6573.8
6697.2
6966.1
7012.7
7291.9
7302.6
7326.3
7460.7
7476.2
7525.3
7679.9
8110.0
8171.5
8534.1
8995.8
9258.1
9356.1
9642.0
9843.9
10272.8
10294.5
10594.8
11338.0
11399.9
11410.4
11438.5
11514.5
11794.3
11954.9
12349.9
12945.9
13237.8
13314.0
13941.6
14010.9
14372.7
14444.3
14497.9
14545.8
14773.4
14792.8
14958.9
15110.3
15541.2
15580.5
15837.3
15932.6
16558.5
16938.4
17263.8
17525.4
17590.4
17666.0
17701.8
17708.5
18024.5
18374.6
18766.0
19553.5
19688.4
20124.7
20349.4
20931.1
21025.5
21354.3
21557.3
21559.4
21693.3
21789.4
21873.2
21986.0
22000.7
22018.1
22116.4
22132.3
22148.5
22172.5
22581.1
22587.3
22709.1
22819.5
