673.4
883.8
1086.3
1138.5
1243.7
1267.7
2022.1
2236.9
2326.5
2553.1
2634.0
3045.1
3611.9
3701.1
4046.6
4198.5
4458.1
4476.1
4564.0
4596.6
4849.7
5328.0
5381.9
5405.9
5596.4
5600.4
5605.3
5723.0
5763.5
6191.0
6429.0
6480.3
7159.3
7198.5
7318.9
7362.7
7860.8
7931.6
8637.3
8710.2
9000.2
9030.1
9466.2
9843.2
9978.2
9998.0
10095.0
10172.1
10339.4
10681.3
10907.4
11189.3
11314.1
11453.9
11609.0
11695.4
11921.1
12371.8
12615.8
12818.4
12894.9
13395.2
13483.1
13782.6
13836.8
13839.4
14028.5
14172.7
14357.3
14365.2
14536.4
14563.9
14572.0
14599.2
14837.8
15054.0
15350.5
15642.5
15645.8
15938.3
16122.2
16304.1
16334.7
16485.7
16496.0
16586.4
16865.0
17042.7
17203.3
17332.1
17669.0
17713.6
17816.9
17818.9
18085.6
18100.0
18484.1
19364.0
19386.2
19962.9
20172.6
20370.0
20632.8
20955.4
21059.2
21124.2
21287.3
21300.5
21348.1
21423.2
21462.2
21741.0
21781.5
21922.4
22088.2
22166.4
22170.1
22251.0
22315.2
22535.0
22546.5
22578.3
22630.7
22729.1
22975.5
