160.8
258.7
268.6
274.3
518.5
1045.2
1180.5
1186.3
1218.9
1618.1
1670.3
1772.0
2121.6
2141.9
2193.5
2224.9
2609.2
2639.4
3009.3
3242.0
3380.0
3386.9
3476.1
3659.9
3942.2
4053.4
4180.2
4483.3
4517.1
5063.9
5085.7
5131.8
5184.6
5492.7
5573.3
5832.9
6000.6
6075.5
6091.0
6093.5
6119.7
6568.7
6731.5
6735.5
6868.1
7450.2
7685.0
7710.6
7911.0
8350.2
8582.2
8588.4
8857.2
8942.3
9158.3
9225.6
9764.4
9835.3
9933.8
10090.6
10224.5
10397.2
10762.4
10934.2
11150.2
11440.1
11454.5
11512.7
11602.0
11762.3
11877.9
12021.9
12022.1
12158.1
12291.3
12412.4
12703.8
12965.8
12980.3
13036.2
13049.4
13100.1
13262.1
13414.8
13539.3
13550.6
13640.8
13698.7
13864.9
13873.0
14064.2
14261.0
14367.3
14493.6
14909.7
15315.1
15711.1
15748.4
15960.4
16005.6
16106.6
16191.0
16510.7
17009.5
17172.2
17380.2
17597.4
17651.8
17708.2
17895.4
17931.4
18070.6
18088.5
18108.4
18362.7
18403.7
18862.3
19125.2
19293.5
19447.0
19459.4
19754.7
20008.6
20206.2
20231.6
20269.0
20384.8
20540.0
20605.8
20610.3
21118.5
21194.3
21222.0
21324.8
21407.2
21451.2
21992.0
22226.9
22587.9
22604.7
