112.5
266.1
420.1
655.3
860.1
1004.4
1322.4
1323.3
1467.4
1497.5
1638.6
1712.6
1792.4
1984.2
2029.1
2168.2
2260.2
2773.9
3284.6
3625.2
3695.5
3824.0
3842.0
3911.2
4181.1
4670.3
4801.6
5086.4
5355.5
5522.4
5782.5
6155.4
6213.2
6213.5
6561.4
6576.8
6787.3
6835.3
6844.7
7349.2
7654.5
7832.0
7909.9
8044.6
8104.4
8258.0
8633.4
8876.6
8920.0
8991.1
9098.9
9300.9
10199.4
10336.1
10687.2
11001.1
11441.5
11496.7
12140.3
12312.0
12455.6
12660.7
12799.7
13057.0
13418.6
13750.4
13980.0
14722.9
14968.5
15191.6
15337.6
15443.8
15651.8
16800.9
17053.7
17287.3
17326.5
17527.0
17584.0
17656.8
17779.9
18030.8
18323.2
18328.0
18345.6
18357.8
18607.2
18642.6
18673.1
19163.4
19566.4
19660.9
19750.0
21132.5
22166.6
22200.1
22391.6
22729.5
22929.0
22932.5
