69.3
158.1
386.5
513.3
1336.0
1618.8
1826.0
1855.8
2121.7
2198.3
2229.9
2471.1
2477.8
3063.9
3109.6
3136.0
3562.3
3720.3
4290.5
4372.6
4663.5
4792.3
4826.5
5372.9
5509.3
5580.1
6176.8
6217.1
6343.0
6535.2
6626.5
6647.3
6732.4
7621.5
7677.5
7711.4
8105.1
8215.2
8292.6
8297.6
8341.7
8479.4
8795.7
8848.1
8915.9
9331.1
9442.3
9466.8
9606.6
9763.6
10562.5
10864.7
10892.1
11022.1
11187.0
11255.8
11269.0
11470.5
11585.6
11700.7
11708.7
12642.3
12752.6
12904.6
12920.6
12998.5
13030.9
13039.1
13154.9
13453.9
13546.8
13549.7
13597.9
13629.9
13903.1
14648.0
14696.9
14938.6
14985.5
15025.7
15270.4
15605.4
15645.6
15889.0
15919.8
16022.7
16220.9
16230.5
16376.2
16654.7
16659.5
16751.1
16799.9
16886.7
17097.7
17167.7
17324.3
17361.2
18060.6
18078.2
18199.5
18251.9
19082.8
19099.0
19150.7
19238.0
19288.4
19339.8
19346.5
19381.8
19520.0
19542.2
19629.3
19821.5
19852.6
19966.9
20096.4
20214.5
20260.7
20304.7
20510.3
20945.2
21331.1
21396.9
21458.9
21509.5
21527.7
21648.1
21759.1
22200.3
22596.1
22663.7
22741.7
22798.2
