14.1
19.2
173.4
316.0
320.7
402.5
432.3
576.3
595.6
867.3
905.0
1093.4
1174.6
1767.4
1779.1
1889.3
2167.2
2197.8
2275.4
2276.4
2303.4
2841.3
3133.4
3176.5
3332.4
3754.6
3788.2
3802.0
3930.5
4395.9
5139.3
5484.3
6300.1
6666.0
6726.3
6982.0
7124.1
7649.0
7738.5
7819.7
7839.9
7875.7
7965.1
8599.0
8818.8
8843.2
9004.3
9287.5
9565.6
9885.7
10073.9
10151.9
10442.9
10757.4
10765.7
10767.5
10862.0
11072.2
11133.9
11419.2
11482.9
11651.2
12298.0
12373.5
12419.0
12845.6
12953.3
12984.3
13030.7
13316.9
13462.3
13509.4
13562.0
14054.2
14244.3
14250.9
14278.8
14998.6
15158.1
15158.7
15516.8
15557.4
15605.6
16068.6
16226.9
16455.8
16467.6
16664.4
17044.9
17197.2
17197.5
17689.4
17740.1
18004.3
18132.3
18283.4
19092.5
19348.7
19560.8
19690.6
19914.7
20072.4
20376.2
20436.2
20744.6
21132.5
21226.6
21290.6
21556.0
21566.6
22025.6
22606.0
22759.9
