21.7
60.8
349.0
387.4
602.8
1243.7
1380.1
1414.6
1671.3
1753.6
2247.7
2631.6
2972.4
3198.9
3314.9
3456.4
3480.6
3580.5
3620.2
3660.8
3753.6
3907.3
3992.3
4218.2
4400.9
4976.7
5284.7
5370.8
5377.9
5725.4
6095.6
6157.2
6182.1
6234.6
6256.2
6304.0
6921.5
6971.7
7413.0
7958.8
7963.8
8105.9
8266.2
8593.9
8691.1
8761.1
8820.5
8885.4
9225.9
9274.9
9295.6
9422.9
9735.3
10111.4
10262.6
10634.0
10717.7
11439.3
11752.8
11895.6
11979.2
12308.5
12473.3
12542.8
12804.1
13112.9
13115.0
13156.9
13218.7
13295.9
13355.0
13396.9
13441.6
13618.2
13701.6
13916.0
13957.1
14139.2
14337.7
14377.9
14429.0
14556.7
14645.0
14704.9
14846.2
15035.5
15119.3
15128.0
15131.8
15373.5
15412.8
15738.3
15826.4
15827.0
16779.1
16901.2
17016.7
17553.2
17832.6
17867.6
18432.7
18467.1
18812.7
19054.9
19525.6
19649.4
19693.1
19879.9
20074.0
20086.2
20282.9
20314.5
20815.0
20908.3
20919.7
20939.5
21089.5
21119.6
21128.7
21215.0
21218.9
21844.2
22336.4
22528.8
22534.2
