194.8
567.5
659.9
702.6
841.7
880.6
1036.0
1191.1
1732.4
1778.8
1817.6
1906.1
2042.0
2171.6
2274.0
2299.0
2356.9
2489.9
2506.8
2548.8
2582.1
3730.3
3971.5
4069.8
4188.7
4589.5
4609.0
4771.6
5087.5
5138.7
5488.8
5543.1
5562.2
5597.3
5653.4
5676.9
5815.3
5876.4
5995.8
6098.8
6272.1
6437.9
6545.5
6816.1
7627.4
8210.9
8583.3
8719.9
9535.3
9586.6
9615.9
9962.5
10014.5
10058.4
10117.8
10122.1
10176.4
10409.0
10602.6
10638.2
10912.9
10969.5
10993.8
11071.8
12074.6
12141.6
12238.8
12442.5
12654.6
12919.8
13020.8
13447.3
13722.1
14017.6
14062.9
14180.1
14238.9
14430.7
14434.0
14636.5
14823.7
15032.0
15337.4
16368.1
16415.9
16583.9
16955.6
17322.7
17366.6
18046.3
18253.9
18370.7
18530.3
18969.1
19128.1
19155.4
19287.8
19294.7
19790.2
19852.5
20412.1
20475.6
20502.4
20524.3
21082.0
21650.5
21868.6
22520.2
22640.5
22690.3
22892.1
22913.6
