98.0
743.0
869.7
897.2
1053.2
1054.2
1148.3
1251.3
1289.3
1369.9
1488.9
1606.5
1769.8
2041.3
2056.0
2626.3
2861.2
3107.9
3321.9
3481.9
3655.6
4249.9
4541.1
4661.2
4934.4
5026.7
5135.5
5223.9
5387.6
5999.3
6372.0
7177.9
7238.7
7482.2
7579.1
7689.8
7743.8
7855.0
7870.2
8042.7
8094.8
8232.1
8246.0
8344.2
8483.8
8719.9
8806.8
9286.3
9879.2
10569.1
10658.8
10837.9
10907.4
11236.3
12554.3
12859.0
12912.9
13089.7
13231.5
13352.7
13390.3
13841.6
14231.8
14288.0
14708.9
15247.5
15468.3
15571.0
15592.1
15800.8
16075.2
16451.3
16876.8
17462.0
17665.9
17755.5
18187.2
18341.1
18451.7
18668.9
18747.5
18888.1
19063.8
19336.1
19555.6
19759.9
19883.2
19967.6
20371.9
20477.7
20607.6
20718.8
21141.1
21187.7
21621.2
22083.3
22101.1
22714.8
