88.6
184.9
312.4
530.7
926.5
1209.6
1290.9
1445.3
1487.4
1746.1
1944.0
2017.7
2186.3
2225.5
2456.5
2465.6
2612.0
2650.4
2664.5
2964.7
3083.7
3146.7
3630.8
3703.7
4438.8
4531.7
4673.1
4949.7
4993.5
5050.9
5088.7
5356.7
5492.9
5971.8
6052.9
6106.7
6478.0
6858.2
7145.8
7427.5
8118.2
8146.3
8366.1
8545.6
8649.8
8679.4
8761.4
8854.9
8880.4
9233.5
9535.2
9879.4
9907.0
10365.8
11172.7
11324.9
11607.5
11791.9
11847.5
11938.3
12414.7
12453.8
12532.4
12620.3
13411.1
13471.5
13905.0
14453.7
14893.5
14914.6
14939.4
15020.8
15707.3
15959.2
16188.7
16253.6
16345.1
16418.3
16575.6
16607.0
16860.5
16877.8
16936.5
17238.9
17531.6
17638.1
18016.7
18225.1
18310.0
18401.0
18911.4
19110.4
19629.6
20449.2
20557.9
20652.2
20924.0
21558.0
21868.8
21901.4
21969.4
22102.1
22220.7
22220.9
22284.4
22657.2
22817.1
22914.5
22955.3
