117.6
168.8
663.7
1082.9
1151.9
1314.5
1546.0
1647.9
1659.7
2015.8
2098.7
2309.9
3281.8
3342.3
3467.6
3575.8
3614.8
3870.6
4127.5
4318.0
4358.1
4423.1
4451.2
4579.9
4628.5
4955.5
5100.2
5208.5
5219.9
5312.4
5383.4
5504.1
5555.9
5584.4
5784.6
6007.6
6147.9
6202.2
6557.3
6993.1
7048.5
7377.5
7430.1
7580.7
7791.3
8256.8
8438.2
8582.7
8619.8
8765.8
8772.9
9816.6
10549.2
10775.4
10915.7
11246.1
11307.3
11326.4
11342.9
11396.7
11422.8
11654.1
11738.4
11807.5
11932.5
11961.8
12177.4
12212.4
12341.4
12453.2
12492.3
12620.7
13236.7
13429.5
13484.8
13650.7
13669.3
14139.5
14175.4
14502.0
14751.6
14766.2
15212.1
15216.2
15471.9
15503.0
15604.7
15738.3
15799.5
15896.8
15917.2
16098.6
16193.4
16816.9
16837.4
16961.8
17117.8
17308.1
17451.6
17599.2
17705.1
17739.1
17777.7
17829.7
18247.1
18760.1
19039.9
19045.1
19171.7
19263.9
19779.2
20137.7
20610.2
20677.2
20992.8
21407.2
21513.9
22157.4
22261.2
22503.3
22849.5
