603.2
689.8
1017.1
1111.7
1160.3
1272.4
1574.4
1741.1
1955.5
2246.4
2548.5
2615.6
2657.1
2804.1
2991.8
3060.5
3153.9
3183.1
3206.1
3334.5
3346.3
3386.4
3417.9
3950.4
4149.0
4525.1
4634.9
4742.3
4856.2
5232.6
5244.8
5322.3
5366.3
5427.3
5470.1
5472.3
5581.8
5680.9
5740.0
6044.1
6213.2
6269.1
6660.3
6766.0
7015.3
7205.0
7610.1
7681.9
7794.1
9027.4
9062.0
9337.1
9629.1
10016.5
10073.2
10256.1
10397.1
10403.7
10495.4
10574.8
10904.8
10930.5
11018.2
11038.5
11318.7
11426.0
11646.1
12343.9
12538.3
12595.8
12838.4
13149.2
13162.8
13313.8
13413.0
13484.3
13518.6
13553.1
13626.8
13733.6
13930.8
14041.3
14545.3
14580.8
14837.0
15053.0
15154.1
15222.4
15313.4
15556.9
16314.7
16793.6
17111.4
17272.7
17479.6
18004.8
18233.0
18451.1
18649.9
18947.9
19192.4
19252.2
19317.4
19517.5
19571.3
19603.6
20048.5
20146.8
20162.9
20361.6
20688.5
21158.8
21968.6
22115.5
22250.2
22439.4
22763.2
22929.0
