22.2
29.9
96.7
125.8
254.0
434.2
485.0
801.8
803.1
1206.4
1282.2
1299.5
1314.0
2043.7
2890.9
3000.6
3108.3
3189.9
3322.4
3788.2
3808.0
3953.8
3961.5
4045.8
4147.6
4416.7
5008.4
5472.8
5752.3
5842.4
6141.0
6606.7
6817.2
6889.4
6895.1
7455.6
7474.5
7504.0
7562.6
7650.5
7687.5
7746.1
7797.2
7913.2
8038.2
8049.7
8267.9
8363.3
8729.1
9023.5
9243.5
9381.5
9484.7
9557.7
9603.7
9802.5
10039.8
10245.2
10404.3
10608.9
10760.5
10872.8
10900.2
10989.9
11224.1
11234.2
11308.7
11332.0
11469.8
11882.1
11898.4
12191.5
12216.1
12463.0
12824.2
13412.8
13771.0
13838.8
14108.4
14206.2
14350.9
14419.8
14432.5
14702.9
14946.0
15001.2
15138.0
15253.1
15283.5
15290.3
15369.6
15588.1
15885.4
15928.0
16503.2
16640.2
16828.0
17054.2
17234.0
17364.3
17416.9
17606.9
18186.0
18598.4
19178.3
19287.2
19339.9
19614.8
19621.9
19665.0
20064.1
20829.8
20854.1
21059.0
21082.8
21234.2
21333.9
21347.6
21437.6
21468.3
21676.4
21992.5
22012.8
22228.4
22239.5
22483.7
22715.4
22858.9
