76.1
561.1
736.2
859.8
951.8
970.9
1020.6
1075.4
1078.6
1374.3
1766.5
1845.5
1887.3
1938.9
2050.5
2192.9
2438.2
2886.8
2914.1
2959.9
3250.3
3798.6
3805.9
3925.9
4403.5
5244.6
5248.1
5429.3
6202.3
6280.7
6316.3
6612.9
6678.5
6753.9
7077.7
7083.9
7585.2
7757.6
8111.2
8224.2
8408.2
8494.7
8673.0
8761.8
8801.1
8840.8
8985.0
9535.4
9760.8
9952.8
10112.5
10355.8
10464.2
10710.5
10877.5
10974.5
11117.3
11198.9
11311.9
11684.1
12002.0
12028.7
12415.0
12603.7
12722.8
12759.9
13202.3
13528.0
13612.4
13631.3
14871.6
14972.3
15260.4
15335.0
15352.9
15782.1
15906.4
15919.0
16192.1
16382.2
16494.9
16502.0
16938.8
17256.9
17379.9
17479.9
17523.4
17974.3
17976.5
18221.2
18480.3
18762.1
18797.0
18937.5
18973.8
18991.4
19571.6
19771.1
20510.8
21377.6
21396.3
21734.9
21791.2
22213.2
22229.9
22617.8
22628.9
22934.6
