188.9
496.0
730.9
863.6
888.1
1387.8
1423.8
2145.5
2156.6
2162.7
2513.7
2536.5
2769.6
2966.2
3076.0
3518.2
3669.1
3914.9
4579.5
5374.7
5775.6
5790.7
5987.6
6242.1
6324.2
6475.3
6706.0
6843.2
7133.4
7447.5
7516.1
7789.0
8005.2
8115.2
8413.3
8472.6
8749.7
8881.5
9141.7
9384.4
9603.9
9878.3
9895.5
9914.2
9991.7
10164.4
10166.3
11214.4
11336.4
11423.0
11544.8
11804.2
12581.6
12669.9
12725.6
12984.5
12987.6
13302.0
13402.0
13515.4
13603.2
14025.4
14353.1
14370.3
14533.3
14923.7
15180.5
15333.2
15443.7
15448.1
15577.8
15634.0
15703.9
16266.5
16958.0
16986.1
17019.7
17451.5
17492.2
17502.8
17917.3
17958.3
17971.1
17980.5
18446.9
18459.9
18754.3
18892.0
18921.1
18959.6
19797.3
20044.7
20053.1
20479.0
21156.7
21159.2
21471.0
21597.9
22000.8
22181.8
22529.2
22744.2
