74.2
377.9
529.6
557.1
797.9
1180.9
1346.1
1347.2
1551.9
1943.5
2927.9
2970.6
3487.2
3598.8
3759.5
4130.6
4235.6
4413.7
4496.6
4662.8
4819.3
5036.7
5106.8
5157.3
5944.1
6306.2
6460.5
6643.2
7110.0
7315.5
7467.4
7770.7
7911.6
8045.2
8373.1
8444.7
8603.9
9053.7
9469.6
9604.6
9691.6
9931.9
10175.2
10210.2
10324.9
10626.6
11005.8
11286.3
11371.5
11449.5
11612.8
12664.0
12809.6
12923.3
13170.0
13333.1
13400.3
14014.3
14040.4
14049.1
14119.7
14133.7
14654.6
14990.1
15336.7
15723.1
15728.6
15836.8
15950.4
15983.7
16350.8
16430.0
16501.2
16643.9
16709.2
16806.8
16937.4
17075.3
17303.8
17374.7
17872.3
17957.2
18052.0
18248.2
18363.9
18596.8
18935.5
19048.9
19053.0
19270.6
19301.0
19585.3
19665.0
19923.9
20191.5
20236.0
20670.7
20679.2
20841.2
21549.0
21644.6
21929.3
22307.1
22790.9
22843.3
