272.8
682.2
729.1
925.5
1011.1
1462.9
1987.4
2268.9
2345.6
2753.4
3031.7
3302.1
3450.3
3583.5
3764.5
3783.8
3928.6
3957.3
4609.3
5175.0
5305.5
5536.9
5737.6
6035.6
6117.0
6629.9
6643.1
6972.6
6990.4
7069.8
7590.2
7863.5
8155.4
8679.1
8738.7
8771.7
9002.9
9153.0
10293.2
10888.3
10908.5
11030.7
11190.2
11650.7
11674.4
11756.9
12016.6
12459.8
12524.6
12645.6
13180.3
13529.8
13744.1
13814.8
14234.4
14389.3
14509.2
14588.5
14640.3
15231.9
15255.9
15304.6
15341.7
15528.7
15531.6
15832.0
15835.0
15895.3
15919.2
15992.0
16050.6
16105.0
16302.6
16335.0
16511.3
16511.7
16779.2
16799.5
16870.5
17137.3
17284.1
17559.0
18038.8
18046.6
18071.8
18129.8
18190.5
18233.1
18253.4
18318.7
18526.1
19109.0
19363.5
19444.8
19456.7
19918.7
20311.9
20385.5
20414.9
20415.1
20471.3
20678.9
20825.7
20960.4
21067.9
21089.6
21246.0
21268.9
21290.7
21319.3
21420.4
21420.8
21573.9
21706.6
21840.6
21922.4
22262.4
22942.8
