170.9
711.4
901.4
1488.4
1840.9
2224.6
2649.4
2650.5
2719.4
2726.2
2848.5
3273.1
3601.9
3756.2
3872.3
3906.8
3926.8
4001.1
4015.7
4019.2
4098.9
4606.6
4961.3
5051.1
5070.6
5215.5
5480.8
5576.1
6112.8
6139.7
6453.5
6566.9
6568.2
6889.8
7102.3
7395.8
7420.1
7469.3
7952.1
7978.1
8019.2
8243.0
8459.7
8544.8
8671.6
9269.7
9926.3
9959.7
10096.5
10445.0
10678.8
10873.9
10974.6
11001.9
11304.2
11664.4
11711.7
11924.6
12054.2
12159.9
12229.8
12250.5
12256.9
12483.7
12704.5
12769.7
13028.2
13630.4
14079.0
14321.6
14401.6
14473.3
14546.2
15616.0
15813.7
15841.6
16008.7
16099.0
16156.2
16468.4
16638.8
16645.2
16800.4
16814.5
17087.9
17381.5
17393.7
17482.9
17513.2
17631.9
17964.1
18361.1
18406.7
18550.6
18677.2
18841.6
18874.4
18978.0
19165.0
19203.9
19578.1
19642.3
19661.5
19962.3
19990.0
20017.6
20117.5
20141.7
20601.3
20700.9
20879.2
21247.1
21349.9
21468.5
21819.3
21845.5
22136.7
22210.7
22987.0
