243.1
413.2
468.5
589.7
807.2
881.2
1191.9
1837.7
2010.1
2436.7
2554.7
2602.8
2648.1
3571.9
3729.0
4366.6
4488.1
4619.1
4956.0
5045.8
5343.1
5519.3
6272.8
6339.7
6340.9
6518.8
6971.6
7040.7
7523.9
7551.5
7564.4
8057.1
8322.8
8455.2
8547.6
8624.4
8984.0
9160.4
9165.0
9552.3
9721.5
10093.6
10347.7
10374.8
10457.3
10477.9
10504.2
10509.1
10637.8
10730.3
10820.2
10857.7
10940.7
11034.4
11122.0
11179.4
11459.7
11556.9
11867.0
11880.9
12061.2
12381.5
12544.4
12703.7
12934.2
13083.6
13194.5
13371.2
14021.9
14655.9
15138.9
15466.7
15499.4
15885.7
16054.4
16127.8
16172.5
16306.9
16565.9
16686.8
16840.1
16969.9
17268.6
17288.6
17347.0
17670.7
17901.8
17937.0
18131.9
18205.3
19190.0
19306.5
19385.2
19695.4
19799.1
20539.9
20633.4
20773.9
20917.0
21189.5
21309.4
21315.7
21928.6
21936.9
22176.9
22207.7
22488.1
22520.9
22662.4
22705.3
22737.8
