37.1
396.1
507.2
611.9
688.2
1335.7
1393.6
1543.3
1906.7
2350.7
2658.7
2877.0
3122.4
3142.7
3143.4
3171.8
3183.6
3304.3
3382.3
3588.4
3607.9
3689.0
3799.5
4167.7
4268.2
4286.9
4306.1
4348.9
4623.9
4720.8
4800.8
4827.7
5033.9
5034.4
6084.3
6431.5
6552.7
6633.3
7719.4
7729.8
7842.9
8283.0
8388.9
8534.5
8673.2
8802.5
8903.9
8956.0
8982.5
9235.3
9491.6
9844.2
10243.0
10625.7
10636.9
10686.5
11150.0
11349.8
11420.0
11641.1
11937.6
12052.0
12158.9
12486.5
12673.5
12779.4
12920.9
12969.6
13123.1
13459.4
13515.0
14520.8
14607.4
14881.4
14901.6
15510.5
15615.7
15653.5
15863.6
16192.5
16255.3
16422.1
16435.5
16773.0
17243.3
17315.4
17739.5
17982.2
18377.3
18398.1
18416.8
19222.8
19463.4
19479.7
19500.0
19616.2
19689.7
20020.1
20161.4
20223.2
20540.4
20652.6
20730.6
20806.4
21360.0
21372.0
21436.7
22329.3
22846.2
