205.9
301.3
661.5
814.9
1161.8
1203.6
1398.7
1519.6
1976.1
1996.8
2231.4
2295.4
2614.6
2677.2
2862.8
2867.6
3030.3
3144.2
3618.5
3645.5
4360.9
4488.1
4714.4
4800.0
5224.3
5404.8
5433.6
5620.8
6164.3
6211.3
6241.7
6279.3
6477.5
6931.7
7114.7
7182.8
8173.6
8330.6
8414.4
8485.3
8667.3
9135.2
9145.9
9357.4
9371.4
9800.7
10189.7
10197.6
10265.3
10421.9
10887.7
11309.1
11763.4
12228.8
12283.3
13056.1
13121.5
13190.9
13222.4
14024.7
14148.9
14233.6
14607.9
14671.5
14756.8
14879.3
15148.9
15206.2
15342.4
15967.7
16809.0
17119.7
17774.8
18120.6
18190.9
18234.3
18423.2
18436.8
18526.7
18643.3
18777.2
18780.7
18897.0
18900.9
19102.1
19489.2
19663.1
19893.0
19899.8
19913.9
20767.9
21367.0
21404.9
21447.1
21668.1
21709.6
22327.7
22731.8
22753.3
22815.3
