51.2
101.3
341.6
356.9
745.6
748.8
860.3
909.2
1397.7
1681.3
1729.3
1991.1
2196.6
2335.4
2554.8
2558.5
2803.7
2805.9
3264.3
3374.2
3381.1
3860.4
4017.5
4036.5
4097.4
4346.0
4435.3
4529.8
4639.8
4865.1
4954.5
5818.2
6158.5
6242.4
6679.5
6991.7
7605.6
7611.0
7928.9
8509.5
8981.5
9298.1
9884.4
10066.2
10270.1
10359.6
10401.1
10466.7
10683.8
10819.8
10835.8
11214.6
11284.5
11603.2
11771.3
12434.9
12478.3
12714.6
12829.5
12830.4
12975.5
13009.9
13150.1
13213.4
13374.2
13608.4
14126.1
14137.3
14200.6
14221.6
14304.6
14321.8
14423.6
14545.6
14916.2
14983.3
15108.9
15504.4
16213.6
16222.7
16267.9
16387.7
16681.0
17295.2
17452.9
17463.5
17523.1
18884.1
18910.6
18950.3
19152.2
19283.1
19360.3
19448.1
19808.4
19940.3
20101.2
20341.9
20570.6
20579.0
20600.5
21119.1
21597.6
21965.5
22365.8
22573.2
22656.5
