68.2
132.9
617.6
815.7
819.3
973.4
1477.2
1838.5
2198.9
2250.2
2520.8
2610.6
2659.2
2725.3
2947.7
3133.5
3207.4
3615.5
3700.8
3775.3
3944.8
4155.9
4296.6
4600.4
5345.5
5598.1
5909.2
6026.4
6058.0
6196.2
6350.2
6802.5
6908.6
6957.5
7059.0
7111.9
7378.8
7507.6
7643.7
7762.7
7877.6
8174.9
8189.1
8465.4
8856.8
9120.3
9385.4
9438.7
9743.3
10150.3
10350.1
10543.8
11014.6
11335.6
11448.0
11565.2
12231.6
12484.7
12763.0
12766.9
12773.2
12883.3
12963.5
12983.2
13579.6
13619.9
14115.5
14333.1
14482.9
14782.4
15131.8
15253.5
15318.3
16278.7
16406.7
17124.3
17492.6
17688.2
18006.8
18151.2
18190.0
18437.4
19207.8
19220.1
19276.6
19403.0
20016.5
20179.7
20192.3
20383.0
20385.7
20535.9
20563.7
20832.4
20974.7
21242.3
21325.1
21384.9
21385.6
21494.8
22520.6
