576.2
1053.9
1274.7
1555.2
1965.6
2244.3
2755.5
3271.1
3363.6
3604.1
3833.5
3870.0
4076.7
4095.6
4206.3
5141.1
5455.7
5522.3
5929.9
6459.6
6577.2
6720.8
6995.2
7119.1
7363.7
7410.4
7465.0
7519.6
7532.5
7643.3
7714.5
7774.0
7845.0
8277.1
8326.3
8642.2
8986.6
9054.0
9116.7
9293.2
9813.9
9929.2
10069.9
10484.8
10579.2
10603.1
10776.7
10853.5
11024.8
11035.6
11116.3
11254.4
11501.1
11557.6
11562.4
11720.9
11913.2
12040.3
12499.3
12564.9
12686.1
12809.2
13288.2
13535.5
14083.8
14246.3
14658.3
14720.2
14806.6
14858.2
14882.5
15244.3
15406.7
15438.6
15484.0
15487.4
15725.8
15931.3
16177.7
16208.1
16239.3
16240.1
16324.9
17345.3
17569.9
17658.7
17759.9
17771.3
17802.3
18024.9
18129.2
18152.7
18176.7
18219.6
18580.0
18738.1
18761.9
19121.1
19426.5
19562.5
19845.9
19989.1
20259.0
20908.2
21480.5
21636.0
22169.9
22202.7
22274.6
22721.3
22748.4
22805.3
22875.6
22880.2
22885.9
