281.7
456.3
1515.6
1759.2
1769.0
2056.5
2242.5
2614.8
3145.3
3410.9
3811.1
4032.8
4669.1
4774.5
4789.6
5044.8
5135.6
5333.1
5515.8
5825.5
5997.2
6390.1
6392.5
6717.9
7060.5
7129.1
7570.1
7863.6
7928.5
8375.2
8484.2
8495.9
8597.8
8681.0
9012.5
9105.9
9307.9
9361.7
9420.9
9639.7
9881.8
10107.6
10448.0
10460.6
10698.2
10870.6
10927.7
10957.6
11171.3
11249.9
11475.7
11479.2
11894.6
11904.4
12752.4
13225.6
13341.6
13660.9
13900.1
14219.3
14859.2
15074.3
15262.5
15284.8
16620.0
16877.2
16968.2
17058.4
17190.0
17206.1
17477.2
18194.3
18327.4
18926.7
18966.6
19000.2
19218.1
19260.0
19498.3
19572.3
19662.0
19682.5
19838.9
19958.1
20196.9
20199.9
20258.4
20325.3
20347.2
20377.0
20668.6
20733.0
20959.8
20960.8
21513.0
21635.5
21655.3
21662.6
21700.4
21941.0
22444.8
22467.0
22490.6
22843.5
