201.7
255.8
359.5
741.6
1140.0
1176.3
1339.6
1406.4
1419.0
2505.5
2583.7
2897.6
2980.5
3617.8
4240.8
4278.4
4340.1
4353.6
4446.6
4867.9
5035.7
5609.9
5808.1
5903.9
5996.3
6079.8
6203.9
6544.4
6667.5
6674.9
6696.9
7178.2
7376.8
7485.6
7961.1
7972.6
8098.2
8134.3
8409.3
8529.5
8747.5
8850.6
8963.8
9312.5
9789.0
9933.6
10006.7
10446.9
10521.4
10561.9
10613.4
10715.1
10997.8
11134.6
11198.7
11742.7
11946.7
12308.0
13030.6
13047.5
13608.1
14128.6
14265.9
14287.4
14290.6
14460.9
15128.8
15635.8
15667.0
15709.0
15930.1
16202.3
16246.3
16336.1
16883.5
17015.5
17046.7
17436.0
17862.7
18091.9
18095.7
18154.8
18276.7
18306.1
18641.5
19102.6
19168.0
19772.6
19877.2
19881.3
20029.1
20491.4
20623.6
21078.8
21178.6
21391.7
21405.6
21454.6
21731.2
21736.5
22227.9
22462.0
22913.3
