757.1
1424.4
1583.5
1825.1
1915.2
1919.6
1965.8
2166.9
2206.2
2383.7
2455.0
3237.1
3661.4
3792.5
4425.2
4484.9
4552.9
4792.8
4828.2
5098.9
5395.3
5772.2
5797.1
6147.5
6219.0
6316.1
6570.0
6771.0
6857.0
6931.9
6934.8
6951.6
7102.3
7478.5
8057.9
8285.1
8379.0
8586.3
8596.7
8660.5
9048.3
9090.2
9220.3
9330.1
9480.2
9905.4
10065.1
10187.5
10201.1
10273.5
10292.2
10651.4
10670.6
10800.8
10977.8
11650.5
11813.2
12385.8
12431.1
12441.7
12728.8
12739.6
12752.3
12767.1
13087.3
13393.2
13699.2
13833.3
13912.1
13916.6
14004.3
14122.4
14201.8
14383.6
14453.7
15281.8
15902.5
15960.3
15963.0
15964.2
16178.1
16374.4
16460.7
16554.0
16590.4
16604.4
16644.1
16910.4
17020.3
17201.0
17260.6
17473.4
17547.0
17934.5
18441.2
18494.2
18561.1
18630.5
18738.4
18816.0
18872.6
19150.4
19255.5
19402.4
19412.5
19498.4
19521.2
19859.1
20036.3
20118.5
20157.3
20237.6
20284.7
20441.4
20764.7
20791.5
20868.6
20912.4
21028.8
21054.8
21147.2
21178.9
21348.1
21349.3
21487.8
22166.6
22263.8
22507.1
22530.3
