687.6
748.3
748.8
1248.9
1316.4
1535.9
1707.4
2063.2
2293.8
2415.0
2541.3
3060.4
3068.9
3191.1
3390.4
3538.7
3687.4
4122.0
4447.1
5231.8
5679.3
5959.3
6050.6
6408.7
6695.5
6733.2
7147.4
7898.3
7956.8
8067.9
8176.4
8453.6
8516.4
8760.2
8912.1
8937.7
9093.5
10193.5
10252.7
10430.9
10546.0
10679.6
10691.3
10736.9
11091.0
11152.3
11275.2
11627.4
11686.8
11840.8
12014.2
12293.6
12947.4
13106.3
13286.3
13725.5
13754.6
14154.5
14324.4
14407.3
14639.0
14811.4
14897.9
15177.7
15279.3
15688.9
16149.9
16376.6
16379.4
16479.9
16489.3
16818.8
16840.9
17029.1
17059.1
17512.8
17911.9
18041.5
18137.9
18210.1
18603.6
18862.8
19118.3
19979.6
20183.0
20409.1
20487.5
20624.1
20894.1
21171.8
21214.4
21506.9
21550.2
21731.7
21752.5
21753.1
22091.0
22356.4
22366.1
22460.0
22615.7
22885.1
22946.7
