332.2
466.0
794.2
843.8
882.9
1140.5
1171.9
1578.6
1893.7
1999.2
2114.6
2347.0
2482.4
2826.6
3157.8
3280.8
3571.7
4300.7
4610.2
4632.4
4997.3
5003.9
5618.7
5740.5
5763.8
5903.7
6150.5
6835.2
6954.4
7068.8
7309.1
7405.4
7597.5
7597.6
7599.8
7755.1
7815.0
7938.6
7985.5
8007.6
8238.8
8254.7
9010.1
9042.4
9326.3
9510.7
9545.1
9867.7
10039.4
10435.2
10581.8
10626.6
10942.5
10972.4
11034.3
11374.2
11420.7
11500.0
11711.6
11974.2
12190.0
12758.0
12876.4
13001.7
13003.3
13047.2
13432.9
13532.9
13583.9
13725.6
13794.3
13810.5
14233.8
14342.5
14618.0
14989.6
15475.6
15913.2
16509.9
16682.7
16687.9
16710.8
16817.7
16871.8
17014.5
17360.7
18000.3
18233.8
18295.7
18377.1
18435.2
18531.0
18572.5
19255.5
19318.5
19374.9
19383.0
19573.7
19771.6
19841.7
20023.9
20079.7
20337.9
20421.3
20610.2
21615.7
21688.6
21885.7
21961.1
21992.3
22177.7
22543.3
22706.3
22929.0
22987.2
