57.3
237.2
414.9
457.3
614.9
885.9
1435.1
1568.7
1587.3
1789.0
1842.4
2124.1
2192.5
2273.2
2477.8
2488.6
2501.1
3347.4
3685.3
3873.3
4138.0
4468.3
4640.9
4673.9
5265.5
5858.8
6225.5
6450.0
6733.9
7034.9
7419.3
7790.4
7980.8
8424.5
8436.3
8496.7
8682.0
8797.2
9403.7
10004.2
10049.2
10079.7
10103.0
10261.9
10537.3
10627.8
10949.4
10967.3
10995.8
11310.9
11508.2
12098.5
12469.1
12713.9
12886.1
12920.9
13515.0
13736.4
14237.4
14734.0
14785.1
14846.8
14992.4
15126.6
15231.4
15544.2
15611.6
15662.8
15761.7
15787.2
15864.8
16055.8
16344.8
16755.0
16818.2
17292.0
17295.5
17436.3
17439.7
17485.7
17560.8
17668.7
17693.6
17769.3
18162.8
18267.8
18395.6
18503.1
18637.4
18902.0
19196.2
19726.8
19773.5
20453.7
20640.1
20741.8
20945.4
21393.9
21472.8
21507.2
21593.4
21863.9
22012.5
22255.8
22523.5
22589.3
22612.4
22928.3
