149.0
151.6
369.3
577.4
615.8
637.0
795.1
822.2
835.0
1487.5
1535.9
1559.5
1622.6
1674.7
1703.8
2008.9
2711.1
2806.5
3192.5
3270.3
3676.7
3793.8
3955.6
4067.9
4140.3
4331.5
4375.1
4438.3
4981.7
5081.0
5113.8
5242.3
5263.0
5402.3
5624.6
5699.2
5699.5
5749.7
5800.5
5981.0
6174.6
6177.2
6208.0
6377.7
6502.8
6748.5
6820.3
6828.4
6921.6
7582.6
8032.9
8053.3
8056.9
8226.8
8234.9
8265.9
8459.0
9065.8
9075.0
9444.0
9635.4
9767.0
9790.0
9966.5
10028.8
10064.9
10116.5
10284.7
10690.9
10946.5
11291.1
11379.6
12004.1
12672.5
12721.0
13195.8
13355.4
13417.1
13489.6
13890.8
13918.1
13935.8
13941.8
14098.7
14185.6
14400.7
14498.9
15185.3
15334.5
15487.6
15512.8
15874.2
15910.6
16041.9
16262.1
16391.8
16444.6
16473.2
16722.0
16730.8
17114.3
17441.8
17512.4
18373.1
18447.5
18593.2
18754.1
19056.7
19276.7
19280.3
19705.5
19820.8
19846.1
19875.2
20091.2
20261.7
20334.2
20350.8
20413.5
20530.0
20552.3
20558.3
20658.2
20893.0
21273.2
21311.8
21430.8
21695.2
21824.4
22511.2
22631.2
22786.4
