35.8
80.3
215.5
703.6
771.0
1393.8
1420.2
1425.7
1429.5
1454.6
1630.8
1752.4
1870.6
2229.5
2257.5
2281.7
3059.2
3109.8
3151.9
3394.6
3645.8
3751.8
3797.2
4021.6
4036.6
4212.4
4835.5
4984.4
5369.9
5479.6
5514.7
5664.9
6252.9
6451.9
6873.1
7104.1
7210.3
7277.6
7508.1
7772.8
7810.9
8077.4
8654.3
9006.3
9025.2
9258.0
9474.8
9626.0
10000.7
10048.9
10228.8
10541.7
10573.4
10841.4
11164.4
11235.9
11273.7
11360.1
11564.6
11803.9
11958.5
12504.2
12568.8
12961.1
13434.5
13652.7
13719.6
13843.4
13855.4
13999.4
14012.3
14105.5
14275.7
14682.7
14860.1
15238.0
15345.5
15369.9
16263.5
16482.4
16742.0
16746.0
16783.1
16881.4
17014.3
17111.5
17282.6
17484.0
17512.2
17892.9
17910.2
18443.1
18530.5
18630.1
18644.8
18794.2
18854.6
19001.4
19164.5
19429.1
19687.9
19946.0
20021.8
20081.4
20188.8
20288.1
20333.9
20825.4
21051.6
21234.2
21317.9
21480.7
22162.4
22436.0
22765.5
