177.5
318.7
590.0
643.4
789.7
797.6
1544.4
2168.5
2209.5
2387.5
2487.2
2789.8
3017.5
3110.6
3363.0
3401.8
3722.4
3738.0
3956.0
4465.5
4750.4
4825.5
5170.4
5375.0
5432.1
5763.0
5881.3
6084.8
6171.6
6779.2
6907.3
7195.3
7202.6
7258.2
7261.1
7315.1
7400.4
7559.0
7870.2
8150.3
8367.8
8520.3
8584.2
8869.0
9086.1
9111.6
9120.1
9607.6
9857.5
9967.1
9991.7
10391.0
10635.9
10717.4
10756.4
10801.7
10806.0
11210.7
11484.3
11701.2
11849.7
12191.5
12447.1
12888.8
13241.0
13292.1
13309.0
13473.7
13648.0
13702.1
14242.7
14385.9
14397.4
14651.4
14875.5
15005.0
15174.5
15197.7
15238.1
15753.9
16492.7
16988.6
17204.9
17242.8
17926.9
17930.4
17944.1
18043.2
18368.9
19692.8
19811.4
19842.0
20074.2
20386.8
20410.2
20790.2
20948.5
20951.5
21169.6
21218.7
21544.5
21751.5
22249.6
22375.7
22456.7
22483.0
22721.4
22937.6
22944.4
22983.0
22991.5
