571.3
1251.0
1348.5
1511.4
1564.9
1730.8
1836.7
1852.1
2284.8
2312.2
2513.9
2536.4
2594.4
2857.9
3411.8
3569.8
3667.9
3742.5
3757.7
4025.0
4025.5
4174.0
4259.6
4499.9
4556.2
4817.4
4864.2
4994.1
5332.2
5825.1
5912.8
6356.4
6608.4
6698.1
7084.8
7595.5
7648.3
8146.5
8168.8
8360.9
8510.9
8537.9
8590.2
8591.0
8658.4
8681.1
8688.2
8761.5
8786.4
8895.1
9139.4
9237.0
9599.7
9875.1
9894.2
10097.0
10368.2
10518.6
10570.6
10637.4
10840.5
10989.7
11149.5
11204.4
11230.3
11341.0
11557.6
11732.5
11774.6
11781.8
11782.8
11835.4
11885.5
12917.1
13906.0
14025.9
14332.5
14481.9
14593.9
14620.0
15391.8
15880.5
15940.1
16317.2
16362.4
16528.6
16536.3
16571.0
17041.2
17191.5
17767.4
17968.1
18103.5
18450.0
18659.6
18824.0
18987.5
19099.5
19160.1
19285.4
19366.2
19643.8
19828.8
19874.6
20360.0
20467.4
20737.6
20919.5
21065.5
21122.9
21423.4
21743.6
22098.2
22431.8
22707.9
22879.5
