112.4
436.0
1382.2
1423.1
1829.7
2139.1
2174.7
2471.3
2504.0
2522.2
2624.2
3268.0
3461.6
3656.3
4524.6
4621.3
4812.6
4835.5
4902.1
5117.4
5219.7
5315.4
5382.7
5680.6
5881.5
5889.7
6226.4
6303.1
6357.7
6426.1
7050.7
7206.9
7323.1
7475.5
7582.4
7610.5
7633.0
7902.8
8186.6
8318.0
8327.4
9395.4
10060.0
10153.6
10776.3
11077.3
11085.8
11465.2
11490.7
11640.3
11742.5
11842.4
11950.8
12121.7
12260.9
12545.1
12619.3
12706.8
12748.3
12765.1
13227.3
13464.7
13480.9
13736.2
13802.3
13853.3
14179.8
14422.6
14752.4
14857.7
15359.8
15714.3
16323.3
16436.6
16725.4
16766.8
16886.9
16906.7
17050.3
17111.0
17238.5
17255.6
17344.4
17708.6
17780.4
17816.1
18093.3
18676.8
18886.0
19145.9
19226.1
19235.3
19461.4
19571.7
20217.0
21066.2
21154.4
21272.7
21367.2
22603.6
