44.4
610.3
615.5
639.0
897.1
956.8
962.3
965.0
1155.7
1269.5
1870.1
2217.4
2623.3
3127.8
3272.3
3467.1
4022.3
4049.1
4246.1
4347.1
4568.9
4623.5
4903.8
4930.0
4980.3
5125.3
5271.4
5557.5
5947.4
6142.3
6154.7
6350.5
6441.1
6494.1
7374.1
7530.5
8145.1
8263.8
8269.8
8661.1
9302.7
9613.5
9944.9
10184.4
11123.7
11396.1
11744.0
11746.7
11792.0
11833.8
11965.5
11966.4
12087.1
12173.6
12185.6
12458.1
12817.1
12923.6
12941.6
13413.3
13625.4
13859.3
14102.8
14266.1
14384.3
16082.1
16147.9
16195.7
16220.2
16988.8
17297.8
17393.1
17889.4
18035.3
18288.0
19122.8
19414.4
19555.1
19611.2
19723.5
20046.9
20148.2
20214.8
20784.7
21763.7
22055.1
22175.9
22329.1
22421.0
22712.9
