41.4
223.7
452.0
544.7
939.7
1126.3
1247.2
1410.6
1417.7
1447.2
1481.2
1620.2
1631.6
1771.2
1859.5
2213.7
2570.9
2773.9
3092.0
3120.7
3438.0
4424.0
4525.8
4758.4
5002.0
5013.0
5153.8
5287.2
5668.8
5968.1
6277.4
6925.0
6931.1
7534.5
7623.7
7843.2
7844.4
8073.6
8201.0
8294.6
8382.6
8822.9
9311.5
9383.8
9489.5
9498.8
9822.1
10013.7
10070.8
10176.6
10682.5
10774.0
10828.4
10862.0
10888.1
11045.0
11123.6
11199.2
11482.3
11505.2
11804.1
11875.6
12075.0
12098.5
12168.8
12325.2
12397.4
12401.8
12420.0
12465.1
13256.9
13367.7
13640.2
13706.1
13894.6
13984.4
14121.5
14163.5
14189.2
14197.3
14441.4
14541.9
14724.4
15163.8
15347.0
16080.6
16418.9
16930.3
17114.0
17392.7
18095.2
18108.9
18118.2
18179.4
18696.2
18732.5
18775.3
18784.3
18890.6
19005.4
19271.9
19573.8
19729.4
19982.8
20290.0
20463.7
20664.9
20764.1
21481.2
21596.0
21819.5
22252.3
22270.8
22342.1
22468.9
22615.7
22857.0
22882.7
