539.4
912.6
1087.0
1265.8
1381.7
1447.3
1668.5
1810.6
2107.7
2191.6
2392.4
2401.9
2760.2
3584.2
3665.4
3810.2
3827.2
4135.8
4581.8
4641.8
4781.7
4921.3
4942.1
4995.6
5028.9
5192.2
5347.6
5472.3
5521.6
5904.9
6161.7
6227.7
6362.5
6791.4
7057.4
7324.8
7532.0
7609.8
7873.6
8144.5
8244.9
8556.0
8725.1
8744.6
8905.6
9065.9
9113.2
9548.6
9656.1
9690.7
10089.6
10135.5
10239.6
10519.0
10682.9
10735.6
10877.6
11189.9
11256.0
11258.7
11423.5
11539.7
11636.9
11696.7
11703.6
11831.8
11849.2
11978.9
12014.6
12059.1
12291.0
12433.6
12512.5
12918.0
12954.2
13045.0
13052.6
13065.1
13267.3
13677.3
14533.6
14611.5
14806.1
14973.9
15046.0
15618.1
15938.3
16166.5
16415.0
16425.4
16885.2
16907.0
17299.4
17570.2
17640.2
17976.7
18000.9
18032.2
18331.1
18415.6
18553.7
18560.7
18639.1
18894.9
19059.4
19156.5
19233.8
19876.3
20540.4
20585.2
20703.7
20747.8
21201.8
21745.4
21901.0
21933.0
22047.2
22058.0
22273.7
22419.9
22475.0
22699.9
22718.8
