267.1
566.1
670.5
698.7
1416.8
2470.2
2860.5
3229.7
3232.5
3687.8
3693.7
3748.5
3783.7
3806.1
3832.9
3836.9
4488.2
4723.2
5188.3
5461.6
6138.8
6166.3
6173.6
6380.0
6586.1
6930.0
7125.5
7333.8
7749.7
8097.2
8154.6
8469.2
8614.1
8645.0
9622.0
9663.3
9768.6
9996.8
10019.3
10145.5
10452.6
10552.0
10863.9
11040.0
11062.6
11564.3
11866.2
12103.6
12293.3
12310.8
13055.0
13086.1
13155.3
13237.3
13463.8
13579.5
13886.8
14444.4
14614.1
15200.9
15296.1
15922.8
15979.5
16036.2
16232.7
16275.5
16593.6
16920.9
16968.9
17163.2
17537.2
17730.7
17813.6
17886.3
17889.6
18351.5
18462.5
18909.6
18996.6
19140.6
19229.5
19429.7
19702.7
20108.3
20180.1
20476.8
20535.4
20783.5
20863.3
20939.8
20990.5
21250.5
21632.3
21670.9
21687.2
21756.7
21983.1
22041.5
22275.6
22480.0
22673.1
22679.8
