113.0
479.5
577.8
685.9
758.7
1708.1
1769.8
1928.0
1986.9
2319.4
2988.8
3064.7
3326.7
3409.7
3849.0
3884.2
3938.5
4186.2
4571.6
4687.6
4841.7
5051.8
5194.3
5201.4
5274.6
5573.8
6024.6
6339.5
6788.0
6854.9
6857.7
6981.1
7454.5
7540.1
7690.3
7959.5
8327.6
8371.5
8585.1
8816.7
9177.1
9320.2
9592.1
9883.4
10340.5
10388.2
10447.0
10481.9
10523.0
11017.0
11056.5
11088.5
11307.7
11430.3
11543.5
11669.0
12275.1
12533.5
12577.8
13317.0
13511.6
14041.3
14207.5
14250.6
14492.6
14675.6
14905.5
14924.2
15360.7
15562.3
15599.3
15672.9
15996.0
16137.3
16277.3
16338.7
17354.1
17377.5
17518.7
17625.2
17742.6
17789.7
17954.3
18118.3
18152.8
18210.2
18298.6
18301.8
18314.2
18346.3
18427.5
18487.6
18551.6
20034.4
20083.6
20278.0
20546.9
20564.8
20635.7
20899.9
20920.9
21125.8
21180.0
21534.6
21864.9
22100.2
22351.1
22519.9
22691.0
22854.4
