24.9
193.1
694.9
786.1
1196.2
1426.0
1451.5
1470.6
1689.3
1717.1
1969.7
2016.6
2256.3
2477.0
2732.2
3089.5
3458.0
3487.5
3517.8
3624.6
3807.1
3831.1
4030.1
4087.3
4133.1
4172.3
4337.2
4940.2
5330.9
5858.9
6028.1
6410.5
6419.3
6789.5
6800.2
6832.3
6883.5
7676.4
7795.1
8105.1
8257.1
8441.3
8485.1
9068.0
9097.6
9151.5
9329.7
9707.5
9758.4
10181.5
10405.9
10536.5
10792.9
11119.5
11122.9
11265.3
11743.6
11866.8
11877.2
12104.8
12352.1
12371.8
13015.0
13292.7
13452.7
13473.2
13637.2
13953.0
14010.5
14047.8
14168.8
14430.5
15049.5
15280.1
15470.5
15560.0
16282.0
16328.0
16900.2
17124.1
17135.8
17414.2
17479.7
17862.1
18192.9
18475.3
18491.9
18603.8
18623.3
18943.0
18958.3
18970.2
19084.6
19157.1
19601.5
19626.3
19665.0
19756.5
20018.5
20120.0
20799.7
20890.1
21456.6
21548.5
21650.9
21698.6
21981.0
22453.5
22701.5
