50.6
304.9
356.1
841.5
973.4
1252.2
1313.2
1456.0
2077.1
2079.9
3149.5
3220.0
3220.2
3293.7
3651.9
3893.8
3942.7
3986.8
4323.9
4447.2
4615.8
5310.1
6053.1
7092.7
7131.2
7153.5
7453.7
8230.0
8519.8
8547.6
8822.2
8986.7
8993.3
9214.0
9241.3
9275.7
9533.2
9627.7
9869.4
10061.4
10414.8
10905.9
11040.5
11193.8
11237.7
11664.5
11671.8
11910.5
12271.3
12307.2
12424.2
12645.8
12673.6
12686.6
13228.0
13553.7
13913.7
13938.3
14054.0
14591.7
15125.9
15235.7
15603.6
15750.2
15792.7
15803.3
16113.1
16143.2
16189.4
16282.6
16573.0
16637.4
16697.3
16730.6
16779.9
16944.7
17034.2
17108.2
17168.9
17901.3
18208.6
18647.2
18708.2
18914.1
19345.1
20052.9
20638.9
20792.3
20976.3
21107.8
21331.3
21444.3
21739.9
21844.7
22032.1
22143.3
22192.8
22539.7
22610.2
22694.9
22985.5
