220.3
474.8
481.0
611.4
944.2
993.6
1297.6
1494.8
1662.0
2249.3
2388.0
2598.9
2621.1
2820.3
2859.3
2933.2
3461.9
3485.7
3553.2
3618.9
4051.8
4119.0
4464.6
4468.9
4891.5
4944.6
5184.8
5189.1
5236.5
5240.8
5602.2
5639.7
5723.4
6033.9
6147.4
6401.2
6539.8
6845.6
6969.0
7168.6
7223.3
7482.3
7732.2
7793.3
7969.5
8216.1
8325.3
8386.4
8462.4
8466.4
8515.6
8552.3
8970.9
9447.0
9650.4
9885.6
9915.4
10156.5
10393.6
10636.3
10638.4
11287.3
11388.4
11899.2
12265.8
12283.6
12557.8
12593.8
12764.4
13026.0
13083.7
13091.9
13196.0
13316.5
13474.7
13566.5
13640.9
13732.2
14039.4
14303.4
14421.3
14911.8
14923.0
14983.3
15211.7
15307.2
15566.9
15583.4
15700.3
16016.0
16232.4
16598.4
16628.0
16842.7
17069.3
17221.0
17277.4
17513.7
17570.4
17983.2
18027.5
18032.7
18192.8
18248.2
18290.9
18832.1
18894.3
18936.2
19225.0
19292.6
19318.7
19324.0
19470.6
19795.7
19847.8
20741.2
21080.7
21566.6
21568.1
21587.5
21675.1
21813.2
22006.9
22276.5
22449.9
22810.4
22979.8
