15.9
102.1
885.5
1585.3
1810.2
1901.3
1942.0
2218.9
2467.6
2506.8
2879.7
2938.0
3145.0
3202.6
3484.3
3494.6
3532.5
3734.8
4172.1
4833.7
5152.0
5383.6
5473.2
5674.7
5717.4
5845.6
6585.2
6587.8
7036.5
7957.3
8007.4
8202.7
8236.8
8575.7
8754.2
8766.8
8777.5
8997.7
9023.2
9282.0
9330.0
9638.3
9719.6
10446.7
10667.3
10681.6
10786.0
10998.2
11063.0
11084.6
11315.3
11571.0
11829.0
12133.4
12141.3
12187.6
12412.8
12617.8
12907.4
13076.4
13077.1
13631.8
14028.8
14034.0
14042.3
14188.9
15045.2
15051.6
15098.3
15197.2
15238.9
15247.0
15527.5
15591.6
15681.4
15959.0
16257.2
16314.7
17128.0
17173.8
17855.0
17877.0
18193.9
18263.0
18440.6
18702.4
18758.0
19097.1
19246.2
19965.6
20057.7
20133.5
20185.5
20540.9
20607.3
20724.6
21414.5
21472.6
21588.9
21892.9
22153.9
22723.3
