62.9
254.7
269.4
647.2
740.4
941.9
1059.7
1299.6
1873.5
2335.4
2363.4
2455.9
2696.2
2853.2
2900.7
3039.3
3073.9
3149.1
3242.8
3590.8
3665.4
3686.1
3930.7
4204.3
4317.1
4477.3
4608.7
4716.9
5157.6
5442.7
5586.0
5639.9
5694.7
5822.5
6079.2
6127.6
6229.0
6340.7
6561.2
6581.7
6608.2
7133.8
7588.4
7904.2
8110.0
8221.2
8383.7
8716.4
8877.7
9414.4
9501.8
10410.1
10456.4
10684.3
10883.8
11001.9
11057.2
11071.9
11246.9
11346.7
11513.3
11582.1
11623.2
11634.1
11709.4
11783.7
12354.4
12390.5
12438.2
12604.2
12720.5
12721.5
12879.8
13166.6
13265.6
13311.0
13391.9
13419.1
13494.3
13526.3
13690.2
13905.5
14121.0
14294.9
14762.8
14948.0
14986.8
15000.6
15086.9
15140.1
15265.6
15441.7
15645.7
15948.8
16679.9
16767.4
16857.1
16907.1
16942.5
17001.9
17444.9
17729.3
17737.0
17807.9
18120.9
18145.1
18160.8
18365.2
18530.1
18542.8
18766.7
19412.7
19640.0
20166.1
20230.7
20344.2
20687.4
20886.9
21072.3
21271.2
21334.0
21381.4
21554.4
21805.0
21825.6
21984.9
22145.5
22545.0
22606.0
22881.7
22898.2
22930.9
22977.3
