324.3
481.7
734.8
793.0
802.2
1033.8
1045.6
1271.9
1431.2
1637.7
1663.9
2018.2
2336.8
2443.2
2660.1
2811.4
2992.8
2994.3
3145.9
3292.7
3443.0
3480.2
3607.2
3714.4
3888.2
4396.5
4402.2
4628.9
4642.1
4877.9
4919.6
4931.4
5022.5
5233.8
5423.1
5448.8
5481.8
5876.0
6054.2
6064.1
6172.1
6488.2
6594.6
6602.1
6915.0
6924.9
7116.1
7336.2
7518.0
7721.5
7875.1
8005.0
8038.3
8129.2
8236.1
8575.4
8705.8
9001.5
9194.6
9210.2
9237.1
9270.7
9357.8
9393.9
9419.2
9660.3
9716.7
9831.3
9924.2
9928.4
9963.0
9975.5
10084.1
10129.5
10169.4
10343.6
11364.1
11559.6
11837.7
11961.4
12326.6
12404.3
12524.7
12544.5
12629.7
12678.4
13133.5
13589.7
13671.3
13701.8
13956.1
14255.8
14298.1
14468.9
14516.2
14661.1
15137.6
15150.5
15249.7
15746.9
16061.8
16443.9
17303.7
17656.2
17885.8
17999.8
18045.7
18050.3
18085.1
18132.8
18524.7
18568.8
18691.3
19077.4
19268.5
19317.2
19543.0
19622.5
20472.4
21191.0
21410.1
21609.7
22084.5
22753.5
22765.3
22929.3
