147.4
422.1
609.1
699.7
1318.4
1718.2
2298.3
2532.5
2697.9
2860.2
3098.9
3483.0
3515.2
3948.3
4212.8
4371.5
4756.1
5132.7
5335.3
5604.2
6082.6
6147.8
6154.8
6218.3
6282.3
6286.6
6301.9
6651.4
7119.0
7158.5
7274.7
7418.9
7433.6
7570.7
7667.8
7795.3
8064.7
8218.9
8250.5
8321.6
8578.8
8589.2
8601.7
8697.2
9734.7
9793.8
9808.0
9932.8
9999.7
10002.2
10056.1
10634.5
10668.6
10716.8
10779.5
10792.3
11005.1
11026.0
11160.1
11160.9
11228.2
11268.1
11717.0
11876.1
11988.8
12322.2
12336.8
12449.0
12591.3
12918.1
13046.3
13551.8
13730.6
13937.0
14235.8
14337.2
14623.3
14930.3
14934.0
15163.6
15225.7
15382.6
15677.6
15730.3
16207.5
16222.2
16300.2
17753.1
17893.0
17943.7
18182.7
18412.4
18525.2
18627.6
18895.0
19478.5
19680.0
20068.2
20245.9
20329.0
20597.9
20604.8
20671.8
20760.0
20911.3
21190.2
21235.5
21435.1
21681.8
21729.6
22058.3
22152.1
22611.4
22730.1
22732.2
22806.7
22977.4
