3.4
121.7
564.6
688.8
767.6
851.0
881.7
895.0
1136.7
1275.9
1327.9
1563.5
1594.7
1628.7
1808.2
1890.7
1898.2
2298.9
2797.1
2921.9
3064.5
3144.8
3340.3
3380.3
3426.3
4043.9
4775.4
5137.8
5582.8
5695.8
5733.6
5834.3
5899.8
6125.7
6454.0
6690.7
6832.5
6973.6
7242.0
7393.2
7500.6
7545.6
7600.8
7770.0
7857.7
8340.1
8489.7
8511.0
9291.2
9400.5
9417.8
9575.3
10083.1
10189.4
10399.5
10764.8
11385.7
11499.7
11573.8
11914.7
11937.2
12146.2
12171.0
12685.2
12772.5
13345.9
13676.0
13683.3
13749.9
14016.7
14453.4
14553.0
14607.8
14861.5
14968.6
15043.8
15050.8
15100.1
15206.9
15281.8
15513.7
16251.2
16259.8
16305.4
16318.0
16572.6
16601.6
16696.6
16940.3
17118.9
17156.0
17313.8
17314.0
17414.1
17452.6
17828.6
18037.7
18634.2
19091.6
19600.8
19601.1
20007.9
20304.2
20365.9
20778.1
20811.8
21398.9
21505.1
21592.8
21898.5
21935.1
22526.7
22654.1
22779.2
22829.2
