540.6
611.1
978.7
996.4
1107.7
1123.9
1168.9
1707.4
2294.4
2323.0
2509.4
2628.8
2768.5
3152.1
3511.7
3608.3
3618.4
4063.4
4147.1
4979.3
5004.2
5302.9
5698.5
5907.1
6008.6
6352.7
6529.4
6574.5
6681.4
7307.0
8277.4
8338.0
8500.5
8505.4
8538.3
8631.7
8751.6
8965.7
9073.2
9120.6
9260.0
9818.3
10691.8
11017.2
11667.9
11766.0
12550.7
12605.3
12687.1
12891.0
12963.6
13111.3
13424.5
13854.1
13888.8
14120.7
14120.8
14262.8
14327.1
14416.4
14496.1
14636.1
14745.0
14998.9
15474.8
15600.1
15664.4
15691.6
15750.9
15799.8
16088.9
16089.9
16298.4
16624.1
16921.4
17080.7
17438.5
17448.8
17541.7
17742.6
17865.5
18176.5
18475.9
18492.7
18575.6
18605.5
18887.9
18940.0
18950.6
18978.8
19315.5
19442.7
19693.3
19709.2
19755.6
19812.7
20097.2
20217.4
20349.6
20438.7
20608.2
20909.1
21403.0
21467.5
21760.5
21938.7
22428.8
22668.5
22715.6
22812.1
22915.1
22993.7
