513.5
856.1
980.8
1399.5
1670.3
1882.0
2174.2
2713.0
3098.0
3258.2
3430.0
3442.5
3883.5
4010.5
4025.7
4854.8
4955.6
5017.0
5121.9
5199.5
5598.4
5599.3
6068.0
6206.9
6316.2
6733.7
7001.8
7136.7
7306.0
7561.9
7727.8
8112.5
8193.3
8378.7
8425.1
8570.2
8767.7
8781.1
8820.9
8891.6
9214.7
9308.7
9418.8
9475.3
10303.7
10496.2
10796.4
10811.0
11026.8
11089.2
11194.8
11249.1
11563.6
11603.7
11897.5
12297.5
12375.0
12661.2
12884.6
13318.2
14231.4
14236.4
14371.5
14396.3
14845.2
14956.2
15280.3
15369.6
15571.0
15671.5
15713.6
16077.3
16547.7
16764.8
17315.9
17474.6
17618.1
17933.2
17968.4
18232.9
18424.0
18437.9
18589.1
18947.7
19194.7
19335.3
19507.7
19678.1
20235.2
20389.5
20604.6
20719.0
20719.9
21040.6
21232.5
21573.2
21652.4
21768.7
21965.0
22110.3
22164.4
22210.8
22273.3
22290.8
22538.9
22634.5
22907.2
22945.9
