151.9
203.0
208.9
576.4
582.3
615.2
810.8
934.7
954.9
1074.2
1585.6
1880.0
2133.7
2184.1
2448.8
3523.3
3738.0
4000.2
4002.8
4065.9
4151.7
4565.1
5067.4
5582.4
5586.9
5782.0
6453.7
7161.5
7290.0
7372.0
8038.0
8133.7
8152.8
8251.5
8302.1
8392.7
8568.3
9515.2
9753.6
9771.6
9974.2
10099.3
10195.0
10235.2
10415.6
10516.7
10523.0
11156.2
11171.1
11192.9
11203.0
11435.5
11606.4
11859.4
12348.1
12551.7
12611.5
12634.4
12874.5
13360.0
13420.0
14229.0
15085.1
15591.2
15699.7
15800.6
15872.7
16082.8
16103.2
16552.9
16996.7
17760.4
17902.6
17951.0
18361.1
18406.7
18427.5
18475.2
18540.2
18607.2
19412.5
19452.7
20277.8
20353.6
20578.8
20588.2
21151.2
21180.4
21253.1
21457.7
21851.0
22010.2
22133.7
22203.6
22226.5
22393.3
22512.8
