89.6
158.5
391.5
405.2
475.0
690.3
967.9
1203.5
1497.7
2028.3
2147.8
2275.2
2439.2
2597.7
3187.9
3382.4
3388.0
3402.7
3552.0
4222.6
4493.4
4498.0
4754.8
4781.9
4909.4
5118.6
5206.8
5248.8
5345.0
5477.4
5509.3
6358.7
6359.6
6465.8
6835.5
7072.3
7170.4
7864.3
8163.1
8609.7
8826.1
9103.7
9218.3
9246.7
9323.9
9331.5
9375.8
9519.2
9691.9
10095.3
10200.1
10347.6
10627.7
10777.0
10824.9
10850.7
10858.3
11203.0
11429.2
11640.5
11764.9
12056.2
12141.6
12589.8
12597.9
12870.6
12929.0
13059.1
13118.7
13232.8
13238.7
13600.1
13615.8
13616.1
13828.3
13862.2
14202.4
14312.2
14403.2
14424.4
14534.3
14669.2
14812.0
14859.0
14873.6
14916.7
14947.9
14948.7
15211.2
15240.4
15309.0
15472.7
16212.3
16213.2
16316.1
16338.8
16456.2
16542.2
16633.4
16723.4
16780.9
16879.4
17071.8
17130.4
17277.0
17640.4
17721.0
17807.3
17888.6
17987.9
18150.3
18415.3
18430.6
18868.5
19090.6
19154.0
19213.1
19407.3
19537.7
20021.8
20186.0
20337.2
20911.5
21125.0
21422.2
21423.8
21483.0
21513.6
21525.8
22096.6
22121.0
22187.4
22336.9
22354.0
22379.4
22592.7
22776.6
