36.9
237.8
259.8
380.1
526.2
1278.0
1614.9
1775.8
1807.1
2100.8
2251.7
2343.8
2748.0
2826.0
2897.9
2981.9
3498.7
3593.6
3660.6
3737.3
3991.4
4713.4
4713.6
5502.8
6233.1
6415.9
6723.4
7024.0
7167.3
7375.9
7568.6
7627.3
7873.3
7993.6
8054.5
8395.0
8428.1
8667.9
8806.8
8833.1
8923.0
8935.8
9002.6
9212.9
9771.7
9783.5
10138.1
10346.7
11001.1
11097.0
11357.1
11566.3
11620.2
11691.9
11752.7
11969.9
12104.6
12149.7
12155.5
12233.9
12420.9
12847.4
13090.8
13595.1
14024.2
14147.0
14240.1
14293.1
14832.4
14900.2
14977.4
15039.9
15471.3
15599.4
15654.7
15862.7
16455.6
16516.9
16527.8
16553.7
16745.3
17313.3
17323.6
17456.4
17485.6
17580.8
17669.4
17912.5
17913.5
17929.2
18181.5
18530.5
18745.1
18920.1
19004.9
19121.5
19152.4
19437.1
19548.5
19607.9
19681.5
19852.0
20143.1
20446.4
20476.7
20771.9
20787.7
21066.7
21574.2
21751.8
22129.7
22191.3
22207.8
22519.6
