356.1
479.9
907.3
911.0
1209.3
1265.7
1347.4
1377.7
1384.0
1445.1
1525.1
2583.7
3031.5
3080.2
3254.2
3403.0
3458.0
3501.9
3665.5
4304.0
4352.6
4681.8
4692.0
4838.4
4931.7
5016.3
5033.7
5060.4
5362.8
5491.0
5561.0
5773.2
5848.8
5870.5
5994.0
6130.1
6485.4
6497.1
6710.0
6750.9
7201.3
7687.5
7792.4
7870.4
8151.7
9150.5
9245.7
9356.0
9406.1
9622.1
10370.8
11164.9
11667.6
11723.2
12072.3
12083.9
12130.9
12171.3
12245.0
12283.1
12474.8
12567.5
12699.8
12789.4
12811.8
12888.7
13140.2
13213.4
13410.8
13496.4
13679.7
14013.7
14743.4
16272.8
16621.4
16773.3
16841.9
17809.0
17922.1
17938.8
17977.4
18001.2
18239.9
18318.4
18373.9
18541.1
18549.1
18651.9
19131.8
19454.5
19492.6
19713.9
20548.8
21123.4
21208.5
21337.8
21407.4
21441.8
21450.2
21555.8
21625.4
21802.3
21812.3
21824.9
22384.2
22810.5
