24.9
67.5
912.0
1039.3
1147.8
1529.6
1975.3
2471.7
3161.0
3465.7
3919.4
4774.5
5073.8
5307.2
5334.6
5951.2
6127.1
6199.5
6327.1
6350.6
6587.3
6592.3
6832.9
6847.9
7173.1
8179.6
8670.9
8695.1
8700.8
9000.3
9487.9
9822.7
10021.4
10077.2
10234.6
10266.8
10272.6
10355.9
10593.2
11080.9
11237.6
11891.8
12110.0
12402.1
13076.3
13454.0
13692.4
13761.1
14176.1
14587.2
14615.3
14872.3
15251.9
15473.0
15532.3
15545.4
15670.2
15873.0
16107.7
16176.5
16360.2
16388.6
16461.4
16542.2
16878.1
17031.8
17267.0
17485.8
17672.4
17673.0
17967.1
18074.1
18139.8
18143.0
18507.9
18538.9
18703.3
19059.9
19182.7
19230.9
19288.9
19680.1
20087.3
20119.4
20340.5
20488.1
20737.0
20896.9
20985.5
21044.0
21156.6
21202.5
21564.0
21754.5
21774.4
22057.5
22872.4
