370.5
739.7
760.8
1024.4
1034.5
1038.7
1270.4
1305.8
1417.0
1790.4
1909.0
1985.8
2001.1
2047.9
2073.7
2084.8
2098.1
2102.5
2585.7
2794.3
2862.5
2901.4
2996.0
3469.3
3471.6
3486.3
3925.0
4053.4
4371.6
4388.0
4532.0
4828.6
4876.3
4969.0
5090.4
5238.8
5241.3
6062.4
6085.2
6135.7
6362.5
6369.9
6595.1
7205.7
7258.5
7498.0
7686.0
8019.5
8148.1
8287.7
8337.2
8674.9
8816.8
8886.6
9447.1
9447.8
9582.4
9600.5
9852.4
10099.5
10438.8
10570.4
10735.5
10943.6
11027.3
11040.9
11131.5
11337.3
12101.7
12177.6
12381.0
12398.9
12413.3
12600.7
13262.9
13524.0
13669.6
13943.0
13979.0
14008.1
14102.0
14179.7
14689.6
14732.5
14826.4
14895.2
14919.3
15063.6
15156.6
15435.8
15657.1
15684.3
15745.8
15970.3
16018.7
16048.5
16271.7
16281.2
16391.6
16410.8
16634.5
16660.8
16847.9
17009.5
17013.8
17060.6
17084.9
17397.4
17552.2
18188.4
18370.8
18388.3
18570.9
19659.5
19878.1
20115.6
20476.4
21025.3
21171.2
21580.7
21742.4
22163.9
22852.6
22925.7
