113.4
226.0
543.2
658.0
758.3
822.7
1149.4
1298.1
1310.6
1732.8
1944.0
2072.1
2392.4
2583.8
2698.7
2710.7
2871.2
2895.0
3000.1
3028.7
3145.5
3248.8
3429.3
3670.2
3823.0
3832.2
3861.4
3965.5
4498.5
4668.2
5208.4
5299.3
5356.2
5641.3
5749.4
6214.9
6287.1
6411.3
6568.7
6717.2
6913.5
6988.6
7490.6
7612.9
7656.3
7698.1
7738.5
7747.3
8085.6
8367.1
8538.9
8556.5
8755.9
10040.6
10120.8
10215.4
10299.3
10554.5
10644.9
10669.1
10875.0
10933.6
11092.3
11569.0
11702.6
11916.3
12079.6
12447.2
12658.7
12774.8
12811.1
13032.3
13261.5
13392.6
13582.0
13730.4
14181.0
14408.9
14436.1
14694.8
14996.4
15111.1
15125.1
15502.8
15908.1
15914.9
15955.7
16090.7
16151.3
16188.7
16310.9
16478.5
16634.6
16795.3
16950.0
17400.9
17601.2
17662.8
17853.5
18051.4
18232.3
18660.4
18687.5
18991.4
19064.7
19393.1
19830.5
20225.4
20593.0
20786.3
21339.4
21565.1
21923.3
22295.8
22801.0
22958.5
22972.1
