293.5
335.7
429.6
808.1
953.8
1076.6
1242.8
1308.4
1655.8
2679.6
2769.8
3415.0
3487.6
3508.5
4064.1
4112.6
4723.2
4733.7
4865.4
5026.4
5568.7
5646.5
6418.9
6508.8
6609.8
6775.4
6901.0
7175.6
7298.4
7444.7
7575.2
7600.2
7832.1
7850.8
8056.3
8108.0
8163.5
8172.7
8368.5
8772.1
9002.6
9068.3
9565.2
9903.9
9936.0
10446.2
11410.2
11630.7
11643.4
12051.6
12751.1
12950.6
13290.8
13310.8
13397.5
13437.2
13516.8
13717.7
14077.7
14528.4
14748.3
15285.0
15427.7
15501.4
15624.9
15772.7
15835.3
15847.6
15962.8
16242.2
16499.3
16718.2
16921.7
16961.3
17025.5
17179.4
17188.8
17307.8
17308.9
17392.8
17617.7
17778.0
17835.7
18241.2
18509.8
18637.2
18657.5
19073.1
19177.5
20061.6
20460.1
20480.0
20535.3
20619.9
21085.7
21781.6
22041.8
22077.7
22172.4
22176.4
22349.3
22434.5
22535.9
22634.2
22681.2
22758.0
22967.2
