209.0
690.6
727.2
977.2
1001.6
1061.5
1203.6
1343.2
1685.1
1772.7
1877.5
2037.5
2050.0
2117.4
2272.5
2443.8
2491.0
2667.9
2675.4
2903.5
3019.0
3493.6
3560.8
3680.9
4015.9
4146.6
4261.9
4717.4
4806.9
5463.7
5515.3
5840.2
6036.0
6309.7
6492.6
6793.0
6816.2
6998.6
7314.1
7473.3
7586.1
7835.3
7949.8
8020.0
8322.4
8579.9
8653.9
8737.1
8740.2
8829.1
9115.5
9268.1
9351.6
9479.0
9618.1
10210.7
10413.0
10662.2
10719.0
10758.0
10789.2
10848.1
12013.1
12090.5
12095.7
12399.1
12414.1
12670.9
12979.2
13309.5
13338.0
13416.5
13618.9
13743.6
13779.1
14076.9
14137.9
14147.5
14263.8
14597.9
14908.1
15225.5
15292.7
15375.9
15740.5
15876.8
16523.2
16588.9
16719.2
17129.8
17205.9
17315.0
17340.8
17469.5
17596.5
17865.0
18054.7
18066.3
18108.8
18190.0
18527.0
18585.7
18688.7
18821.5
18871.0
19538.7
19718.9
19987.1
20246.3
20258.3
21375.7
21381.7
21668.6
21895.1
22064.2
22472.5
22484.1
22603.9
22927.2
