295.1
463.1
593.9
955.1
1110.2
1469.4
1480.2
1650.8
2473.3
2614.8
2911.6
3041.1
3042.5
3463.5
3754.1
3825.8
3908.6
4553.1
5325.3
5413.2
5443.0
5484.2
5514.1
5741.9
6346.9
6602.0
6857.2
6928.2
6972.1
7145.0
7875.9
8096.7
8146.8
8317.6
8357.7
8512.0
8724.8
8882.0
8945.0
8976.5
9217.5
9261.6
9828.7
9830.5
9917.0
9919.0
9935.4
10132.6
10216.7
10325.7
10360.8
10602.4
10799.5
11303.3
11344.0
11378.1
11589.0
12099.6
12172.2
12410.6
12714.3
13297.2
13333.6
13389.5
13756.5
13779.7
14186.1
14525.1
14689.6
14987.9
15096.5
15147.9
15646.2
15798.6
15849.2
15923.4
15953.6
16085.0
16195.8
16641.2
16707.2
16740.9
16962.2
17280.8
17315.9
17388.6
17504.9
17560.5
17644.7
17668.0
17798.8
17835.7
17923.0
18207.7
18476.2
18559.7
18678.9
18755.9
18890.4
19028.1
19110.3
19134.0
19270.1
19424.1
19545.8
19716.2
19933.8
20028.0
20317.1
20580.0
20762.5
21021.2
21364.5
21606.6
21700.6
21808.1
22282.8
22353.8
22549.2
22850.7
22890.5
