296.7
370.6
646.6
734.8
833.0
955.5
999.4
1276.6
1345.9
1487.3
1574.4
1658.7
1740.6
2491.5
2673.5
2857.4
2962.2
3056.0
3257.7
3295.6
3495.9
3586.3
3809.1
4472.8
4626.0
5040.1
5143.6
5273.8
5752.7
5824.1
5909.6
6037.3
6118.4
6136.1
6399.8
6436.0
6636.6
7141.2
7180.9
7386.4
7522.2
7764.1
8341.6
8514.6
8737.7
9122.9
9324.1
9617.7
9698.6
9729.1
10169.4
10481.8
10578.7
10938.8
11208.8
11923.2
12040.3
12305.8
12716.5
12885.3
12888.0
12981.2
13046.4
13117.1
13728.5
13819.6
13962.9
14132.6
14321.3
14447.6
14468.6
14530.2
15036.4
15305.7
15414.5
15884.3
16411.6
17033.7
17169.6
17193.3
17355.7
17363.0
17398.3
18258.2
18324.9
18624.9
19027.8
19089.2
19316.7
19394.0
19653.0
20024.8
20849.8
21156.2
21509.6
21821.3
22045.0
22776.3
