77.9
270.4
942.3
1154.7
1210.9
1664.6
1727.2
1833.0
2412.0
2429.7
2535.4
2551.6
3279.0
3403.7
3716.3
4089.8
4560.0
4685.1
4822.3
5017.1
5305.2
5365.2
5729.9
5796.5
5923.3
6402.7
6766.3
6777.9
6881.2
7400.1
7534.7
7830.7
8158.3
8159.2
8657.5
9075.7
9548.8
9569.8
9692.9
9700.6
9802.4
9933.3
10628.4
10974.6
11392.7
11781.6
11971.8
12248.3
12281.6
12768.9
13106.9
13531.2
13546.5
13568.2
14373.2
14417.2
14520.5
14771.2
14792.4
14895.1
16342.0
16378.6
16624.8
17093.1
17321.5
17399.0
17492.4
17492.9
17585.3
17726.5
17854.4
18098.5
18114.3
18747.8
18756.0
19272.5
19387.8
19459.1
19644.9
19680.6
19796.2
19839.2
19851.6
19857.3
19959.1
19976.3
20054.9
20364.8
20379.1
21146.4
21573.8
21585.5
22011.0
22016.9
22158.4
22668.4
22759.8
