72.5
79.6
258.6
714.8
1270.8
1514.2
1515.6
1752.3
1760.8
1802.5
1979.0
2101.2
2109.3
2124.1
2137.0
2266.0
2362.5
2763.3
2911.3
2962.7
3316.1
3727.6
3948.4
4109.3
4459.3
4839.0
5711.4
5979.2
6026.4
6111.4
6273.3
6306.0
6552.0
7016.0
7184.0
7392.9
7400.5
7899.9
8649.0
9084.8
9196.6
9205.2
9225.9
9237.7
9539.5
9625.8
10149.6
10214.4
10312.5
10351.8
10382.1
10452.3
10615.2
10662.5
10749.6
10820.6
10851.6
10933.3
11026.5
11213.7
11239.7
11252.8
11440.0
11517.5
11574.9
11730.8
11739.6
11744.0
11761.4
12177.6
12358.6
12792.5
13263.6
13387.3
13491.5
13497.7
13542.0
13788.4
14048.0
14120.7
14239.9
14821.7
14944.9
15393.6
15634.4
15729.0
15854.4
16186.1
16379.3
16434.5
16503.6
16691.9
17204.0
17255.7
17288.9
17433.5
17537.9
17673.3
17781.0
18327.5
18607.4
18618.0
18652.4
19006.8
19341.1
19689.0
19925.0
20224.0
20867.1
21022.2
21337.2
21505.5
21809.2
22143.0
22507.6
22840.4
22933.4
