159.1
305.6
473.5
572.2
634.8
819.5
1234.8
1295.7
1740.5
1744.9
2027.6
2135.3
2479.2
2878.5
3012.7
3567.1
3689.6
3753.1
3785.9
3885.9
4400.3
5085.7
5145.2
5185.0
5527.8
5556.5
6009.0
6151.1
6298.5
6317.7
7098.9
7178.7
7268.5
7274.5
7296.7
7468.6
7853.8
7913.5
8490.0
8512.6
8849.8
8970.2
9043.1
9116.8
9216.5
9337.1
9494.2
9589.1
9871.7
9894.0
9916.8
10334.8
11479.3
11680.0
12355.4
12432.9
12723.4
12994.8
13828.0
13861.1
14370.8
14584.2
14652.6
15015.8
15088.9
15090.2
15232.4
15293.1
15447.7
15458.2
15880.8
15975.1
16104.6
16112.1
16720.0
16775.9
16982.4
17011.5
17325.6
17338.6
17568.9
17816.7
18014.7
18067.3
18160.0
18312.0
18347.9
18439.8
18502.7
18829.4
18974.2
19159.0
19313.3
19418.0
19436.4
19673.4
19938.6
19981.0
20032.2
20247.5
20333.0
20377.4
21063.8
21270.3
21408.5
21529.4
21600.4
21787.1
22036.2
22072.5
22163.5
22685.3
22991.8
