441.5
816.5
1329.6
1629.0
1792.1
2138.2
2152.3
2200.0
2420.6
2477.1
2519.2
2611.0
3284.0
3576.1
3609.1
3609.8
3920.7
4197.8
4857.2
5152.7
5181.3
5289.2
5419.1
5972.1
6107.5
6351.9
6435.4
6443.9
6794.3
6860.8
7327.6
7380.4
8077.8
8199.0
8281.1
8618.9
8713.4
9188.5
9518.6
9606.6
9990.3
9991.4
10083.5
10420.6
10639.0
11077.6
12169.9
12278.0
12353.7
12471.9
12570.3
12619.1
13099.0
13271.4
13427.4
13690.6
13811.4
13983.7
14601.8
14728.7
14775.9
14790.6
14827.4
15094.7
15361.1
15586.1
15595.0
15621.4
15627.1
15704.0
15747.9
15766.3
15993.2
16015.3
16096.0
16145.9
16542.2
17024.9
17115.4
17397.0
17892.1
18421.6
19072.5
19126.8
19241.1
19514.0
19565.8
19784.7
19807.4
20112.8
20200.3
20303.1
20412.3
20522.1
20823.6
20924.2
21027.9
21274.5
21332.8
22448.6
22560.4
22790.9
22849.8
22908.5
22920.1
