215.2
498.0
729.9
1083.7
1140.1
1678.6
1855.5
1956.7
2015.2
2158.9
2160.9
2218.3
2249.6
2380.8
2665.5
3408.0
3601.1
3673.0
4163.2
4179.0
4243.7
4282.6
4346.5
4365.4
4710.6
4877.4
4883.9
4899.8
5001.5
5011.0
5206.7
5557.4
6358.8
6600.9
6714.2
6729.2
6885.6
7474.3
7896.2
7967.2
8005.6
8193.3
8299.2
8481.8
8843.7
8913.1
8991.9
9262.1
9333.4
9842.1
9940.9
10346.4
10996.2
11184.8
11212.7
11280.2
11314.9
11581.8
11987.3
12475.1
12580.7
12901.2
13088.9
13123.7
13273.7
13482.8
13651.9
13700.6
14302.9
14675.2
14737.8
14849.4
14887.9
14914.7
15199.8
15291.1
15322.2
15675.5
15884.0
15919.2
16097.9
16376.7
16690.7
16714.6
17024.9
17179.3
17414.3
17783.8
17837.0
18206.4
18256.1
18271.1
18833.5
18840.7
19010.4
20298.0
20383.6
20430.7
20587.8
21027.8
21031.5
21358.3
21391.6
21439.2
21481.4
21743.4
21754.6
21780.5
22204.4
22464.2
22577.8
22702.1
