232.0
283.3
384.4
949.4
1439.4
1562.7
1591.3
1764.1
2219.9
2839.0
2845.6
2894.9
3054.7
3192.8
3306.7
3404.0
3505.4
3543.9
3598.9
3789.7
3999.7
4000.7
4080.2
4361.6
4618.3
4798.5
4971.9
5084.9
5301.7
5315.2
5369.7
5531.1
6037.9
6249.1
6309.4
6412.6
6463.4
6682.2
6778.6
6853.9
6997.5
7346.6
7473.4
7613.1
8119.4
8487.9
8498.8
8846.9
8961.9
9097.4
9237.9
9749.5
9766.3
9817.0
9818.2
9843.0
9849.9
9968.6
10156.2
10348.4
10362.7
10490.2
10562.4
10573.3
10688.5
10805.4
11068.7
11073.7
11112.9
11171.9
11425.1
11648.1
11785.2
12248.0
12252.7
12371.3
12545.0
12611.6
12733.4
12934.1
13225.8
13398.1
13408.9
13435.3
13457.0
13812.3
13940.5
13961.8
14026.7
14307.6
14611.5
14862.6
14959.5
15340.3
15382.4
15398.4
15411.8
15474.0
15605.0
16155.1
16404.8
16407.7
16419.0
16583.9
17173.1
17328.9
17358.0
17410.8
17555.7
17637.1
18346.2
18361.3
19035.2
19260.0
19428.4
19544.6
19599.1
19708.2
19734.6
20182.0
20409.2
20522.9
20870.5
21121.7
21148.0
21726.1
21864.0
21934.7
21989.7
21996.6
22158.9
22265.5
22424.3
