147.3
607.4
665.7
706.4
712.8
1007.3
1061.7
1138.1
1260.9
1399.9
1427.8
2166.7
2289.9
2503.5
2610.8
2625.1
2720.7
2906.8
3339.3
3408.4
3605.8
3941.3
3990.4
4206.1
4405.5
4440.7
4543.9
4705.6
5109.0
5429.8
5525.0
5584.5
5738.0
6331.8
6408.0
6454.0
6691.6
6706.2
6802.6
7444.6
7561.8
7624.8
7758.5
7898.2
8005.8
8328.8
8516.8
8688.4
8731.8
9287.0
9391.7
9401.8
9591.6
9809.1
9865.3
9991.8
10075.1
10152.6
10163.7
10239.8
10246.1
10268.7
10336.2
10565.7
10661.6
10704.7
11013.7
11191.9
12079.8
12232.6
12289.1
12672.6
13103.3
13166.7
13497.5
13945.3
13954.1
14198.4
14342.0
14344.5
14406.7
14623.7
14717.8
14778.4
14787.2
15824.2
15831.9
15855.8
16010.6
16213.5
16343.6
16943.5
17005.0
17080.7
17116.5
17546.7
17580.0
17955.6
17984.2
18218.6
18738.4
19047.2
19064.0
19338.6
19762.8
20003.0
20083.4
20302.3
20765.9
20930.1
21651.9
21872.2
22072.7
22296.1
22381.4
22402.3
22443.5
22487.6
22752.1
