244.0
760.8
896.1
1136.1
1246.8
1277.0
1337.2
1377.9
1536.7
1870.7
2018.7
2160.0
2160.1
2196.7
2267.5
2338.6
2344.0
2998.9
3036.3
3147.3
3392.8
3713.7
3987.0
4258.4
4262.8
4271.6
4869.6
5041.1
5224.2
5238.1
5771.2
5796.0
5854.0
5940.8
6467.5
6476.5
6480.8
6508.5
6809.2
7112.2
7133.1
7270.0
7773.5
8784.4
9363.1
9702.5
9774.1
9887.6
9903.7
10160.1
10162.3
10500.7
10671.3
10714.5
10911.0
11135.2
11164.9
11445.5
11447.8
11504.1
11722.5
12113.7
12378.9
12548.4
12592.7
13052.1
13201.8
13325.6
13623.3
14130.6
14262.6
14321.6
14355.2
14481.8
15014.4
15085.7
15291.3
15436.8
15506.4
16292.4
16498.6
16638.6
16656.8
16900.4
17295.7
17397.3
17705.3
17833.7
17981.7
18285.0
18566.7
18730.1
19007.0
19073.6
19110.6
19117.0
19929.2
19984.3
20026.1
20032.8
20063.7
20282.2
20340.3
20430.8
20561.1
20597.8
20850.8
21209.3
21237.9
21338.3
21341.0
21467.6
21495.7
21676.0
21696.9
21744.0
21828.6
21967.9
22111.8
22266.1
22449.0
22665.5
22784.8
22869.5
