477.8
547.7
634.2
949.7
984.4
1161.6
1221.0
1275.6
1330.9
2039.1
2053.4
2107.6
2221.5
2384.9
2579.8
2606.6
3065.7
3084.6
3158.0
3532.3
3548.5
3914.5
3949.8
4273.6
4949.9
5137.7
5153.2
5210.9
5282.1
5431.3
5704.6
5722.4
5957.5
6066.4
6258.3
6481.3
6758.5
6885.6
7219.6
7725.7
8542.9
8627.8
8726.6
9055.1
9074.5
9294.0
9769.5
9805.2
9822.6
9824.6
9854.3
9966.8
10466.2
10525.9
10836.2
11093.8
11146.6
11254.4
11274.2
11285.7
11306.6
11315.1
11488.7
11762.9
11778.2
11919.9
11973.3
12312.7
12361.0
13675.1
14113.9
14157.1
14264.4
14379.2
14475.5
14500.6
14866.5
14893.7
14965.9
15258.4
15675.1
15767.4
15857.3
15868.3
16191.2
16326.6
16531.2
16657.4
16914.0
17111.8
17654.4
17809.8
17986.6
18193.8
18431.0
18951.9
20061.9
20407.7
20465.3
20566.8
21331.5
21365.9
21398.5
22072.3
22141.1
22166.9
22750.0
22864.4
22964.4
