179.7
450.2
717.3
1243.6
1307.5
1499.8
1660.2
1668.9
1695.3
1799.5
1802.0
1998.5
2294.4
2469.8
2519.3
2724.4
2854.7
2907.6
2976.4
3063.0
3162.1
3286.0
3502.9
3644.0
3647.6
4052.5
4132.7
4520.3
4695.2
4797.1
4799.1
5006.1
5180.4
5726.8
6806.9
7319.5
7551.1
7706.9
7851.7
7898.3
8230.0
8363.6
8371.0
8416.6
8490.2
8490.9
8507.7
9023.7
9179.8
9534.5
9544.5
9639.5
9980.2
10173.7
10355.2
10355.7
10853.9
10901.0
10957.4
11045.2
11045.5
12129.9
12268.9
12428.8
12742.8
12751.9
12815.8
13292.2
13350.4
13526.7
13535.7
13754.9
13772.4
14210.4
14550.9
15050.1
15368.6
15401.1
15541.1
15906.2
15979.4
16464.2
16495.3
16736.2
17364.7
17424.9
17476.1
17825.3
18204.1
18458.0
18567.4
18744.5
18991.2
19239.1
19792.9
20087.8
20263.2
21001.5
21254.8
21379.7
21656.2
21710.1
21836.9
22009.1
22118.4
22244.3
22678.3
