246.3
252.6
430.9
457.7
671.7
834.8
1064.3
2330.4
2403.6
2548.4
2828.2
2843.3
3020.7
3089.9
3154.9
3274.7
3365.2
4463.4
6300.9
6544.6
6549.4
6814.5
7295.9
7416.9
7641.5
7699.8
8017.0
8155.2
8336.7
8423.1
8466.8
8623.2
8687.5
8808.3
9225.0
9387.1
9638.5
10085.7
10509.4
10542.9
10574.1
11014.0
11104.0
11150.6
11441.2
11591.7
11856.9
11939.0
12130.9
12229.5
12307.4
12432.4
12687.4
12699.8
12777.0
12794.9
12805.8
13425.4
13962.3
14035.0
14550.6
14572.1
15016.7
15108.9
15205.7
15234.3
15409.5
15887.8
16075.4
16262.3
16459.2
16494.6
16534.3
16642.6
16694.5
17207.4
17493.9
17501.4
17555.7
17735.3
17910.7
18111.4
18204.1
18430.6
18621.2
18622.1
18967.6
19055.3
19978.0
20741.6
20776.1
20787.3
20831.9
20871.3
21062.4
21324.8
21416.3
21464.4
21495.7
22072.8
22087.9
22234.7
22489.9
22654.8
22902.1
