353.3
593.0
708.2
1022.6
1082.7
1148.9
1230.9
1440.1
1513.6
1711.7
1713.7
2506.7
2584.6
2616.4
2988.5
3225.7
3304.4
3379.0
3583.7
3644.2
4027.9
4293.1
4599.0
4821.0
5056.0
5187.0
5462.5
5954.5
6155.5
6513.0
6534.1
6885.8
7264.1
7286.8
7324.9
7531.3
7766.8
7774.0
7881.8
7998.5
8240.4
8242.7
8338.0
8515.4
8596.2
8600.5
8833.6
8906.0
8957.1
9259.8
9357.5
9427.9
9680.8
9820.8
9942.6
9975.8
10827.5
10839.4
11031.5
11201.3
11337.8
11390.5
11480.9
11556.5
11572.7
11620.1
11760.6
11922.9
11945.9
12054.0
12068.7
12112.8
12136.8
12208.6
12394.9
12487.9
12550.3
12982.1
13184.4
13190.5
13370.6
13537.0
13545.4
13608.4
13863.2
13956.3
14077.3
14307.2
14317.6
14408.8
14484.7
14992.5
15024.6
15234.8
15313.3
15704.3
16700.6
16776.4
16793.3
16919.1
17056.6
17154.0
17433.3
17445.8
18109.1
18156.1
18337.6
18840.1
19048.9
19897.5
19929.1
20298.8
21103.0
21537.1
21584.5
22050.1
22082.3
22472.9
22656.0
22801.0
22891.3
22951.2
