598.6
1704.8
2068.5
2236.7
2493.4
2676.7
2772.5
2858.2
2963.5
2972.9
3058.0
3492.3
3691.6
3707.8
4024.7
4305.1
4467.2
4813.2
4929.3
5098.3
5107.0
5544.8
5948.2
6016.8
6266.6
6633.5
6969.8
7124.8
7368.7
7384.6
7487.9
7750.1
7795.1
8188.1
8220.8
8321.1
8368.7
8369.2
8613.4
8706.8
8763.9
9200.4
9218.3
9336.3
9361.4
9476.3
9523.1
9811.7
10276.2
10377.6
10377.8
10513.1
10628.8
11140.9
11423.3
11770.2
12124.1
12197.0
12840.5
12875.9
13188.2
13249.1
13742.3
14154.3
14427.7
14680.1
14956.6
15081.8
15207.3
15287.0
15664.2
15776.0
15959.0
15961.1
16303.8
16323.4
16625.9
16648.9
17212.8
17533.1
18026.3
18198.1
18458.4
18551.2
18557.0
18708.0
18939.4
19324.5
19769.8
19986.8
20432.3
20504.0
20522.2
20619.9
20639.7
20818.8
21088.0
21212.6
21431.5
21456.9
21612.8
21640.1
21892.8
21980.2
22421.4
22500.4
22501.0
22589.2
22857.7
22893.8
22961.1
