376.8
529.7
739.6
1010.4
1193.3
1558.3
1568.7
1660.2
2039.1
2127.8
2699.1
3557.3
3660.1
3891.2
3892.3
3991.8
3994.0
4183.6
4394.5
4426.0
4466.6
4964.7
5032.0
5056.1
5077.6
5168.3
5404.8
5513.6
5542.8
5571.2
5823.1
5938.4
6128.9
6559.4
6755.5
6903.0
7372.1
8013.8
8441.1
8737.7
8888.8
9142.5
9333.8
9552.6
9618.5
9699.9
9854.8
9932.3
9989.3
10013.2
10399.1
10477.8
10771.3
11009.8
11037.8
11337.1
11447.1
11584.4
11635.7
11717.3
11781.1
12065.2
12330.7
12497.7
12574.0
12602.9
12679.5
12702.0
13500.7
13630.2
13652.1
13863.0
14092.5
14365.1
14461.3
15190.8
15417.8
15883.7
16136.2
16396.6
16397.4
16539.8
16620.9
16689.0
17250.6
17483.5
17531.7
17894.6
18106.4
18201.6
18328.4
18334.8
18342.0
18401.3
18740.6
18740.8
18861.8
18872.5
19374.2
19387.9
19686.0
20034.5
20138.4
20191.5
20271.2
20331.0
20844.0
20998.8
21589.6
21659.0
21841.0
21865.3
22027.8
22233.7
22895.7
22942.4
