27.2
37.2
37.9
397.3
518.5
545.7
611.8
620.3
794.5
866.1
1060.7
1167.0
2219.1
2394.4
2454.2
2497.5
2941.3
2980.3
3019.8
3023.2
3128.0
3178.6
3429.5
3804.3
3889.0
4105.4
4291.2
4533.5
4664.3
5315.1
5576.6
6577.1
6670.9
6674.1
6855.2
6878.7
6879.8
6989.1
7081.4
7777.7
8095.5
8197.1
8334.0
8565.7
8719.1
8755.6
8999.5
9383.1
9448.9
9555.8
9577.3
9582.9
10054.6
10102.1
10291.7
10316.3
10449.7
11118.0
11308.6
11392.0
11477.6
11667.9
11723.7
12121.1
12443.9
12519.6
12562.5
12582.6
12838.1
13189.4
13284.5
13689.8
13910.7
14078.4
14358.0
14591.9
14708.0
14901.6
14916.4
14963.5
15039.6
15112.0
15115.6
15162.0
15436.1
15579.6
15767.2
15828.6
16058.4
16074.6
16992.0
17022.8
17688.4
17732.3
17779.4
17795.0
17867.3
18033.7
18175.4
18412.9
18533.1
18636.1
19006.4
19266.3
19535.4
19581.3
19878.5
20120.8
20131.0
20180.8
20197.3
21390.9
21718.2
21770.7
21882.9
22040.4
22072.5
22260.7
22363.5
22370.3
22719.7
22984.4
