838.9
843.3
1074.5
1091.3
1283.8
1331.7
1341.9
1450.0
1674.7
1776.5
1936.5
2575.3
2782.2
3373.2
3587.1
3659.6
3835.6
4052.2
4149.3
4265.1
4639.1
4837.4
5053.3
5244.7
5376.1
5674.3
5704.3
5836.5
5836.8
5963.8
5968.5
6003.6
6138.1
6154.9
6262.3
7067.5
7434.2
7461.3
7513.0
7809.9
7912.9
8507.2
8684.8
8795.7
9279.0
9512.5
9592.2
9965.3
10135.7
10201.6
10326.2
10663.0
10739.5
11171.5
11183.6
11209.4
11658.2
12149.5
12151.8
12266.3
12280.0
12457.0
12504.7
12505.2
12635.9
12715.5
12770.2
12811.5
12814.7
12823.0
13036.6
13402.6
13782.1
13905.9
14033.1
14143.0
14211.4
14296.5
14742.4
14954.1
15496.2
15514.7
15581.0
15985.5
16040.8
16065.4
16773.3
17256.5
17369.2
17377.3
17428.6
18384.3
18406.5
18531.3
18567.9
18579.0
18739.4
19077.8
19257.5
19698.7
19816.4
19895.3
19969.4
20033.1
20090.0
20414.4
20440.8
20564.1
20723.9
20887.8
21042.3
21522.5
21532.7
21598.2
22006.6
22534.7
22678.8
22757.4
22987.5
