188.9
487.9
641.0
716.0
990.9
1268.1
1799.9
2049.9
2169.5
2940.2
3254.7
3613.2
3913.8
5052.8
5180.4
5227.7
5406.4
5447.3
5690.3
6019.4
6073.0
6133.7
6532.8
6680.1
7579.7
7750.7
7797.0
7833.6
8007.5
8130.9
8202.6
8709.1
8782.8
9113.9
9211.1
9618.2
10170.3
10185.4
10193.0
10379.2
10560.1
10865.6
10954.6
11018.9
11176.9
11349.4
11718.9
11740.4
11967.2
12144.9
12302.5
12350.9
12483.2
12959.6
13088.8
13146.1
13425.6
13505.3
14215.5
14442.7
14715.7
14750.2
15138.3
15457.8
15470.2
15559.1
15758.3
15917.9
16364.0
16378.9
16546.1
16679.9
16783.4
17060.8
17492.4
17559.2
17585.8
17833.3
17897.9
17990.8
18192.8
18325.6
18456.5
18609.7
18966.1
19088.6
19149.0
19180.0
19200.8
19253.4
19269.7
19591.8
20230.0
20417.9
20506.1
20546.4
20839.7
21004.6
21760.1
21805.3
21979.0
22231.7
22402.9
22476.7
22489.1
22511.5
22842.3
22982.5
