93.9
194.5
216.0
345.9
851.0
869.3
1086.7
1470.6
1553.9
2080.0
2153.9
2244.0
2456.3
2861.5
2867.9
3023.5
3201.4
3437.2
3531.7
4027.3
4108.7
4119.9
4336.5
4550.5
4589.6
4611.7
4764.9
4845.2
5629.3
5648.7
5649.7
6050.6
6321.3
6462.5
6511.6
6538.6
6684.1
6745.3
6840.8
6906.9
6934.8
6948.1
6958.6
7012.0
7138.4
7526.4
7545.8
7886.2
8306.1
8502.5
8737.5
8750.1
8893.7
8917.4
9085.0
9702.8
9979.2
10067.2
10882.5
11413.2
11667.2
11903.1
12114.1
12944.2
13297.3
13321.7
13552.9
13669.5
14251.8
14626.1
14696.2
14778.7
14811.4
15071.6
15500.6
15669.5
15899.2
15924.4
15960.3
16228.1
16278.3
16715.6
16841.5
17003.3
17220.7
17312.7
17688.2
18098.1
18221.1
18325.2
19313.2
19403.3
19563.5
19645.6
19725.9
19727.9
19788.2
20136.6
20141.7
20235.4
20607.5
20625.6
20775.7
21112.3
21166.0
21475.3
21619.5
21979.6
22285.0
22510.6
22739.5
