49.3
90.6
485.8
644.8
795.5
1594.2
1677.7
1900.9
1939.2
2018.5
2148.6
2483.9
2653.3
2965.2
3688.5
3977.8
4139.4
4382.3
4411.3
5097.0
5130.3
5363.1
5619.6
5650.3
5714.3
5836.4
5969.5
6144.7
6311.8
6337.9
6433.5
6436.2
6670.0
6846.1
6854.7
7640.0
7724.2
7836.2
8286.6
8374.6
8538.5
8677.5
8727.0
8974.7
9159.7
9239.6
9456.1
9813.3
9841.5
10317.6
10481.0
10534.1
10606.9
10655.7
10663.6
10992.6
11025.7
11251.3
11338.5
11614.6
11929.9
12115.4
12330.1
12396.5
12461.1
12855.1
13377.3
13418.3
13457.2
13656.8
13763.6
13922.9
14158.7
14235.8
14440.2
14525.3
14658.9
14733.2
14813.1
15210.0
15354.0
15361.6
15414.8
15415.2
15569.5
15881.1
16071.1
16384.7
16444.0
16492.8
16536.5
17309.3
17337.8
17403.0
17472.8
17911.8
18036.0
18151.9
18443.1
18695.8
18807.3
19113.4
19133.1
19306.5
19604.6
19630.6
19758.2
19902.4
20079.8
20145.5
20390.2
20604.0
20681.7
20698.0
20765.9
20854.0
20859.2
20859.9
20917.3
20930.0
21170.2
21260.2
21384.2
21438.1
21742.8
21867.0
22014.0
22326.0
22674.0
22894.8
