86.6
288.9
398.8
478.8
504.6
730.4
1028.1
1156.3
1628.0
1640.4
1664.4
1911.9
2169.8
2572.7
2946.7
3146.5
3571.5
3764.8
4030.1
4207.2
4305.7
4380.7
4550.2
5247.5
6004.4
6164.7
6194.2
6375.5
6622.8
6811.8
6848.7
6873.6
6904.4
6938.7
6954.1
6991.9
7474.0
7572.8
8083.1
8511.8
8704.6
8753.6
8817.8
8850.7
8927.6
9139.3
9186.8
9556.8
9686.6
9715.9
10116.9
10427.2
10631.0
10952.5
11030.1
11179.6
11190.0
11228.6
11250.0
12016.2
12413.1
12588.2
12596.6
12737.1
12932.4
13270.3
13481.7
13507.4
13543.5
13630.3
13652.5
13874.8
14316.0
15045.8
15220.0
15413.9
15832.7
15925.5
16165.6
16188.1
16250.5
16331.2
16354.1
16864.6
17126.9
17420.2
17488.2
17565.7
17653.4
17894.6
17929.8
18019.6
18047.7
18049.4
18284.4
18429.8
18839.4
19005.8
19224.3
19293.0
19943.8
19981.7
20177.8
20700.3
20728.1
21089.3
21167.0
21335.8
21370.7
21382.5
21431.3
21720.8
21765.6
21994.8
22378.4
22509.6
22749.4
