583.6
1371.7
1469.8
2011.6
2277.4
2337.0
2343.1
2604.8
2620.2
3096.0
3257.7
3336.6
3433.2
3525.9
3670.3
3792.9
3835.8
3915.8
4026.0
4059.0
4064.3
4255.7
4375.1
4509.6
4756.5
4828.2
4936.0
6010.6
6054.7
6124.3
6143.5
6813.7
6972.4
7051.7
7288.2
7329.8
7416.7
7514.1
7527.7
7919.2
7988.9
7991.3
8031.7
8115.6
8115.7
8180.1
8803.0
9443.3
9674.3
9681.6
10174.1
10206.1
10223.2
10229.2
10385.2
10687.9
11337.6
11376.9
11421.4
11908.6
12063.5
12400.9
12444.8
12601.4
12692.9
12969.2
13256.1
13433.6
13463.9
13484.5
14044.2
14058.3
14120.5
14319.8
14354.3
14464.7
14897.7
14932.7
14963.7
15288.4
15627.1
15765.3
15794.1
16014.6
16299.5
16327.8
16464.4
16663.2
16768.4
16886.0
17081.6
17206.1
17572.0
17610.0
17691.6
18104.5
18124.4
18469.3
18506.6
18664.5
18813.8
18871.3
18898.1
18978.8
19161.4
19380.8
19386.8
19416.2
19419.4
19805.8
19806.9
19985.6
20218.4
20684.1
20738.8
20842.0
20878.4
20992.5
21157.0
21188.6
21327.4
21562.5
21563.7
21573.9
21629.9
21649.6
21707.6
21948.2
22071.4
22095.0
22580.4
22966.9
