196.7
312.9
409.1
416.3
485.2
677.8
759.2
1211.4
1240.0
1551.8
1592.8
2014.7
2306.2
3265.1
3781.6
4466.5
4619.7
4930.4
4933.8
5052.9
5177.1
5506.8
5674.2
5753.1
5931.1
5932.5
5948.8
6097.4
6173.0
6281.6
6372.1
6478.7
6495.0
6554.2
6575.7
6964.1
7040.0
7133.9
7378.8
7640.9
8499.5
9294.5
9507.2
9543.4
9652.6
9893.4
9996.5
10175.1
10325.4
10525.5
10596.2
10679.4
10917.7
11232.8
11726.6
11732.0
11934.7
12329.8
13682.5
13786.4
14295.9
14391.4
14574.9
14750.7
14828.5
15053.7
15053.9
15505.3
15724.1
15897.9
15898.9
16055.4
16239.6
16745.7
16770.3
16936.9
17535.9
18571.9
19114.5
19150.5
19231.3
19304.2
19600.9
19667.5
19903.1
19940.9
20310.7
20450.1
20717.3
21182.5
21562.4
21801.4
21885.9
22098.8
22430.7
22679.6
22842.1
22917.5
