58.1
86.9
129.1
161.8
211.3
276.0
481.2
1023.3
1578.4
1975.2
2227.0
2390.9
2693.5
2797.1
3254.3
4135.1
4509.3
5319.8
5348.6
5480.6
5620.4
5797.9
5856.5
5873.5
6018.0
6018.8
6158.7
6206.1
6207.5
6288.1
6620.5
6765.8
6809.5
7088.0
7100.3
7103.6
7262.0
7680.6
8044.0
8149.2
8307.9
8314.7
8619.0
8765.2
9076.9
9378.5
9523.8
9993.4
10728.9
10784.8
10875.3
10914.6
10997.5
11013.1
11307.2
11628.1
11847.7
11924.0
12173.6
12280.2
12383.5
12811.6
14177.2
14359.7
14506.8
14950.4
15269.3
15346.6
15403.7
15406.0
15682.2
15756.8
16174.6
16370.0
16558.3
16671.8
16702.9
16795.8
16869.0
16967.1
17313.5
17560.4
17912.0
17955.3
17988.7
18096.3
18231.6
18298.7
18703.0
18781.6
19242.4
20101.0
20312.7
20823.0
20862.5
20889.8
20906.3
21239.1
21289.2
21991.2
22193.8
22206.2
22248.7
22387.5
