56.8
269.5
463.5
829.4
936.2
955.8
1059.9
1152.1
2012.4
2086.3
2190.5
2522.4
2563.4
2656.5
2720.1
3092.7
3295.5
3368.6
3536.2
3677.1
3928.0
3947.3
4106.3
4198.5
4353.8
4460.8
4599.0
4663.1
4666.6
4763.8
4828.0
4938.6
5074.7
5155.9
5634.6
5733.6
5827.7
6078.7
6139.4
6150.1
6430.0
6510.2
6774.1
6788.5
7265.0
7584.7
7682.7
8118.0
8176.6
8385.0
8625.1
9059.3
9117.2
9171.8
9562.9
9671.6
9681.7
9703.0
9831.5
10325.9
10327.5
10331.2
10384.9
10660.1
10852.5
11066.0
11147.4
11482.1
11657.6
11795.4
11955.3
11992.8
12224.5
12293.0
12579.6
12645.5
12820.7
13092.9
13261.1
13343.6
13763.3
13795.7
14179.8
14904.8
14972.0
15027.9
15426.4
15537.1
15762.9
15780.8
16129.1
16460.3
17425.7
17584.1
17971.8
17999.2
19256.3
19363.2
19410.9
19678.2
20147.7
20323.2
20411.2
20518.4
20546.0
20674.4
20681.5
20742.7
20941.1
21074.5
21489.7
21710.6
21778.8
22002.2
22138.3
22208.2
22653.7
22778.9
22857.1
