631.0
636.5
868.4
1012.0
1108.7
1241.4
1786.6
1980.5
2046.7
2525.9
2809.4
2846.8
2937.9
3065.2
3252.6
3384.2
3443.9
3552.1
3719.3
3857.5
4112.0
4117.0
4179.8
4592.3
4780.8
4831.9
4862.2
5142.6
5555.9
5916.0
6425.3
6449.2
6513.5
7254.8
7487.1
7502.1
7657.7
7699.8
7788.2
7789.1
7820.7
7951.1
8048.0
8212.3
8588.3
8614.4
8717.9
8833.3
8848.0
8986.4
9166.5
9177.4
9441.6
9988.7
10084.5
10249.1
10678.6
10797.0
11245.8
11274.8
11346.5
11492.7
11696.3
12051.2
12575.3
12621.4
12691.6
12749.9
12899.6
13045.7
13458.8
13497.0
13548.7
13563.6
13624.1
13688.5
13690.5
14095.9
14110.0
14161.8
14343.7
14700.5
15434.7
15691.7
15748.0
15989.3
16034.7
16050.6
16094.5
16404.5
16507.9
16803.2
16851.9
16942.7
17018.5
17041.6
17255.8
17287.9
17292.1
17422.8
17781.9
17948.1
17955.3
17975.2
18003.8
18025.2
18027.2
18384.2
18650.1
18715.1
18757.9
19525.1
19545.7
19768.4
19988.7
20905.0
21158.6
21710.6
21718.1
21866.2
22202.3
22260.5
22284.1
22786.2
22944.6
22947.6
