756.9
926.5
1039.9
1098.1
1411.2
1646.9
1723.9
1761.1
2167.1
2415.5
2479.0
2637.8
2738.5
3643.4
3843.3
3850.8
4314.5
4684.1
4708.4
4719.0
4721.3
4811.1
4870.3
4913.9
5251.2
5463.7
5509.5
5570.3
5967.3
6079.3
6331.3
6364.9
6665.4
6690.3
6701.2
6732.9
6755.5
6822.7
7232.6
7412.2
7917.4
8073.4
8379.1
8692.2
9112.9
9134.1
9164.3
9696.9
9724.1
9849.2
10238.7
10355.8
10440.9
10472.0
10618.5
10657.0
10762.9
10841.8
10952.2
11026.5
11260.7
11494.3
11519.4
12261.3
12425.2
12723.6
12802.1
13045.6
13061.7
13293.2
13524.8
13646.5
13777.4
13793.5
13811.4
14031.9
14176.1
14210.7
14229.8
14292.5
14398.0
14540.7
14702.1
14790.2
14933.5
15695.1
15747.4
16121.1
16449.0
16533.9
16587.7
16945.9
17064.9
17099.0
17393.5
18080.1
18114.2
18298.8
18390.4
18557.3
19095.7
19182.1
19223.6
19403.4
19766.4
21414.0
21512.1
21899.3
22235.4
22322.0
22388.3
22432.1
22512.3
