193.7
372.9
651.3
677.0
706.6
1061.3
1398.9
1734.7
1803.1
2087.9
2176.3
2241.2
2894.1
3129.6
3139.9
3391.6
3515.5
3614.0
4069.4
4213.3
4357.2
4535.0
4545.4
4962.2
5219.3
5465.8
5633.6
5710.5
6047.5
6225.7
6407.6
6422.4
6750.1
6961.5
7198.9
7322.9
7987.5
8122.8
8602.6
8922.1
9440.0
9459.9
9957.9
9969.1
10226.5
10295.7
10367.2
10413.7
10702.3
11504.0
11513.2
11573.8
11667.5
11766.8
11780.3
11801.7
12046.4
12107.9
12567.8
12569.5
13136.3
13353.3
13853.1
14087.4
14403.3
14660.9
15236.3
15408.2
15461.1
15968.4
16180.0
16203.9
16273.6
16747.7
16779.5
16814.8
17444.3
17631.3
17682.8
17771.5
17838.2
17892.1
17965.4
18058.1
18495.2
18928.2
18998.4
19011.6
19078.2
19111.2
19282.0
19434.4
19546.2
19583.6
19706.0
19767.3
19815.0
19872.5
19900.4
20269.8
20383.6
21148.3
21204.9
21543.5
22027.8
22642.1
22643.0
22967.7
