627.4
718.2
785.4
990.1
1151.8
1202.2
2171.1
2171.3
2235.4
2327.0
2339.8
2697.4
2708.6
2711.1
2751.7
2844.2
3089.5
3125.2
3469.3
3591.1
3911.9
4268.5
4552.7
5063.8
5634.1
5659.2
5782.2
5815.6
6010.8
6165.2
6570.9
7841.9
8313.4
9261.9
9443.3
9714.9
9757.1
9876.6
9997.2
10007.5
10087.0
10191.2
10262.4
10320.1
10396.0
10533.2
11051.9
11102.0
11134.0
11267.1
12572.4
12995.9
13386.2
13494.2
13766.5
13884.8
13975.2
14104.6
14107.7
14345.8
14885.5
14934.3
15187.4
15357.6
15423.4
15495.6
16129.3
16131.0
16628.1
16722.6
17421.7
17500.5
17675.8
17866.0
17879.7
18735.9
19022.8
19022.9
19159.8
19241.9
19300.1
19417.9
19965.2
20100.5
21200.3
21392.7
21419.1
21761.9
22034.8
22381.4
22418.6
22820.2
22974.6
