35.3
223.8
274.6
394.4
691.1
918.2
1131.2
1277.4
1283.0
1410.6
1622.6
1983.3
2106.7
2154.5
2272.3
2309.9
2505.0
2507.2
2538.6
2818.2
2880.1
2902.0
3009.7
3113.8
3258.3
3552.0
3596.8
3665.1
3742.4
4175.8
4200.2
4553.6
4640.4
5089.4
5109.6
5422.8
5462.3
5462.9
5514.2
5636.8
5683.7
5698.2
5803.5
6461.6
6538.3
6639.8
6701.2
6770.9
7304.6
7414.8
7520.0
7723.0
7750.9
7965.5
8356.2
8440.0
8674.8
8733.4
8986.4
9061.1
9195.7
9260.2
9573.8
9767.0
10006.9
10013.7
10399.3
10760.7
10792.6
10804.0
10866.5
10871.3
10948.3
10965.6
11065.4
11211.5
11371.1
11504.3
11528.8
11682.5
11804.5
11826.4
11838.6
12190.9
12297.1
12403.5
12485.4
12524.3
12662.1
12838.2
12852.2
13077.7
13197.5
13249.0
13340.3
13387.9
13661.1
13771.2
13886.5
13903.2
13914.7
14034.2
14045.0
14077.8
14312.2
14405.5
14512.7
14537.8
14820.1
15230.1
15269.7
15423.0
15608.9
15697.5
16143.5
16457.6
16607.7
16639.5
16807.5
17239.6
17325.7
17466.6
17543.1
18034.4
18052.5
18371.6
19065.5
19117.1
19138.8
19189.2
19206.1
19478.8
19567.7
19865.7
20625.9
21081.9
21445.7
21650.0
21957.3
22137.9
22433.7
22529.8
22727.8
22758.4
