213.9
788.0
949.9
1083.5
1131.1
1154.4
1205.0
1332.0
1479.3
1514.3
1843.8
1893.6
2352.2
2392.5
2566.2
2995.3
3898.8
4156.6
4217.9
4229.5
4298.8
4385.5
4405.3
4413.9
4446.3
5095.2
5314.6
5476.9
5738.0
6548.2
6630.8
6670.9
6675.5
6781.7
6786.9
6975.4
7181.9
7288.4
7481.6
7678.5
7834.0
7873.1
8005.6
8698.9
9439.3
9864.7
10246.5
10447.9
10448.6
10453.2
10501.4
10572.1
10590.9
10889.6
10979.4
11064.3
11519.1
11547.3
11811.7
11820.5
12114.7
12213.2
12862.6
12894.5
12976.4
13017.0
13102.0
13118.7
13182.2
13305.6
13374.7
13606.7
13791.2
14097.4
14142.2
14872.8
14976.7
15192.1
15234.3
15316.3
15597.6
15666.7
15969.3
16071.8
16249.8
16407.3
16533.1
17001.2
17251.3
17559.7
17582.9
18135.5
18177.7
18677.1
18751.5
18837.7
18962.0
19039.6
19062.5
19162.5
19211.2
19214.2
19231.4
19260.4
19658.2
20001.4
20171.5
20214.1
20665.3
20837.6
21003.2
21190.1
21279.1
21292.3
21332.9
21654.7
21707.4
21849.7
21992.9
22619.8
22679.8
22743.3
22910.9
