275.3
542.1
558.7
607.2
732.1
809.8
910.4
1080.8
1313.2
1440.4
1607.5
1794.2
2139.7
2286.9
2686.7
2961.5
2987.4
3039.7
3054.5
3088.4
3095.5
3519.1
3678.6
3687.3
3740.0
4031.9
4157.3
4229.7
4442.9
4700.6
4735.7
5135.9
5172.2
5371.4
5975.2
6023.2
6464.4
6486.2
6588.7
6800.6
7298.5
7353.4
7990.3
8302.4
8391.5
8852.4
8854.9
9157.9
9370.0
9395.9
9554.9
10320.4
10425.1
10871.2
11162.6
11319.8
11841.1
12005.7
12036.7
12111.9
12303.1
12445.5
12481.3
12558.3
12575.1
12672.4
12915.6
13191.4
13591.9
13847.5
14037.1
14177.1
14516.3
14562.3
14817.4
14978.0
15282.4
15365.6
15532.4
15570.3
15696.1
15759.5
16549.3
16771.4
16811.6
17230.1
17360.3
17719.1
18017.9
18040.6
18154.6
18157.1
18197.4
18317.2
18320.0
18703.7
19110.2
19204.7
19325.9
19378.1
19548.0
19992.7
20009.3
20021.8
20349.1
20519.6
20699.5
21196.9
21272.1
21801.3
21823.6
21882.4
22355.3
22698.7
22889.5
