559.4
820.7
852.8
969.2
1069.7
1141.8
1628.3
1765.6
1792.0
1901.1
1963.7
2757.1
2945.3
3132.5
3306.6
3869.7
4083.1
4148.1
4203.9
4301.9
4314.3
4357.1
4425.1
4588.3
4666.1
5029.8
5067.4
5081.5
5085.5
5253.4
5656.3
5814.0
5925.8
6003.2
6186.8
6607.9
6643.0
7043.5
7554.9
7613.6
7620.5
7636.7
7766.9
7881.9
8056.4
8134.9
8136.0
8342.6
8458.4
8501.4
8687.8
9360.8
9604.7
9782.2
9966.5
10943.7
12140.8
12450.2
12828.6
12992.2
13038.8
13129.9
13169.5
13195.1
13323.5
13593.8
13641.0
13726.8
13809.2
13872.2
14048.3
14087.4
14184.3
14274.0
14727.7
14837.8
14993.0
15266.1
15589.0
16047.9
16048.5
16463.4
16604.3
16722.5
17087.9
17284.7
17293.9
17623.9
18451.5
18488.9
18519.4
18589.9
18620.4
18644.4
19328.3
19490.9
19684.0
20004.7
20145.5
20193.9
20300.3
20316.9
20380.0
20511.8
20512.6
21073.6
21133.5
21391.2
21432.6
21495.9
21516.0
21590.1
21746.4
21788.1
22271.2
22658.1
22888.8
