166.6
581.3
796.3
956.0
1916.3
2079.5
2086.5
2179.4
2265.4
2533.5
2636.9
2861.7
2940.7
2976.0
3029.9
3085.4
3182.6
3183.5
3358.4
3812.1
4046.6
4195.5
4219.3
4245.7
4261.8
4347.9
4441.8
4501.5
4591.7
4690.2
4974.9
5158.1
5180.9
5375.0
5419.7
5452.2
5525.2
5695.0
5761.0
5818.8
5842.0
6420.1
6467.1
6715.2
6870.1
7069.0
7402.7
7587.0
7698.2
7974.6
8298.3
8471.7
9503.7
9939.2
10071.8
10255.5
10700.7
10720.4
10795.1
11206.0
11269.5
11538.7
11561.1
11792.5
12318.5
12505.1
12795.4
12848.1
12945.4
13066.1
13334.6
13628.6
13756.8
14123.9
14955.4
15234.7
15375.5
15593.4
15701.8
15743.2
15796.7
15905.2
15929.6
16098.4
16371.5
17037.3
17184.4
17191.7
17195.5
17355.2
17730.4
17859.7
17957.5
18430.8
18552.8
18721.4
19424.7
19476.3
19587.2
19673.2
20048.2
20265.0
20476.4
20894.4
21036.8
21041.8
21129.0
21543.8
21932.5
21956.4
22761.0
22824.4
22893.7
22992.4
