230.1
589.4
667.5
1258.9
1433.0
1459.0
1893.8
2130.8
2327.1
2469.2
2513.1
2641.0
2968.8
3058.3
3252.6
3286.5
3310.5
3458.5
3479.2
3623.7
4020.8
4022.7
4230.5
4625.5
4841.4
5036.4
5232.4
5487.8
5546.7
5602.3
5671.2
5901.6
6055.7
6066.0
6364.7
6413.0
7034.7
7480.3
7624.2
7659.6
7885.0
8070.7
8193.4
8299.1
8333.6
8336.6
8362.3
9175.4
9391.7
9510.4
9578.2
9691.1
10030.2
10106.3
10137.1
10328.0
10429.3
10609.3
10768.1
11396.9
11763.0
11924.1
12742.9
12872.9
12959.7
12992.3
13054.1
13118.2
13194.3
13220.2
13285.5
13487.7
13658.7
13821.5
13849.2
13903.3
14204.6
14282.3
14739.5
14953.2
15201.7
15651.8
15942.1
15968.3
15999.6
16246.4
16416.6
16843.6
16968.0
17070.4
17076.9
17169.5
17207.6
17415.7
17467.4
17796.0
17808.7
17956.6
18039.8
18178.2
18671.5
18701.3
18863.8
19091.5
19182.7
19409.7
19637.2
19654.5
19672.8
19706.7
19755.1
19980.1
19997.6
20167.6
20258.2
20616.9
20752.1
20776.4
21037.9
21038.1
21060.0
21144.5
21510.4
22044.5
22387.7
22839.8
22858.1
22964.1
