6.9
61.9
83.4
444.3
588.7
886.8
1002.4
1519.9
1605.2
1986.8
2005.5
2022.9
2148.0
2272.9
2328.2
2371.4
2418.0
2635.0
2826.1
3211.9
3294.3
3413.9
3780.0
3828.7
3974.3
4432.0
4463.1
4497.9
5048.1
5272.2
5512.0
6187.8
6208.1
6847.4
7105.1
7222.6
7441.7
7696.7
7786.3
8216.1
8288.0
8430.3
8566.8
8733.2
9224.4
9604.6
9635.3
9898.7
10216.2
10686.2
10946.7
11291.5
11336.3
11342.2
11413.8
12284.6
12406.7
12437.1
12739.0
12769.6
13069.9
13194.7
13224.9
13287.4
13553.2
14150.3
14151.2
14239.6
14783.4
14915.0
15078.3
15124.2
15514.5
15745.8
16377.3
16645.4
16905.3
17017.4
17191.5
17380.3
17554.6
17763.9
18454.4
18597.7
18665.6
18883.3
19281.9
19322.5
19386.2
19839.3
19844.3
20188.1
20308.7
20444.7
20541.7
20731.7
21006.0
21027.7
21649.1
21672.4
21735.1
21775.0
21798.7
21920.7
22177.0
22285.6
22492.9
22919.0
22966.7
