476.5
591.1
873.8
1049.8
1247.0
1305.1
1481.7
1748.1
1808.1
1892.0
2141.6
2168.1
2367.0
2546.4
2935.7
3309.3
3444.3
3583.8
3739.6
4138.1
4192.2
4218.5
4269.6
4557.5
5069.1
5079.5
5326.5
5354.3
5443.8
5473.4
5599.8
5732.4
6035.2
6089.3
7287.0
7314.1
7491.8
7517.4
7551.7
7856.4
7952.2
8003.0
8159.7
8832.7
8972.7
8974.6
9014.6
9309.6
9499.8
9507.3
9589.1
9625.3
9894.5
10013.3
10322.9
10652.6
11179.7
11180.9
11234.2
11503.6
11824.1
12659.0
12742.4
13011.2
13293.9
13318.8
13526.7
13642.2
13674.0
13845.4
13937.7
14012.8
14139.2
14188.7
14903.4
15040.6
15428.8
15511.1
15916.6
16352.2
16797.0
17013.5
17557.4
18005.1
18050.7
18158.1
18239.7
18472.8
18573.9
19016.4
19349.5
19508.2
19869.4
20426.4
21428.1
21704.4
21930.3
22287.9
22470.7
22491.3
