439.6
620.2
736.9
858.0
1495.9
1733.8
1850.7
2098.2
2192.7
2306.4
2594.2
2664.4
2687.8
2822.6
3249.2
3455.1
3959.8
4064.3
4327.1
4827.9
5378.4
5467.3
5687.8
5741.9
5747.4
5842.8
6281.0
6414.3
6551.3
6838.6
6923.4
7058.5
7118.7
7235.1
7264.5
7381.2
7681.1
7694.9
7715.8
8004.2
8321.1
8493.1
8523.7
8624.3
8835.1
8973.3
9742.8
9961.1
10182.6
10271.6
10311.0
10435.6
10516.0
10665.8
10763.1
10968.5
11271.1
11309.6
11328.0
11351.8
11415.5
12068.3
12333.0
13030.9
13179.1
13445.5
13665.5
13952.1
14210.4
14587.4
14659.2
15010.5
15104.9
15645.1
15884.0
16071.7
16138.3
16266.5
16272.3
16335.0
16858.8
16905.0
17537.8
17572.4
17720.1
17798.0
18112.3
18271.9
18801.5
19439.8
19455.7
19799.1
19883.6
19963.1
20070.7
20346.0
20643.5
20645.1
20906.0
21000.1
21265.1
21322.4
21405.1
21914.7
22178.0
