29.9
317.8
453.5
460.1
477.8
655.6
750.6
1351.3
1407.8
1494.1
1718.7
2071.4
2098.9
2414.3
2454.9
2583.2
2636.9
2963.9
3078.7
3081.0
3187.9
3198.4
3223.6
3393.3
3465.0
3665.7
3707.5
3874.7
4093.9
4448.2
4547.4
4551.5
4615.2
5043.9
5091.0
5932.5
5962.9
6035.0
6343.2
6433.4
6445.4
6736.9
7130.9
7136.5
7575.6
8013.8
8065.5
8146.7
8171.2
8347.8
8447.5
9281.3
9415.8
9510.4
9878.4
9913.9
10120.7
10136.2
10249.0
10421.8
10954.3
11063.5
11145.2
11165.7
11198.0
11307.1
11362.8
11651.2
11799.3
11820.1
11958.0
12384.5
12525.3
12594.1
12666.7
13032.0
13063.5
13081.1
13144.9
13155.1
13190.0
13334.3
13483.5
13650.0
14334.0
14358.6
14549.0
14896.2
14929.0
14974.5
15358.6
15358.8
15794.4
16200.8
16292.0
16475.7
16484.1
16615.0
16970.9
17098.7
17512.2
17589.9
17599.9
17682.7
17995.1
18095.1
18280.6
18482.8
18636.9
18692.5
18965.4
19246.4
19304.7
19318.4
20000.3
20255.9
20286.3
20500.5
20828.9
20897.5
20911.6
21135.6
21197.8
21250.3
21385.6
21478.7
21524.7
21976.9
22185.4
22454.1
22563.5
