10.2
117.3
344.5
418.2
695.0
797.3
925.9
935.2
1447.3
1707.1
1861.7
2381.7
2486.2
2611.0
2614.4
3328.4
3369.7
3631.2
3806.0
4179.7
4215.0
4576.3
4620.8
4780.2
5069.6
5435.8
5947.3
6026.3
6419.8
6682.5
6740.9
6893.4
7002.1
7101.4
7119.7
7426.7
7496.1
7549.7
7720.7
7810.2
7843.6
8595.6
8788.2
8961.2
9057.9
9434.9
9727.0
9938.7
9970.4
10158.2
10271.1
10385.5
10811.4
11072.3
11351.9
11841.3
12012.6
12132.5
12356.5
13044.1
13416.1
14288.2
14543.6
14692.3
15130.6
15411.9
15553.1
15739.0
15933.3
16363.3
16717.1
17003.1
17087.0
17238.4
17238.9
17267.3
17531.6
17673.7
17697.4
17770.4
17790.8
17855.6
17857.6
18145.4
18403.9
18424.3
19372.7
20452.7
20676.3
21018.6
21821.8
22075.6
22462.8
22674.1
