401.8
688.2
803.5
839.1
1800.9
1969.9
2151.4
2318.4
2471.5
2552.8
2583.6
2622.8
2789.5
2837.6
3151.7
3236.1
3309.7
3508.4
3563.2
3750.2
3865.3
4289.0
4327.2
4553.9
4745.9
5096.1
5236.1
5361.7
5458.3
5944.8
6252.9
6849.9
6952.4
7057.7
7095.8
7170.4
7220.3
7318.9
7419.4
7443.4
7579.9
7710.0
8080.4
8090.7
8149.1
8205.4
8303.9
8540.1
8569.5
9099.3
9106.3
9721.8
9735.0
9786.3
9901.7
10192.5
10252.8
10311.3
10399.0
10825.9
10962.6
11578.7
11695.1
11753.7
11826.6
11956.1
12106.5
12241.6
12391.0
12700.6
12755.5
12926.7
13019.8
13256.9
13267.7
13369.0
13421.4
13496.3
13632.9
13718.7
13771.8
13861.8
14170.0
14567.4
14936.5
14986.5
15273.0
15435.4
15490.3
15727.5
15942.0
15983.9
16104.3
16278.7
16311.4
16480.4
16531.9
16783.3
16931.7
17044.4
17259.4
17704.2
17868.1
17965.7
18100.2
18528.4
18770.8
19002.1
19041.8
19044.2
19117.6
19308.3
19592.9
19946.0
20033.2
20184.9
20466.0
20495.6
21246.3
21419.5
21655.1
21771.1
21844.2
21986.7
22076.7
22314.8
22343.1
22494.5
22772.0
22910.6
