11.5
1055.2
1320.0
1511.7
1719.3
1724.9
1731.9
2001.8
2017.7
2060.3
2341.8
2559.6
2865.6
3213.3
3327.4
3349.9
3500.4
3513.8
4295.1
4528.9
4546.8
4619.8
4917.0
5485.8
5498.4
5602.7
5770.7
5939.9
6244.0
6639.2
7065.2
7204.5
7461.7
7467.4
7633.8
8151.5
8152.1
8180.9
8468.1
8497.2
8589.5
8938.2
9038.9
9387.0
9546.8
9629.5
9729.0
9812.3
9934.2
9979.5
10103.8
10420.3
10979.3
11055.8
11173.3
11607.0
11866.8
12318.1
12758.6
12785.5
12798.1
13206.2
13211.1
13459.8
13990.3
14061.2
14529.0
14619.4
14846.8
15151.2
15510.9
15974.2
16098.9
16234.6
16514.5
16549.3
16664.7
16678.6
16771.6
16792.9
17305.8
17500.9
17687.4
17943.4
18095.9
18709.6
19373.4
19459.6
19471.0
20148.6
20168.3
20446.1
20449.6
20972.5
21082.5
21820.0
21937.5
22016.9
22085.3
22330.0
22483.3
