133.0
372.7
508.4
622.3
765.1
1584.2
1590.3
1764.8
2035.9
2235.3
2388.6
2421.1
2710.9
3030.3
3091.5
3470.1
3595.2
3824.2
4511.9
5117.6
5295.5
5596.2
5603.0
5790.8
6015.5
6023.6
6111.1
6620.1
7353.9
8495.3
8569.5
8574.8
8595.2
9970.4
10009.1
10152.0
10601.6
10662.8
10803.9
10978.5
11117.4
11164.8
11205.5
11263.8
11463.1
11614.2
11655.3
11773.8
11972.7
12485.8
12524.6
12583.2
12626.6
12755.5
12991.6
13043.5
13072.5
13078.0
13149.8
13630.4
13946.9
14462.3
14480.4
14682.2
14763.6
14784.6
14997.9
15165.5
15423.8
15894.2
15971.4
16243.0
16469.8
16591.8
16748.0
17414.7
18295.2
19064.1
19208.3
19213.5
19257.4
19417.5
20064.6
20492.4
20945.2
21009.5
21058.1
21229.8
21430.1
21433.0
21670.6
21709.4
21711.0
21743.0
21941.4
22160.6
22284.5
22623.3
