165.2
260.6
309.5
904.1
1032.5
1229.4
1555.9
1715.3
1827.9
2883.1
2945.2
3280.5
3312.6
3413.3
3430.9
3528.6
3649.2
4146.6
4261.7
4347.6
4522.7
4759.4
5004.4
5222.7
5264.5
5577.2
5730.7
5973.6
6325.0
6395.5
6396.6
6423.7
6502.9
6530.4
6770.4
7003.7
7583.7
7746.7
8224.8
8229.7
8423.4
8531.3
8718.6
8870.7
8929.4
9011.0
9191.3
9413.6
9524.4
9583.0
9614.9
10205.7
10294.5
10298.8
10416.6
10737.8
10770.6
11201.1
11346.6
11386.3
11429.1
11802.7
11809.7
11851.0
12310.0
12479.9
12616.3
12941.0
13081.6
13138.3
13278.6
13443.4
13536.3
14084.5
14852.0
14883.2
14975.0
15118.9
15345.4
15730.7
15971.2
16342.2
16662.3
17320.6
17374.4
17513.1
18094.5
18105.4
18156.5
18196.5
18389.7
18454.4
18462.1
18770.3
19279.2
19493.3
19727.2
19754.9
20159.0
20172.4
20232.2
20417.1
20421.5
20503.9
20565.6
20996.4
21066.4
21588.7
21753.9
22032.9
22212.0
22219.3
22262.4
22451.9
22687.5
