187.1
187.6
222.6
231.5
594.1
625.7
895.6
1053.6
1162.2
1259.7
1440.5
1525.3
1811.0
1906.9
2110.5
2257.0
3068.9
3478.7
4220.0
4368.7
4377.2
4412.0
4778.9
4861.3
5224.0
6452.5
7193.8
8512.2
9006.9
9035.6
9056.2
9143.3
9789.1
9886.9
10029.0
10139.2
10344.2
10700.0
10730.8
10751.3
10829.0
11265.9
11551.0
11615.4
11844.9
11848.0
12209.3
12412.0
13215.9
13264.4
13264.7
13495.4
13700.8
13786.8
14233.9
14469.9
14525.2
14611.8
14988.2
15117.9
15388.7
15521.0
15580.5
16311.7
16464.0
16610.8
16781.6
16879.3
16995.7
17058.6
17147.6
17230.1
17955.4
18326.5
18344.7
18687.4
18695.0
18973.1
19159.4
19481.3
19604.7
20044.8
20375.4
20414.2
20463.6
20658.5
21092.0
21338.5
21374.2
21381.7
21520.9
21523.3
21745.3
21811.2
22094.6
22355.4
22540.0
22671.7
22704.1
22754.2
22783.3
