371.7
395.6
633.3
795.1
969.3
1104.5
1430.7
1689.7
1756.0
1849.6
1999.3
2332.1
2358.0
2870.1
3132.3
3298.6
3402.5
3410.4
3552.9
3611.2
4007.0
4164.1
4416.8
4718.7
4988.7
5595.8
5954.6
5997.5
6020.9
6217.9
6239.5
6258.7
6441.7
6659.0
6713.0
6767.7
7024.8
7099.8
7151.7
7164.0
7399.7
7501.9
7631.4
8052.2
8065.4
8330.6
8419.4
8518.4
8668.3
8868.4
8900.4
9494.2
9503.2
9833.6
10042.6
10427.8
11030.8
11169.4
11341.9
11581.9
11793.9
12304.9
12398.3
12454.1
12502.8
12632.8
12927.2
12966.8
13220.6
13247.7
13541.3
13693.9
13756.6
14241.9
14299.1
14502.9
14548.7
14677.7
15178.8
15378.7
15382.0
15594.7
15722.7
15888.1
16201.0
16319.4
16486.2
16521.5
16538.8
16833.2
16895.5
16902.3
16940.4
17036.9
17096.3
17101.1
17104.4
17174.1
17197.7
17252.1
17315.1
17369.5
17466.1
17570.8
17581.6
17812.7
17844.2
18104.7
18168.8
18379.6
18385.0
18400.8
18478.5
18599.8
18647.3
18732.2
19207.0
19208.2
19338.7
19449.6
19604.3
19804.5
19917.4
20197.1
20426.8
21074.5
21079.1
21204.7
21908.3
22088.0
22582.4
22653.0
22682.8
22745.9
22836.7
22982.8
