515.2
877.5
982.4
1642.9
1811.1
1948.6
2175.9
2222.9
2401.2
2474.3
2481.5
2512.6
2581.6
2691.0
2700.3
2825.9
3216.3
3396.4
3433.2
3450.5
3496.7
3776.3
3830.9
3840.7
4155.0
4521.3
4584.6
4606.7
5282.4
5311.9
5457.1
5488.3
5609.1
5611.3
5679.4
5714.9
5850.8
5954.3
6568.9
6779.3
7070.8
7083.5
7110.2
7302.0
7771.0
7867.7
7890.4
8153.4
8485.5
8591.4
9025.2
9602.8
9603.2
9702.1
9721.4
9762.6
10442.5
10473.1
10609.2
10742.8
10752.6
10771.7
10816.1
11128.1
11194.9
11430.8
11815.9
11988.8
12110.7
12203.7
12318.1
12375.0
12496.5
12654.7
12678.6
12777.7
13163.0
13423.7
13613.7
13640.3
13680.6
14201.8
14831.4
14866.3
14946.8
14985.0
15072.9
15085.8
15472.1
15625.3
15709.7
15972.3
16344.7
16454.3
16680.9
16860.4
16902.0
16917.6
17473.7
17716.7
17797.3
17819.0
18185.3
18601.3
18724.3
18965.6
19088.4
19567.7
19854.5
20056.4
20220.7
20312.1
20359.6
20383.8
20860.8
21026.0
21199.1
21354.2
21436.7
21605.3
21709.8
21832.8
21902.2
22075.9
22171.2
22223.6
22563.7
22902.4
