40.1
329.1
668.2
1225.8
1530.7
1538.8
1556.2
2134.6
2651.3
2757.8
3323.8
3344.2
3357.0
4461.2
4725.3
5197.7
5258.0
5304.7
5438.4
5608.7
5789.8
5921.3
5975.7
6232.1
6264.0
6378.1
6539.3
6669.8
6882.2
7182.2
7652.7
7781.9
8627.9
8643.8
8761.8
8779.0
8798.9
8929.6
9152.0
9211.1
9351.9
9497.7
9579.3
9799.1
9821.0
10176.9
10244.4
10300.7
10721.7
10793.3
11242.8
11319.8
11811.9
12321.4
12438.9
12709.7
13161.5
13297.5
13461.4
13960.0
14028.8
14414.5
14456.5
14793.3
14814.0
14968.6
15434.4
15483.7
15534.7
16037.9
16112.3
16286.0
16677.7
16860.2
17146.1
17305.3
17334.0
17466.3
17579.8
17878.7
17969.3
18288.4
18396.6
18402.9
18424.6
18653.8
19378.0
19384.2
19748.8
19998.5
20151.3
20505.7
20529.1
20742.0
21277.4
21557.1
21583.9
21686.0
22201.0
22304.5
22400.7
22502.3
22616.0
22841.4
22849.1
22850.9
22875.0
