937.0
1013.2
1167.3
1205.9
1255.4
1301.4
1916.3
2219.7
2328.4
3267.8
4216.8
4262.9
4414.6
4417.7
4472.4
4591.6
4661.6
4674.7
4787.6
5257.0
5406.9
5602.6
5911.6
6067.5
6385.1
6464.6
6506.9
6581.6
6596.5
6710.0
6727.0
6881.4
7009.9
7080.0
7208.9
7347.5
7694.8
7700.5
7916.8
8507.8
9190.4
9215.6
9236.1
9264.7
9661.1
9856.6
9899.0
9958.2
9981.2
10104.9
10281.6
10389.9
10540.8
10758.4
10909.9
11051.5
11065.4
11319.1
11335.3
11494.5
11650.1
11854.1
12020.0
12077.1
12227.1
13012.3
13522.2
13563.9
14127.1
14594.4
14975.6
15013.9
15099.9
15125.0
15589.3
15961.0
16129.8
16454.3
16610.5
16696.0
16788.5
16845.5
17679.8
18210.6
18259.9
18547.9
18880.8
18900.4
18978.4
19354.3
19354.5
19375.1
19537.2
19609.2
19829.5
20181.0
20456.7
20559.3
20594.5
20783.1
21032.9
21298.3
21423.7
21444.7
21653.1
21696.3
21786.6
22400.3
22444.7
22461.7
22650.7
22670.2
22940.5
22944.6
22990.4
