3.4
60.1
505.6
747.9
944.6
1109.2
1138.6
1329.7
1419.3
1832.1
2032.4
2050.6
2084.7
3064.2
3282.6
3632.7
3719.8
3837.7
4070.6
4291.3
4331.0
4534.2
5811.3
5904.7
5946.5
6179.2
6408.7
7013.3
7632.8
7836.7
7967.3
8467.1
8479.8
8485.0
8702.7
8841.8
8923.3
8966.2
9104.8
9472.0
9537.1
9676.8
9936.6
10143.3
10269.4
10270.6
10367.5
10614.2
10676.6
10715.2
10814.5
11036.9
11277.8
12762.5
12810.8
12978.8
13029.0
13060.2
13094.3
13347.8
13451.4
13606.5
13656.4
13749.8
13801.4
14096.0
14252.4
14486.0
14794.6
14984.0
15145.3
15434.3
15520.8
16124.2
16379.0
16678.4
16691.2
16943.6
17094.8
17119.1
17305.6
17855.2
17941.0
18033.9
18429.0
18650.7
18885.8
19063.3
19083.9
19122.2
19218.4
19546.7
19661.5
19829.7
20340.3
20367.9
20644.3
20649.1
20882.1
21193.1
21321.4
21355.7
21372.7
21448.9
21527.1
21830.2
22031.5
22240.2
22504.7
22854.3
22863.7
22885.4
22963.6
22982.7
