278.6
516.8
590.2
940.3
1131.1
1404.5
1425.9
1449.4
1489.8
2077.3
2383.1
2465.8
2691.0
2693.9
2793.6
2911.2
3630.5
3646.1
3777.0
3876.2
4504.2
4566.9
4803.6
5136.5
5196.7
5477.8
5989.7
6110.5
6139.9
6162.7
6382.9
6791.9
6966.7
7351.9
7376.5
7678.9
8043.9
8045.2
8197.0
8289.7
9217.8
9291.0
9755.9
9841.7
10195.9
10209.5
10292.5
10656.3
10850.7
10883.8
11105.4
11221.2
11833.2
11939.0
12190.0
12482.9
12490.4
12876.8
12886.4
12897.3
13411.2
13431.9
14059.9
14081.5
14520.9
14769.4
15106.7
15211.4
15247.4
15357.5
15444.1
15607.6
16125.9
16182.8
16330.8
16797.3
16905.2
17154.9
17205.1
17274.7
17344.2
17866.2
18011.4
18726.0
18842.4
18858.3
19040.1
19055.8
19163.8
19325.5
19455.8
19734.8
19815.4
19841.8
19972.3
19999.4
20080.5
20269.9
20333.7
20394.1
20444.2
20643.2
21000.9
21774.2
21785.9
21883.1
21931.1
22082.4
22271.3
22309.6
22350.6
22379.7
22407.1
22460.3
22584.1
22656.1
22910.8
22923.0
22993.4
