569.1
617.9
778.6
1027.8
1122.9
1304.1
1381.0
1428.0
1484.1
1879.0
1914.0
1938.2
2584.2
3451.2
3639.0
3802.4
3893.0
4317.1
4531.7
4659.2
4762.7
4901.9
4995.9
5381.1
5556.5
5746.2
5837.1
6180.9
6304.7
6805.3
7099.8
7363.8
7428.4
7527.5
7706.9
8096.2
8100.5
9180.9
9227.4
9348.7
9607.7
10072.2
10185.4
10725.4
11027.0
11397.4
11401.6
11625.8
11840.1
12364.4
13574.5
13613.2
13878.5
14461.9
14665.2
14691.8
15040.0
15365.5
15504.5
15573.1
15635.7
15832.1
16019.7
16061.0
16344.6
16381.3
16409.5
16450.4
16779.4
16817.4
16853.7
16890.7
17023.6
17288.6
17560.9
17790.5
17794.2
18122.1
18371.1
18835.2
18989.1
19050.4
19656.7
19673.1
19726.1
19838.7
19889.4
19930.4
20124.7
20143.2
20307.5
20726.1
21183.0
21234.3
21592.8
21942.8
22064.2
22234.8
22364.5
22744.0
22962.8
