50.1
81.6
246.0
290.5
329.9
544.6
1311.0
1357.8
1525.4
1630.7
1955.6
2030.5
2058.7
2354.8
2435.7
2560.5
2561.1
2645.9
2776.6
2816.1
3494.4
3662.1
3855.4
4119.3
4412.5
4519.3
4805.2
4888.6
4986.0
5047.5
5136.6
5160.7
5195.3
5396.7
5537.3
5571.9
5879.1
5989.7
6174.1
6247.9
6261.2
6561.5
6621.6
6626.9
6650.1
6671.6
6792.9
7016.2
7148.9
7248.9
7331.9
7594.0
7898.1
7973.9
8116.7
8464.1
8701.9
8902.4
8957.3
9485.0
9558.0
9993.4
10011.4
10029.8
10176.1
10315.9
10873.0
11357.0
11631.9
11980.2
12164.8
12399.6
12557.2
12991.0
13027.6
13099.8
13139.4
13314.3
13486.6
13861.6
13929.9
13963.8
14248.4
14388.7
14451.9
14509.2
14662.7
15058.2
15181.2
15243.2
15427.8
15820.3
15899.9
15967.2
15987.2
16002.2
16261.3
16427.0
16536.5
16558.9
16677.3
16869.4
17111.6
17202.3
17241.5
17507.1
17612.7
17867.5
17949.9
17985.4
18007.7
18077.6
18478.3
18492.3
18494.3
18568.1
18626.3
18749.6
18768.5
18914.5
19157.7
19232.8
19776.3
20157.8
20340.2
20392.2
21717.3
21778.8
21917.3
21938.4
22088.5
22187.6
22357.5
22587.3
22614.1
22726.6
22852.1
22954.2
