99.9
117.8
775.2
933.6
1106.7
1116.5
1136.1
1389.6
1518.7
1716.7
1718.6
2030.6
2046.1
2293.7
2300.1
2391.2
2575.0
3073.7
3204.1
3521.3
3739.6
3957.5
4051.0
4560.1
4822.0
4943.4
5030.3
5091.0
5352.7
5556.0
5574.9
6013.7
6073.4
6152.2
6174.9
6428.4
6695.6
7119.4
7160.8
7177.3
7219.1
7978.3
8024.8
8079.9
8145.0
8391.0
8495.9
8541.6
8775.1
8991.4
10030.5
10253.5
10355.5
10416.5
10417.0
10475.3
10710.0
10945.6
11194.6
11222.0
11268.2
11473.7
11539.3
12795.7
13584.7
13644.5
13777.1
14165.4
14646.5
14743.4
15038.7
15157.7
15513.8
15840.5
15876.1
15887.2
16520.1
16525.7
16728.2
16803.3
16832.8
17108.1
17270.3
17315.4
17347.2
17611.5
17747.5
18087.2
18095.4
18186.9
18591.9
18654.3
18704.9
19142.8
19232.7
19740.1
20168.4
20172.8
20203.9
20215.5
20375.7
20562.3
20840.3
21061.8
21149.7
21319.7
21466.6
21527.1
21633.8
22303.5
22756.2
