116.5
147.7
619.0
940.8
1193.5
1255.6
1374.6
1558.4
1841.6
2133.1
2202.7
2206.3
2319.1
2368.5
2399.0
2604.6
2701.4
2974.4
3832.5
4018.1
4021.0
4049.9
4102.2
4330.8
5096.3
5176.9
5573.7
5933.2
5988.0
6044.0
6160.2
6884.5
7172.2
7453.3
7721.9
8206.0
8233.7
8335.1
8385.9
8649.0
9234.4
9255.0
9299.0
9933.3
10141.6
10168.6
10832.9
11063.6
11119.9
11197.4
11346.8
11369.6
11657.9
11954.8
12769.3
12963.2
12986.0
13052.3
13173.3
14262.7
14540.4
14607.3
15044.5
15255.5
15284.3
15308.8
15652.3
15681.4
15974.8
16087.6
16250.1
16469.4
16695.5
17476.5
17660.0
17933.9
18079.2
18211.0
18379.2
18540.5
18697.7
18929.3
18938.1
18952.8
19721.1
19909.8
20171.4
20613.5
20800.8
20837.6
20841.6
20911.9
20945.2
21051.2
21059.8
21107.8
21131.9
21243.6
21375.0
21497.4
21603.5
21635.5
21766.9
21790.5
22205.0
22277.8
22348.6
22672.8
22742.2
