199.7
460.5
1276.3
2120.3
2263.4
2415.4
2436.4
2521.3
3071.8
3351.8
3442.5
3854.9
3877.0
4171.1
4247.4
4807.7
5879.9
5965.2
6740.7
6915.6
7102.0
7401.3
7497.5
7667.0
7677.2
8220.4
8341.3
8359.4
8595.6
8649.8
8944.4
8952.7
9003.1
9224.5
9251.1
9527.5
9615.3
10185.8
10504.1
11077.3
11235.5
11389.5
11422.2
12116.1
12117.0
12161.5
13040.3
13076.5
13221.9
13222.3
13224.2
13353.2
13725.1
13778.6
13924.2
14333.1
14563.5
14618.5
14668.0
14913.2
15079.7
15574.4
15592.4
15732.5
15734.1
16073.0
16103.6
16567.4
16649.9
17570.8
17605.3
18167.6
18253.2
18324.9
18367.5
18537.6
18805.9
18833.9
18938.1
19103.0
19241.0
19285.5
19294.0
19326.5
19409.4
19446.5
19493.0
19749.7
19797.1
20029.2
20114.3
20125.6
20165.3
20210.0
20368.5
20505.3
20724.0
20728.6
20776.9
20797.2
20815.6
21123.1
21985.0
22023.8
22135.3
22150.8
22263.6
22395.0
22560.3
