32.9
77.6
88.3
93.7
259.6
335.5
343.6
429.9
508.9
871.9
1117.7
1735.9
1812.1
1924.7
2050.2
2322.2
2733.9
2785.0
3503.5
3897.9
4216.1
4352.6
4461.3
4553.1
4783.7
4798.5
4919.7
4975.1
5136.1
5171.8
5370.4
5398.4
5732.5
5920.2
5990.7
6042.5
6253.5
6490.4
6493.8
6798.8
6880.3
8055.3
8107.0
8211.4
8742.8
9464.6
9735.2
10053.8
10077.5
10097.0
10387.3
11758.4
12206.5
12211.0
12746.9
12772.4
12938.4
12989.4
13136.9
13370.3
13542.9
13654.6
13890.1
14087.9
14136.5
14456.7
15235.1
15782.6
15855.6
15871.7
15964.8
16430.0
16457.2
17042.8
17676.4
17930.1
17988.8
18327.3
18896.1
19630.4
19646.5
19847.2
19898.7
20195.6
20222.3
20317.4
20585.9
21001.6
21063.9
21297.5
21941.2
22002.7
22127.5
22262.8
22414.3
22426.0
22434.3
22442.6
22716.0
22786.8
22944.7
