12.0
102.9
527.3
749.9
781.7
811.9
1084.9
1289.7
1625.1
1764.6
1956.5
2052.8
2526.6
2576.5
2611.0
2842.0
3356.1
3520.6
3786.8
4094.2
4101.8
4123.4
4356.2
4648.5
4698.4
4879.2
4901.6
4982.7
5020.6
5385.3
5749.1
5900.3
5962.4
6124.7
6293.4
6651.5
7035.1
7340.3
7705.3
7859.4
8009.6
8255.8
8392.9
8425.7
8496.7
8728.4
9045.7
9107.6
9239.9
9272.3
9463.9
9504.9
9621.5
9818.0
10061.8
10212.2
10257.7
10890.0
10948.3
11056.5
11073.1
11705.0
11971.5
12169.1
12887.3
12937.2
13221.4
13227.6
13267.7
13297.5
13306.7
13370.8
13385.8
13492.0
13523.3
13632.1
13678.8
13984.7
14777.3
14994.3
15047.4
15121.7
15599.2
15651.2
15681.8
16383.6
16916.6
16974.2
17066.0
17502.9
17756.1
17839.3
17876.3
18112.5
18364.6
18414.5
18443.4
18443.8
18590.3
18811.2
19017.8
19054.0
19082.5
19382.3
19701.6
19743.4
19871.4
20059.4
20181.5
20194.4
20290.6
20362.8
20728.2
20954.1
21116.8
21123.8
21138.6
21309.0
21315.0
21337.5
21374.1
21494.7
21505.9
21541.5
21639.6
21716.8
22349.1
22375.4
22481.0
22524.0
22651.3
