55.1
621.6
859.4
948.8
1026.0
1418.3
1453.2
1516.1
1908.1
1988.6
2130.1
2318.3
2581.0
3392.4
3486.6
3582.7
3854.2
3936.8
4104.9
4116.2
4243.6
4516.8
4613.7
5018.3
5237.8
5376.9
5411.7
5651.5
5751.7
6181.6
6247.0
6657.1
6665.6
6877.0
6895.3
6938.0
6973.5
6994.6
7129.1
7231.7
7261.7
7623.6
7636.8
8055.0
8243.4
8442.7
8803.6
9053.8
9277.4
9658.3
9704.9
9760.0
10124.5
10188.4
10195.7
10529.6
10540.9
11063.4
11315.2
11358.7
11535.4
11700.0
11883.1
12009.3
12598.3
12654.0
12685.4
12730.8
13060.4
13102.3
13379.7
13424.8
14018.4
14197.3
14686.3
14758.7
14911.8
15015.8
15068.0
15285.9
15414.6
15497.6
15583.9
15796.7
15843.3
15990.5
16316.7
16341.1
16345.5
16682.5
17155.4
17218.1
17905.5
17931.7
18365.7
18373.5
18556.3
18668.6
18692.4
18961.7
18967.0
19219.9
19301.1
19602.7
19855.3
19977.1
20125.7
20247.2
20559.1
21413.8
21455.4
21646.9
21839.0
22018.7
22392.0
22431.0
22602.0
22722.6
22996.2
