50.1
82.4
224.2
286.2
494.0
584.6
1226.2
1231.9
1485.0
2055.9
2078.3
2112.4
2342.1
2867.0
2883.2
2988.6
3907.8
3918.3
4441.9
4573.7
4725.9
4741.5
4751.9
4792.4
4805.3
5168.2
5775.6
5889.6
5899.2
6048.7
6277.9
6596.3
7260.7
7311.1
7726.4
7801.0
8409.9
8673.0
9015.8
9555.1
9583.4
9787.2
9963.3
10096.6
10384.5
10567.0
10644.8
10656.1
10944.2
10969.5
10980.6
11133.6
11458.3
11870.8
11910.8
12276.2
12372.2
12415.8
12780.1
12980.1
13006.1
13236.3
13534.8
13815.9
14552.5
14645.4
14834.0
14863.8
15198.2
15209.9
15286.2
15320.8
15516.5
15584.2
16318.5
16510.6
16694.2
17104.8
17263.6
17349.9
17421.8
17529.4
17630.3
18184.2
18293.8
18341.8
18609.1
18617.4
18677.0
18685.2
19117.7
19176.9
19402.2
19659.5
19700.2
19856.1
19882.6
20441.1
20458.0
20526.0
20538.1
20550.5
20794.6
20914.3
20931.3
21202.4
21641.3
21820.5
21986.5
22023.3
22033.9
22130.9
22164.9
22472.3
22821.8
