456.3
1236.1
1540.0
1998.7
2240.4
2495.5
2512.1
2552.4
2563.6
2685.1
2685.7
3042.9
3067.6
3155.0
3185.5
3400.4
3515.9
3853.8
4318.8
4418.3
4539.3
4911.1
5163.9
5215.7
5247.9
5762.4
5783.1
5797.9
5945.1
5946.0
5998.0
6090.2
6580.9
6923.4
8323.1
8402.4
8440.3
8786.9
8806.5
8839.8
9211.2
9308.0
9552.4
9879.2
10744.3
10802.4
10875.4
10889.9
10896.8
11470.6
11861.6
11895.5
12224.1
12697.1
12765.2
13174.2
13175.8
13181.9
13731.5
13752.9
13866.8
13938.7
13985.2
14160.5
14228.8
14472.5
14557.7
14566.6
14715.5
14813.6
14879.5
15551.3
15674.4
15798.0
15812.8
15894.1
15947.4
15978.0
15993.2
15994.4
16179.2
16217.3
16508.1
16588.9
16640.2
17239.4
17312.1
17358.9
17422.5
17836.3
18153.0
18362.0
18774.4
18837.0
18877.8
18896.9
19095.8
19123.8
19225.4
19427.5
19585.2
19867.7
20039.5
20314.4
20423.6
20592.1
20809.7
20997.3
21001.1
21391.7
21960.4
22115.6
22182.1
22212.3
22225.3
22847.0
