44.6
274.8
551.1
966.2
973.3
1092.4
1157.6
1179.6
1262.8
1443.7
1604.0
1646.1
1647.9
2561.7
2899.0
3030.1
3206.6
3400.3
3441.4
3520.6
3826.8
3908.2
4367.0
5315.0
5554.9
5595.0
5887.3
6217.2
6265.8
6684.0
6826.8
6969.0
7059.0
7349.3
7511.3
7662.5
7792.4
7971.1
8053.7
8090.7
8169.1
8281.5
8548.6
9873.2
10252.7
11013.7
11057.4
11176.2
11563.4
11607.9
11913.5
11929.3
12053.4
12353.9
12375.1
12537.0
12868.9
13026.4
13036.2
13095.8
13461.0
14478.2
14527.6
14855.6
15156.1
15607.5
15972.4
16080.9
16205.7
16258.1
16263.5
16314.2
16324.8
16339.2
16503.8
16554.7
16603.4
17535.3
17649.0
17717.6
17776.0
18083.6
18337.2
18641.1
18859.0
19190.5
19245.8
19290.6
19358.7
19625.2
20184.9
20551.7
20793.8
20998.3
21382.6
22126.3
22186.3
22256.9
22377.8
22492.2
22588.8
22761.9
22819.1
22858.5
