415.7
598.0
633.8
900.3
1083.9
1141.4
1146.9
1301.9
1315.8
1556.3
1564.4
1670.0
1816.7
2053.8
2140.8
2273.4
2439.1
2508.6
2621.0
2879.1
2980.9
3025.5
3154.3
3518.7
3641.2
3713.1
3797.9
3908.9
3953.0
4081.7
4188.3
4190.1
4596.3
4827.5
5368.9
5596.2
5610.9
5694.0
6233.0
6270.3
6398.7
6410.3
6446.2
6482.2
6650.2
6674.6
6946.5
7128.7
7149.9
7723.8
8323.7
8396.0
8666.3
8709.8
8881.9
9029.8
9166.2
9427.0
9465.8
9745.9
9771.5
9867.9
9937.5
10030.3
10211.9
10230.8
10315.9
10408.8
10438.4
10646.1
11177.1
11201.3
11372.5
11746.6
12156.4
12431.2
12629.4
13015.6
13445.6
13468.7
13626.7
13724.0
13821.5
14015.4
14427.3
14654.7
14712.9
14737.4
14743.1
14845.9
14930.0
15446.2
15839.3
15863.5
15877.9
16249.4
16269.9
16355.1
16433.9
16579.7
16660.8
17009.9
17089.9
17667.0
17755.5
18204.1
18354.2
18389.7
18450.8
18541.4
18988.5
19028.9
19371.6
19550.4
19614.6
19829.3
19834.4
19868.8
20137.3
20275.2
20443.8
20902.4
20948.0
20987.2
21026.5
21129.4
21354.9
21546.0
21608.5
21816.1
21825.3
21980.7
21992.1
22020.0
22177.2
22378.2
22400.2
22719.8
22777.1
22840.1
22854.2
22893.9
22994.2
