4.8
302.9
558.7
826.6
848.6
910.3
1588.1
1851.0
2094.7
2103.9
2572.4
2624.9
3069.0
3249.3
3266.0
3716.6
4252.7
4596.4
4694.5
4700.6
4709.1
4830.0
4892.7
4922.2
5019.4
5071.3
5080.2
5704.4
5794.9
6091.3
6278.7
6336.8
6360.6
6552.8
6937.9
6968.0
7581.5
7591.9
8057.0
8073.1
8278.0
8282.8
8380.9
8502.1
8738.2
8996.6
9071.8
9259.0
9413.7
9567.4
9932.8
10000.7
10040.3
10171.9
10195.5
10302.6
10598.4
10711.3
10727.5
10829.3
11025.0
11425.7
11555.7
11861.2
11899.5
12030.2
12236.6
13098.4
13124.0
13145.9
13804.5
13820.3
13871.1
14424.9
14447.9
14493.5
15134.8
15310.6
15817.7
15835.8
16072.4
16109.3
16111.9
16232.9
16487.4
16513.2
16641.7
17121.7
17350.6
17351.7
17382.2
17582.4
17653.1
17701.6
17701.9
17759.8
17787.5
17793.8
17873.1
17923.4
18032.8
18034.6
18041.1
18197.0
18330.3
19058.4
19426.2
19474.0
19510.7
19564.3
20059.0
20062.7
20407.5
20439.5
20779.6
20847.4
20892.5
21200.8
21231.3
21605.7
21762.9
22377.7
22533.9
22824.0
