184.2
188.4
235.9
323.2
1004.1
1061.6
1419.3
1603.3
1697.2
1775.5
1877.6
2080.4
2162.8
2542.6
2548.8
2600.2
2682.2
2760.4
3227.6
3381.6
3795.5
3813.6
3843.4
4146.3
4672.3
4700.4
5347.9
5364.9
5707.9
6004.1
6087.9
6095.4
6121.0
6223.5
6293.6
6299.7
6459.7
6471.1
6527.6
7069.5
7186.4
7228.6
7559.5
7602.3
7648.0
8170.2
8446.6
8510.1
8683.2
8787.3
8845.7
9950.9
10339.8
10342.5
10434.2
10520.0
10707.4
11082.4
11219.0
11517.8
11668.2
11708.2
12169.5
12245.3
12847.9
13015.4
13077.0
13106.8
14367.8
14379.8
14448.5
14968.9
15043.7
15219.9
15362.9
15688.0
15725.9
15983.8
16048.7
16069.1
16090.1
16210.2
16276.3
17039.6
17179.9
17331.0
17432.1
18192.7
18239.4
18318.2
18691.8
18870.8
18938.9
19245.6
19850.4
19865.7
19964.0
20332.1
20750.6
21005.6
21047.2
21200.5
21214.0
21645.4
21736.4
21760.6
21905.3
21907.9
22222.7
22421.9
22441.6
22597.9
