304.3
314.3
356.7
566.4
665.5
1121.4
1171.6
1435.9
1672.1
1744.9
1986.1
2065.0
2133.9
2163.0
2421.7
2656.8
2663.2
2693.5
2806.2
2897.1
2900.0
3228.4
3287.8
3312.2
3466.8
3678.2
3913.9
4027.7
4189.9
4375.6
4598.5
4877.4
5050.0
5305.4
5339.0
5472.8
5526.1
5703.7
5852.5
6308.9
6371.4
6510.7
6529.1
6600.5
6636.7
6770.8
7524.8
7546.1
7656.4
7795.4
7813.4
7814.1
7885.1
7947.6
8035.4
8952.0
9470.3
9606.1
9730.0
9843.8
9899.5
10124.1
10281.3
10439.6
10555.5
11069.2
11358.7
11573.4
11795.4
11821.4
12051.6
12295.3
12521.4
12697.5
12865.7
12934.1
13007.0
13367.0
13570.2
13846.3
14142.8
14304.1
14321.8
14434.0
14900.0
15224.3
15372.8
15851.8
16564.4
16582.8
16829.9
17128.4
17221.2
17566.9
17623.9
17838.5
18081.4
18105.1
18140.6
18360.6
18360.8
18425.2
18427.4
18549.3
18986.9
19516.8
19706.8
19791.1
19879.0
19959.3
20128.6
20165.5
20278.7
20302.5
20866.2
21104.6
21154.2
21282.4
21465.2
21470.7
21619.1
22056.0
22100.2
22178.8
22210.7
22332.1
22705.6
