198.8
365.7
1499.7
1757.3
1918.7
2328.9
2779.6
2849.3
3026.0
3108.0
3399.9
3629.6
3715.3
3856.3
3923.2
4255.4
4327.0
4440.5
4599.2
4623.2
4815.5
5159.4
5334.4
5388.9
5646.9
5864.4
6107.5
6197.7
6293.6
6613.1
6853.8
7088.2
7417.2
7713.0
7789.4
7933.0
7999.7
8017.3
8871.0
8881.7
9006.1
9180.5
9563.4
9592.9
9796.7
9830.7
9856.7
9943.4
9979.5
10090.7
10449.5
10969.5
11126.2
11787.1
11878.7
11927.4
12004.8
12173.0
12306.2
12385.7
12422.9
13296.1
13569.5
13640.3
14049.3
14307.5
14352.0
14364.9
15051.6
15259.7
15309.3
15586.5
15769.6
15914.1
15946.4
16539.3
16831.6
16879.3
17020.2
17063.5
17498.5
17663.6
17966.3
17971.7
18016.6
18263.1
18400.9
18525.5
18625.8
18822.8
18912.2
19199.9
19476.7
19549.2
19635.0
19687.0
20014.2
20193.5
20198.0
20749.6
20867.4
21020.4
21295.8
21423.0
21811.5
21859.6
21880.6
22224.8
22276.2
22455.1
22482.6
22615.5
22754.7
22939.5
22976.3
