197.7
391.0
667.4
1036.5
1189.1
1505.3
1591.4
1683.0
1818.1
1838.0
1948.3
2084.4
2119.8
3088.0
3090.3
3624.8
3974.5
4285.0
4304.1
4535.4
4663.1
4675.1
5030.7
5074.6
5145.6
5557.6
5703.9
5831.4
5921.8
6539.9
6662.0
6753.7
6788.0
7194.6
7245.8
7597.3
7775.9
7803.9
7860.9
7966.6
8184.4
8338.4
8691.4
8708.5
8741.3
9050.4
9071.4
9166.9
9306.8
9345.7
9407.8
9596.1
9730.9
9802.6
9860.6
9989.3
10314.0
10356.2
10392.2
10475.3
10588.0
10735.2
11028.2
11206.1
11215.8
11343.7
11593.3
11597.2
11665.3
11729.8
11913.0
11964.6
12180.4
12407.3
12683.5
12792.4
13042.7
13558.8
14083.1
14122.0
14130.9
14213.0
14287.7
14467.1
14834.6
15108.7
15187.9
15407.2
15581.3
15616.3
16011.6
16101.4
16270.0
16397.6
16967.3
17187.5
17272.3
17296.5
17347.8
17625.5
17803.0
17947.1
18302.1
18405.6
18554.8
18639.7
18890.7
19007.1
19052.8
19124.4
19214.2
19296.2
20115.1
20296.5
20729.7
20859.3
21372.1
21721.0
21925.4
22123.6
22135.7
22136.3
22281.2
22347.6
22395.0
22484.9
22599.7
22783.7
22816.0
22909.5
22910.4
