394.8
444.9
456.4
799.0
1183.0
1262.1
1330.9
1612.9
1728.6
1898.0
2321.9
2508.3
2515.9
2517.4
3020.8
3104.8
3349.1
3359.4
3484.6
3552.8
3565.1
3665.8
3928.6
4018.7
4435.6
4494.6
4743.7
4885.5
4903.6
4936.9
5295.7
5348.9
5535.2
5757.3
5981.4
6337.4
6486.6
6601.5
6691.7
6942.3
7295.6
7359.8
7396.7
7775.5
7786.8
7929.1
7939.6
8194.2
8652.5
8951.8
9303.8
9352.5
9394.2
9534.2
9909.9
9962.7
10255.1
10577.2
10796.1
11024.0
11432.2
11465.7
11548.2
11562.7
11940.1
12132.3
12645.7
12665.8
12742.6
12811.6
13446.8
13699.7
13797.0
14161.4
14168.6
14338.6
14445.4
14616.2
15275.6
15542.4
15733.1
16142.0
16179.7
16485.6
16494.0
16861.1
17039.7
17434.2
17485.5
17569.5
17993.4
18102.0
18398.3
18765.4
18970.6
19203.4
19227.4
19315.8
19566.6
19650.4
19914.1
20127.1
20352.2
20423.1
20528.5
20584.3
20724.8
20959.8
21203.1
21239.4
21287.9
21547.8
21557.9
21750.6
21787.0
21813.2
21856.3
21875.9
22197.7
22573.1
22661.7
22857.4
