28.5
129.3
379.3
609.0
787.4
899.5
1024.9
1308.8
1479.8
2362.5
2523.4
2854.1
2876.6
2956.8
3175.7
3204.1
3283.7
3328.1
4123.1
4267.1
4288.5
4353.2
4573.8
5294.8
5555.0
5566.7
6166.8
6209.4
6237.5
6258.4
6311.8
6319.5
6337.6
6484.7
6622.4
6723.3
6763.8
6787.3
7279.8
7293.6
7354.3
7423.8
7455.1
7606.2
7795.9
8275.4
8282.4
8706.1
8750.1
8780.9
8981.5
9650.4
9924.2
10044.9
10773.8
10974.8
11127.4
11253.8
11255.7
11342.6
11465.0
11516.5
11879.0
11880.3
11908.7
12118.1
12148.4
12253.5
12361.0
12823.8
13039.0
13121.7
13755.7
13784.9
13823.4
13847.5
13975.4
14058.3
14270.4
14618.7
14720.3
15052.6
15165.9
15914.1
16942.8
16980.1
17293.2
17421.6
17560.9
17941.1
17990.5
18456.5
18793.8
18966.8
19051.7
19129.4
19156.4
19193.8
19238.9
19278.6
19431.1
19552.4
19615.3
19632.0
19792.9
20097.2
20376.3
20392.4
20456.1
21038.0
21076.8
21590.1
21628.8
21886.7
21897.3
21907.0
22041.5
22279.0
22292.7
22293.2
22623.4
22773.0
22863.9
