142.8
537.5
538.4
591.8
856.6
882.8
933.2
953.7
1042.4
1136.7
1335.1
1606.3
1796.3
1879.8
2049.9
2142.8
2287.4
2470.2
2675.3
2806.6
2914.9
3000.3
3573.7
3896.7
4161.8
4417.1
4727.8
5176.2
5524.9
5697.7
5750.2
6125.0
6277.4
6299.8
6384.5
6577.5
6642.5
6907.1
7493.9
7564.2
7697.5
7786.9
8436.4
8665.8
8791.1
8917.8
9102.8
9293.0
9541.1
9970.0
10137.4
10389.9
10531.2
10751.7
10826.0
11095.8
11612.3
11859.7
11908.6
12113.4
12379.5
12495.4
12510.6
12714.4
13306.5
13488.1
13845.3
13925.6
14162.9
14189.9
14969.4
15063.2
15288.9
15465.6
15619.6
15686.7
15693.1
15760.9
15909.7
16045.8
16723.9
16984.2
17478.2
17748.2
18142.2
18428.3
18591.2
18648.8
18978.9
19143.8
19198.2
19681.8
19993.2
20064.1
20469.8
20503.0
20654.1
20812.5
20996.0
21130.2
21288.9
21507.5
21622.6
21753.0
21782.2
22194.2
22254.0
22366.9
22526.6
22548.7
22646.3
22721.5
22746.8
