423.1
474.9
729.9
733.6
740.0
951.3
1158.9
1294.8
1452.5
1577.9
2093.5
2424.7
2515.0
2557.6
2623.6
2697.3
2925.9
3360.4
3455.9
3619.1
3921.0
4459.0
4507.1
4822.3
5244.8
5338.9
5416.7
5722.7
5884.9
5936.2
5936.3
5936.7
6206.4
6226.6
6413.2
6597.1
6709.2
6862.5
7024.8
7205.2
7214.6
7295.1
7522.5
7692.8
7944.9
8304.1
8442.7
9064.3
9141.0
9475.9
9527.8
9774.4
9882.5
9976.2
10073.8
10136.6
10313.5
10763.7
10842.4
10864.8
10974.9
11794.4
12039.7
12451.7
12640.6
12682.3
12829.0
12924.4
13075.3
13248.0
13477.7
13567.9
13598.2
13886.2
14217.1
14218.3
14264.1
14269.4
14933.6
15094.3
15287.7
15928.1
16032.2
16400.6
16548.6
16633.3
16694.6
16869.2
16950.6
17029.9
17122.6
17282.7
17435.8
17677.1
17752.2
17817.8
18122.7
18450.6
18529.1
18537.5
19157.7
19594.3
19892.1
19931.5
19942.4
20579.8
20647.5
20904.9
20915.7
21240.4
21282.1
21350.0
21756.2
22212.3
22298.5
22544.4
22590.2
22678.2
22715.3
