318.5
320.7
387.8
687.3
701.3
1034.5
1676.5
2121.8
2208.4
2243.4
2344.7
2652.9
3029.6
3109.0
4212.5
4327.2
4422.7
4475.1
4509.4
4791.3
4825.5
4953.8
5034.5
5046.5
5203.8
5480.5
5590.6
5596.5
5819.0
6305.6
6842.0
6928.2
7227.0
7947.4
8138.2
8156.2
8263.3
8363.1
8570.7
9278.5
9477.4
9683.2
9942.9
10072.3
10078.2
10358.1
10385.7
10562.4
10653.6
10786.9
10906.7
11221.7
11260.5
11381.9
11489.8
11587.8
11621.7
11785.9
12167.6
12284.6
12303.5
12491.9
12529.0
12920.8
13130.6
13175.7
13240.3
13322.1
13581.0
14427.2
14467.8
14520.6
14607.0
15373.9
15746.0
16210.5
16344.7
16489.4
16511.5
17104.9
17246.9
17408.6
17542.3
17656.7
17757.7
17833.2
18247.7
19043.1
19225.0
19405.2
19496.2
19725.6
19979.5
20242.5
20266.6
20282.3
20436.6
20666.9
21041.3
21064.4
21494.9
21542.6
21551.5
21722.0
21757.2
22016.1
22025.6
22236.0
22482.7
22566.3
