433.8
889.4
994.6
1239.7
1678.2
1704.4
1859.6
2053.1
2115.5
2489.4
2494.5
2614.8
2631.3
2688.0
3059.4
3163.6
3168.3
3202.1
3264.7
3349.5
3397.1
3493.5
3807.7
4808.4
4884.8
4981.0
5536.5
5594.3
5862.7
5945.1
6071.6
6650.8
6989.8
7156.1
7204.3
7229.4
7249.8
7311.0
7400.7
7847.8
8103.6
8414.3
8462.7
8490.7
8549.1
8798.3
9010.3
9600.1
9689.7
9757.0
10027.9
10210.4
10277.8
10462.3
10692.6
10885.5
11240.4
11485.6
11487.9
12255.6
12626.1
12829.9
13556.2
13973.8
15068.9
15174.4
15185.9
15589.5
15701.3
15805.0
15928.4
16085.6
16196.5
16253.4
16280.4
16341.7
16420.7
16464.4
16940.9
17010.6
17164.4
17292.8
17474.1
18263.1
18281.2
18480.7
18553.7
18879.4
19135.3
19203.2
19371.8
19572.0
19984.9
20811.4
21033.9
21664.2
21765.4
21780.1
22173.2
22331.6
22427.9
22542.5
22684.7
22979.9
