158.7
162.0
435.3
618.8
752.4
990.8
1793.9
1812.4
1927.7
1930.2
2011.1
2147.9
2299.2
2466.6
2530.4
2618.9
2705.1
2880.2
3116.0
3176.7
3234.6
3482.7
3879.2
4175.4
4484.0
4671.4
4912.5
5146.5
5343.2
5354.4
5742.7
5770.0
5781.0
6283.5
6482.1
6498.3
6679.7
6814.1
6968.8
7109.0
7120.0
7201.6
7381.0
7574.4
7658.1
7688.3
8122.4
8144.0
8222.2
8542.3
8907.2
9384.1
9627.2
9707.3
9840.0
10236.4
10237.2
10536.8
10585.5
11396.7
11659.4
11778.1
11801.6
11909.2
12015.9
12130.9
12233.8
12823.1
12923.6
12925.7
13287.2
13595.7
13936.0
14072.2
14135.6
14242.4
14581.6
14686.0
14735.1
15103.8
15120.8
16438.2
16821.6
17024.7
17045.2
17232.5
17471.2
17641.2
17709.9
17712.3
17797.9
18319.7
18339.9
18704.5
19292.6
19519.7
19672.8
19844.6
19999.8
20303.8
20377.7
20567.7
21039.1
21069.7
21117.0
21123.9
21158.6
21239.8
21272.6
22180.5
22272.3
22345.4
22639.9
