76.5
250.1
714.8
784.2
841.5
879.8
883.5
1058.3
1220.4
1493.5
1825.1
2270.1
2709.8
2852.0
2973.4
3389.1
3585.9
3612.9
3898.3
4321.4
4425.9
4501.5
4936.6
5229.4
5341.6
5626.1
5784.0
5864.1
5877.7
6359.5
6877.5
7115.0
7248.7
7695.2
8088.6
8615.4
9942.2
10031.1
10053.7
10106.0
10269.0
10346.7
10423.3
10478.1
10523.8
10789.2
10976.0
10988.8
11311.0
11353.1
11520.1
11760.8
12079.5
12348.1
12706.4
13005.7
13037.1
13173.0
13434.2
13578.9
13803.2
13971.0
13995.1
14195.4
14319.6
14487.7
14503.0
14697.5
14963.4
15252.2
15792.5
16124.2
16275.2
16444.6
16453.6
16477.6
16562.3
16964.0
17173.3
17225.9
17303.6
17369.4
17430.7
17437.1
17695.5
17803.3
17997.4
18191.9
18311.5
18742.4
19185.7
19188.4
19452.7
19517.2
19577.1
20378.2
20385.4
20392.7
20480.1
20561.4
20604.2
20894.8
21248.1
21355.0
21440.8
21998.0
22067.8
22371.7
22428.5
22597.2
22699.6
22712.5
22819.8
