40.0
507.7
589.6
817.5
1155.9
1215.1
1306.3
1326.5
1334.2
1661.2
1806.9
2061.9
2387.9
2427.4
2601.9
2691.5
2820.6
2841.6
2914.2
3319.8
3329.4
3430.6
3442.8
3824.3
3878.3
4501.4
4842.3
5238.7
5315.8
5833.0
5917.9
6086.3
6188.9
6240.0
6803.4
7071.6
7078.2
7169.0
7327.0
7375.8
7663.6
8103.9
8549.4
8816.8
8902.7
9310.6
9355.9
9390.8
9393.2
9440.8
9732.4
10002.1
10164.9
10326.0
10644.3
10712.0
10717.5
11008.3
11021.0
11068.3
11159.1
11220.6
11304.1
11500.5
12075.4
12353.9
12399.7
12481.1
12637.5
12692.3
12976.1
13113.8
13379.9
13468.0
13749.4
14138.3
14283.1
14843.1
14930.7
15092.1
15227.0
15938.1
16241.8
16465.1
16588.4
16731.6
16747.4
16796.4
16835.8
16879.2
17119.7
17185.8
17366.5
17774.3
17796.8
17998.1
18366.0
18410.1
18410.2
18525.6
18707.5
18843.9
19032.9
19128.7
19170.7
19612.5
19800.6
19831.5
20111.1
20499.8
21487.0
21598.3
22238.0
22359.6
22430.9
22449.2
22457.3
22564.9
22598.2
22746.9
22818.7
22825.1
22842.2
22921.2
22934.2
22941.9
