70.0
246.2
514.7
578.4
593.1
872.3
949.3
1220.4
1697.8
1839.4
2095.5
2099.4
2343.8
2671.4
3292.5
3416.9
3437.6
3719.3
3784.0
3940.0
3951.7
4104.4
4145.4
4355.3
4676.0
4763.6
4774.7
4861.9
5006.8
5246.7
5313.2
5612.9
5896.2
5984.9
5998.5
6082.4
6408.3
6420.2
6865.6
6933.0
7217.4
7394.4
7472.6
8094.1
8158.9
8222.6
8400.6
8684.7
8696.3
8882.2
8947.2
9464.8
9732.6
9926.1
10446.0
10787.2
11007.2
11057.8
11128.5
11288.0
11451.6
11634.2
11794.0
12506.7
12844.7
12945.0
13059.4
13440.0
14550.1
14667.0
14739.4
15161.3
15284.2
15296.8
15423.7
16042.1
16160.9
16770.2
16914.4
17059.9
17209.3
17260.0
17389.1
17465.7
17480.8
17495.7
17525.1
17965.0
18160.6
18295.7
18382.7
18654.2
18698.4
19065.9
19425.3
19473.8
19567.6
19639.8
19945.4
20214.9
20476.5
20528.0
20949.2
21053.3
21256.2
21393.2
21410.3
21413.5
21566.8
21632.9
21639.8
22154.7
22374.4
22391.5
22668.0
