2.5
127.9
160.3
265.6
520.7
686.7
865.7
878.9
975.4
989.3
990.9
1077.1
1089.8
1253.3
1380.1
1506.9
1649.9
1916.6
1944.2
2404.7
2464.7
2689.4
2825.1
3918.5
4157.4
4435.4
4503.8
4817.1
4835.0
5183.8
5673.4
5955.1
6080.6
6198.4
6805.6
7343.1
7419.6
7419.8
7569.9
7604.1
7849.0
8497.4
8821.7
8909.4
8940.0
9190.9
9459.3
9966.0
10014.7
10088.8
10467.9
10500.9
10636.8
10807.6
10951.8
10986.7
11760.0
11838.6
11937.7
12013.1
12190.8
12314.3
12402.3
12566.2
12570.8
12762.4
13143.1
13161.9
13524.9
13582.6
13862.1
13869.3
13902.5
14062.6
14183.8
14500.0
14902.1
15085.4
15237.5
15246.3
16119.9
16230.6
16544.4
16808.0
16962.2
17197.4
17557.7
18712.8
18775.2
19061.3
19115.8
19143.6
19478.4
19618.3
19660.2
19675.7
19754.3
19797.4
19824.5
19951.3
19987.1
20537.2
21023.0
21365.3
21399.9
21594.7
21829.0
21836.8
22326.9
22408.7
22746.6
22798.1
22817.7
