214.1
575.7
604.3
774.6
1051.3
1316.5
1744.1
1880.6
1905.5
1910.6
2100.7
2128.6
2276.9
2863.1
3571.4
3965.4
3972.3
4466.6
4778.7
4946.3
5044.7
5050.4
5130.4
5688.8
5791.7
5906.8
6004.5
6018.5
6094.9
6325.7
6375.6
7011.3
7323.6
7337.2
7583.8
7724.9
8099.4
8195.9
8204.0
8206.8
8222.3
8843.4
9414.1
9508.0
9523.1
9569.3
9978.3
10026.3
10141.4
10260.1
10514.6
10686.4
10844.9
10882.5
10995.9
11139.8
11574.2
11621.7
11636.8
11728.1
12118.4
12228.2
12471.6
12577.7
12590.9
12679.6
12735.4
12897.6
13343.5
13671.8
13791.0
13991.0
14072.5
14081.0
14204.2
14349.3
14468.9
14537.8
14821.4
14961.2
15058.1
15327.7
15601.2
15629.4
16072.3
16079.1
16282.3
16461.1
16484.7
16868.3
16927.3
17463.6
17768.6
17783.6
17931.9
17966.7
18047.0
18638.9
18907.4
19175.3
19185.6
19294.4
19314.0
19445.8
19626.0
19817.3
19833.0
19866.1
20133.2
20556.2
20950.9
20998.0
21019.5
21111.9
21152.1
21284.4
21366.4
21627.1
21725.5
22026.6
22329.1
22442.1
22583.8
22866.9
22928.8
