247.9
345.3
596.0
765.6
1023.3
1286.8
1419.2
1992.6
2040.4
2565.6
2577.8
3125.7
3521.6
3611.8
3769.2
4500.4
4771.0
5004.0
5054.1
5533.7
5831.6
5897.1
6101.7
6606.9
6718.2
6768.3
6943.6
7144.4
7255.6
7511.3
7663.7
7743.6
7968.9
8049.7
8160.4
8307.4
8980.3
8985.6
9056.8
9628.5
9685.2
9797.1
10149.9
10687.0
11220.9
11235.0
11309.8
11329.4
11436.0
11716.1
11893.0
12052.8
12094.9
12231.9
12452.6
12512.5
12649.3
13799.7
14006.6
14073.7
14242.7
14363.1
14379.0
14552.2
14773.7
14816.7
14930.4
14970.6
15243.0
15313.0
15703.7
15870.0
15873.8
16306.1
16366.3
16991.5
17086.9
17123.5
17410.8
17461.0
17518.1
17649.3
17812.6
17913.6
18029.3
18982.4
19026.3
19281.0
20353.9
21310.1
21571.0
22033.3
22340.9
22792.5
