16.2
771.1
835.7
1026.9
1275.0
1494.6
1843.8
1858.7
2163.9
2184.8
2358.3
2381.2
2992.2
3017.1
3305.0
3411.5
3886.2
4314.7
4346.4
4419.9
4449.3
4962.5
5012.7
5055.1
5255.0
6144.3
6147.6
6669.2
6981.3
7121.4
7363.8
7445.3
7569.2
7582.3
7829.1
7935.1
7980.5
8040.6
8267.0
8926.7
8959.5
9409.8
9463.8
9499.2
10458.0
10533.1
10776.9
11261.6
11532.8
11534.6
11820.2
12001.8
12157.1
12335.8
12336.6
12386.1
12491.9
12693.1
12919.1
13241.3
13267.5
13320.3
13758.0
13760.6
13896.6
14129.6
14314.6
14402.4
14685.9
14816.0
15213.5
15364.6
15401.2
15746.6
16137.2
16197.2
16264.2
16334.2
16622.5
16639.5
16692.2
17032.4
17283.4
17520.6
18081.7
18291.2
18670.4
18694.3
18747.3
18939.4
19002.6
19168.0
19238.3
19248.4
19295.2
19334.1
19336.3
19428.3
19626.4
19669.2
19680.0
19733.0
19956.5
19976.9
20033.5
20394.3
20754.8
20971.3
21091.7
21223.6
22052.0
22167.9
22532.6
22671.7
22814.6
22904.9
