200.7
935.4
957.0
1178.8
1308.8
1542.5
1791.9
1830.4
1890.4
2050.0
2140.3
2363.8
2387.1
2531.5
2768.0
3217.7
3370.7
3596.7
3725.8
3879.2
4156.1
4244.1
4280.6
4784.1
5110.6
5301.1
5470.7
5536.9
5782.2
6561.1
7478.4
7537.3
7572.6
7576.1
8009.8
8049.7
8055.1
8171.2
8525.1
8683.6
8731.0
8736.5
8747.6
8833.7
8845.0
9128.8
9135.8
9351.3
9359.1
9443.4
9950.6
9974.8
9997.7
9998.5
10348.2
10717.5
10856.6
10992.5
11264.0
11443.8
12539.4
13070.1
13152.2
13484.5
13776.7
13795.2
14012.7
14302.3
14492.3
14553.9
14951.0
14982.2
15122.4
15315.3
15333.4
15838.0
16026.5
16823.9
16870.1
17108.0
17219.8
17320.0
17664.6
18240.3
18333.0
18408.5
18826.5
19192.5
19529.8
19625.9
19898.7
19971.6
20105.6
20259.1
20410.1
20453.0
20758.7
20763.5
20766.2
21415.8
21484.8
21758.4
21789.5
21798.8
22012.4
22535.7
22712.8
22899.1
