18.1
90.4
172.3
480.4
552.9
736.8
1140.2
1188.5
1304.7
1531.1
1540.7
1842.3
1951.0
2689.8
2772.7
2991.8
2997.6
2998.4
3090.8
3101.9
3111.9
3621.1
3631.8
4009.2
4270.9
4805.9
4847.1
4898.4
5087.7
5250.2
5327.8
5680.5
5923.7
6038.6
6130.3
6486.4
6698.1
6828.2
7283.7
7413.7
7489.7
8298.1
8388.5
8538.8
9443.1
9622.6
9706.0
10241.6
10266.1
10900.0
10991.9
11146.0
11534.5
11748.9
11803.4
11844.4
11943.3
12020.0
12032.2
12298.1
12521.3
12554.1
12676.4
12978.7
13042.7
13429.3
13698.3
13798.0
13906.9
14075.1
14078.4
14141.1
14192.4
14280.3
14381.7
14693.6
14809.2
14881.4
15000.0
15000.5
15784.8
16295.7
16375.3
16580.3
17499.6
17657.7
17688.0
17803.9
17855.5
17970.5
18389.2
18534.7
18535.2
18557.4
18608.3
18713.3
18767.8
18767.9
19019.9
19226.9
19652.0
19703.9
20255.4
20796.7
21171.6
21622.1
21733.0
21865.0
22989.0
