216.4
353.2
475.4
623.7
722.1
753.4
916.9
1026.5
1441.6
1486.7
1728.5
2266.6
2270.1
2509.4
3141.4
3311.9
3489.7
3682.9
3804.2
4317.1
4323.2
4855.9
4959.9
5062.1
5129.5
5679.8
5920.0
6001.8
6291.2
6620.0
6811.3
6864.3
7031.6
7267.6
7302.4
7674.3
7727.9
7744.1
7880.1
7980.1
8426.6
8600.2
8733.4
8828.8
9036.4
9159.7
9278.4
9593.6
9915.5
9983.1
10245.6
10493.3
10500.5
10610.4
10681.6
10776.5
10841.2
10877.6
10943.3
11192.9
11262.4
11619.5
11720.1
11869.9
11985.5
12278.4
12296.2
12645.4
12680.9
13090.9
13443.7
14022.5
14692.3
14733.6
15413.9
15478.7
15681.8
16114.6
16300.4
16318.2
16407.5
16501.5
16543.9
16895.2
17230.0
17666.8
17729.0
18157.0
18294.7
18579.8
19066.1
19540.1
20049.3
20274.9
20619.3
20653.3
20878.8
21089.7
21327.2
21374.5
21545.9
21749.5
21948.7
22394.3
22465.8
22873.3
