109.2
123.9
441.5
472.4
524.4
654.0
671.2
810.2
1917.5
2098.9
2561.9
3281.4
3374.7
3480.4
3591.5
3809.8
4245.8
4503.5
4540.6
4645.4
4684.5
4690.5
4896.2
5007.3
5075.0
5213.5
5361.2
5365.5
5814.4
5915.6
5951.6
6052.6
6111.7
6341.1
6754.7
6995.3
7076.9
7093.1
7183.7
7255.3
7450.0
7674.4
7739.5
7786.0
8130.4
8429.8
8574.9
8722.2
8742.0
8877.9
9174.2
10426.2
10475.1
10531.3
10613.7
10659.2
10673.2
10905.4
10974.2
10984.6
11078.1
11147.7
11258.8
11395.2
11662.0
12238.9
12284.2
12376.6
12421.3
12469.2
12549.8
12633.8
12858.1
12956.4
12997.0
13165.6
13625.1
13649.8
13808.1
13831.6
14010.1
14192.3
14477.9
14568.8
14595.2
14675.8
15201.7
15751.5
15965.7
16004.4
16438.6
16562.3
16594.6
16940.6
16957.7
17045.3
17216.4
17371.6
17477.9
17740.5
18011.5
18145.0
18339.3
18346.9
18381.7
18573.7
18655.4
18829.6
18863.4
19464.8
19549.8
19708.5
20043.6
20246.6
20411.3
20411.6
20792.8
21029.4
21072.6
21392.4
21395.3
22061.5
22497.8
22651.7
22700.4
22743.1
