217.9
330.8
348.5
495.5
973.5
991.2
1300.9
1484.0
1497.6
1894.6
2360.8
2702.8
2907.7
2990.5
3235.7
3508.2
3801.1
3957.8
4222.7
4226.4
4301.8
4563.4
4698.7
4869.7
4946.6
5054.5
5078.8
5391.7
6092.2
6478.0
6735.0
6992.5
7151.6
7594.5
7820.3
7864.8
7949.0
7979.0
7981.6
8172.8
8267.0
8352.4
8381.6
8527.3
8541.4
8746.2
8766.1
8816.0
8922.3
9177.4
9776.0
10130.5
10153.9
10272.2
10382.5
10489.7
10770.8
10773.7
10920.8
11550.4
11825.5
11875.8
12224.9
12386.8
12670.5
12947.4
13197.8
13281.4
13707.1
13852.5
14779.4
14947.6
14956.7
15021.9
15760.9
16123.0
16983.0
17119.3
17164.5
17195.8
17341.7
17652.0
18042.9
18154.1
18313.1
18760.7
19265.0
19376.9
19816.0
19816.3
20105.6
20114.7
21554.5
21803.6
21903.0
22590.9
22615.5
22655.7
22824.3
22872.7
22989.7
