45.8
128.8
207.3
251.6
346.0
425.1
477.1
559.7
633.2
1119.3
1149.7
1424.2
1784.5
1804.7
1904.5
2079.8
2155.8
2404.8
2497.6
2591.3
2652.0
2940.2
2996.4
3076.7
3338.3
3608.5
3668.7
3743.2
3798.0
3895.4
4239.4
4628.4
4764.9
4789.3
4875.7
4899.9
4930.3
5048.9
5216.3
5227.3
5719.3
5940.8
6074.7
6144.6
6290.0
6377.0
6895.4
7089.3
7493.0
7656.5
7691.6
8186.0
8591.1
8867.4
8889.4
9024.9
9101.4
9581.5
9614.9
9748.3
9853.7
9966.5
10072.4
10194.3
10261.5
10864.3
11243.4
11500.5
11550.0
11568.1
11942.6
12149.3
12580.6
12747.6
13122.1
13167.0
13209.1
13332.3
13408.2
13651.0
13652.7
13835.8
13859.7
14205.4
14915.4
15119.8
15298.9
15675.7
15753.3
16060.2
16175.2
16239.2
16317.1
16692.6
16897.6
16958.7
17024.2
17362.6
17384.1
17753.0
17845.9
18336.4
18745.0
18758.0
19075.0
19148.6
19462.8
19485.1
20162.5
20209.4
20242.5
20288.1
20458.2
20776.3
20846.4
21203.1
21908.3
22026.1
22177.6
22326.7
22370.8
22483.5
22673.2
22711.5
22800.4
22999.7
