140.3
251.0
368.6
464.3
465.5
629.3
670.5
718.9
876.3
1210.7
1379.5
1647.9
1714.0
1914.1
2172.1
2217.2
2287.2
2364.3
2404.4
2520.5
2583.1
2638.1
2834.6
2888.7
3217.4
3296.7
3437.8
3806.4
3878.3
3928.9
4185.7
4471.7
4587.8
4938.1
4938.7
4943.4
4994.0
5100.6
5241.9
5951.7
6096.0
6119.4
6359.4
6767.6
6901.4
6914.8
7090.9
7331.9
7762.0
7835.3
8013.5
8304.9
8455.0
8604.3
8665.0
8705.1
8967.0
8981.1
9084.4
9088.4
9127.6
9159.5
9318.7
9336.5
9488.4
9599.4
9787.1
9987.0
10017.7
10024.3
10097.7
10165.1
10347.0
10979.4
11292.6
11602.1
11639.0
11750.5
11784.0
11910.1
11911.5
12692.4
12719.3
12804.7
12862.0
12972.3
13049.4
13273.2
13408.9
13430.7
14015.8
14108.2
14555.1
15093.5
15234.8
15309.4
15879.7
15996.6
16236.2
16246.1
16316.5
16712.9
17711.8
17985.7
18002.3
18146.7
18374.2
18514.7
18826.1
18859.8
19963.2
20003.3
20061.1
20163.0
20367.2
20703.5
20751.2
20773.9
20824.5
21113.4
21483.2
21545.9
21735.5
21916.0
22059.9
22107.9
22167.5
22190.4
22207.9
22210.5
22937.3
