108.9
194.3
251.7
638.8
672.6
862.8
991.1
1493.2
1552.0
2088.6
2257.1
2720.3
2757.3
2915.0
3352.8
3479.2
3726.8
3735.4
3926.7
4087.7
4315.7
4552.4
4590.2
4755.7
4808.7
5180.4
5275.7
5507.4
6297.6
6302.0
6408.4
6497.4
6968.7
7962.9
8796.5
9318.4
9372.3
9946.7
10051.8
10192.3
10213.2
10395.8
10966.2
11184.9
11647.9
11826.2
11876.8
12218.8
12363.8
12867.4
13965.3
14235.5
14467.3
14565.0
14633.4
14740.7
14813.3
14845.0
15938.7
15948.4
16292.9
16639.6
17025.5
17272.0
17338.8
17360.1
17360.4
17478.9
17530.8
18312.4
18445.3
18463.0
18479.5
18642.6
19104.4
19131.2
19345.6
19609.3
20203.6
20530.9
20578.5
20732.1
20852.3
21415.1
21597.4
21635.0
21756.2
22090.5
22112.0
22168.3
22303.3
22787.0
