69.8
150.8
257.7
315.1
1108.7
1403.7
1772.7
2081.5
2155.0
2464.0
2739.0
2962.1
3048.3
3411.8
3581.2
3614.3
3915.8
3990.0
4655.5
4917.6
5054.4
5190.9
5294.3
5454.2
5556.1
6065.3
6087.6
6174.5
6370.3
6717.6
7018.7
7046.6
7114.8
7148.0
7299.6
7520.4
7525.8
7660.4
7920.8
8000.4
8041.3
8197.3
8445.2
9007.8
9264.2
9281.2
9318.5
9387.7
9683.2
9694.3
9734.2
9750.7
9881.8
9931.1
10533.6
10804.1
11262.1
11549.8
11871.9
12030.3
12035.5
12181.6
12214.4
12543.5
12697.6
12931.7
12993.5
13051.9
13054.8
13063.1
13374.4
13385.2
13563.2
13874.7
14080.4
14233.5
14349.1
14685.7
14925.0
15121.0
15298.2
15314.5
15327.7
15371.0
15547.1
16149.3
16197.6
16202.8
16214.0
16304.9
16618.4
16699.2
16734.2
16843.9
16970.8
17363.2
17473.4
17661.5
17780.9
17803.4
18309.8
18322.3
18646.6
18739.0
19024.2
19042.5
19065.7
19088.2
19149.8
19256.6
19380.7
19696.0
19701.1
20830.1
20874.8
21022.8
21360.2
21673.0
22278.9
22358.4
22987.0
