189.1
250.3
408.9
409.3
576.2
847.6
1587.5
1685.1
1703.2
1984.8
2130.0
2217.7
2476.3
2771.6
3676.1
4773.4
4869.5
5083.2
5522.9
5637.3
5963.4
6288.9
6449.7
6760.4
6925.0
6975.7
7011.1
7247.2
7942.1
7969.7
8100.9
8188.4
8215.2
9240.4
9391.8
9789.5
10009.8
10076.0
10190.6
10250.7
10291.6
10392.3
10678.3
10862.2
11051.5
11178.0
11523.2
11571.5
11655.4
11812.7
12469.6
12557.0
12709.6
12799.4
13034.1
13146.9
13204.5
13357.8
13478.2
13535.7
13622.4
13817.9
14002.7
14005.5
14069.7
14562.8
14804.9
15070.5
15083.8
15460.9
15640.0
15743.1
15822.9
15885.0
15989.7
16047.4
16058.1
16385.6
16527.6
16659.3
16851.3
16952.9
17191.0
17354.6
17403.9
18395.5
18587.6
18680.9
18995.1
19302.7
19370.2
19702.3
19723.0
20181.3
20351.0
20722.3
21402.7
22155.9
22212.8
22828.3
