98.3
603.5
731.5
832.8
1301.8
1352.0
1427.6
1475.9
1541.9
1737.1
1935.0
1953.5
2106.9
2202.7
2406.9
2530.7
2542.3
2997.6
3127.7
3357.8
3543.9
3585.3
3629.1
3679.0
3743.8
3941.3
4181.4
4252.2
4957.4
5716.8
5852.0
6125.1
6133.4
6854.6
7271.2
7334.3
7344.9
7731.8
8022.6
8295.7
8632.3
8825.5
8862.1
9108.4
9235.6
9809.5
10157.1
10313.7
10327.0
10384.6
10476.1
10662.6
11013.2
11047.5
11138.5
11203.4
11337.3
11529.4
11882.9
11897.7
11910.8
11995.2
12231.6
12561.9
12640.9
12734.5
13171.2
13285.6
13388.6
13628.7
13756.1
14254.8
14401.4
15064.5
15480.2
15615.0
15618.2
15797.6
16193.2
16209.9
16219.0
16309.9
16768.6
16898.7
17093.5
17664.4
17667.8
17674.7
18499.0
18565.9
19018.1
19029.9
19396.8
19550.5
19711.7
19733.7
19983.2
20068.5
20077.4
20583.1
20804.1
20982.8
21345.6
21553.7
22097.6
