63.6
132.8
493.1
596.5
623.0
982.2
1076.6
1368.1
1470.5
1732.6
2043.7
2061.3
2744.1
3206.1
3271.4
3467.7
3610.9
3760.4
3788.3
4158.5
4462.7
4598.9
4810.3
4815.2
4952.8
4982.6
5100.5
5268.0
5410.3
5565.6
5880.7
6060.8
6589.3
6777.0
6808.9
7585.3
7781.9
8694.7
8807.7
8850.2
9055.8
9146.3
9169.5
9217.4
9471.6
10032.5
10133.4
10169.0
10741.8
10818.2
11013.1
11110.2
11904.0
12077.6
12211.6
12295.1
12592.5
12598.3
12884.5
13380.7
13829.4
13948.3
14160.6
14591.5
14615.3
15054.1
15128.5
15249.4
15346.6
15451.5
15656.5
15983.8
16063.4
16187.5
16404.2
16527.5
16601.5
16657.1
16766.0
16779.1
17582.3
17770.1
17880.7
18049.3
18100.8
18374.4
18472.7
18552.5
18589.2
18619.0
18744.0
18937.7
19105.3
19146.3
19263.8
19305.9
19375.1
19625.2
20582.2
20624.5
20680.1
20755.6
21428.6
21513.3
21592.2
21636.1
21843.4
21974.7
22036.8
22169.8
22506.3
22555.9
22833.5
