131.7
301.7
1150.7
1364.4
1431.8
1437.6
1480.8
1646.8
1674.2
1721.4
1874.8
2024.3
2054.0
2099.4
2132.0
2204.2
2535.7
2610.7
2877.9
3041.0
3058.3
3113.1
3296.3
3302.0
3312.1
3661.5
3930.9
4182.7
4328.1
4519.4
5200.2
5290.3
5374.7
5446.8
5460.7
5818.2
5939.9
6547.5
6985.4
7118.5
7172.8
8008.6
8025.0
8147.6
8173.1
8366.1
8480.6
8517.0
8814.2
8948.9
9091.1
9133.1
9705.7
9739.8
9741.9
10413.8
10423.3
10627.0
10637.2
10661.8
10704.9
10737.6
10799.1
10862.3
10883.3
10909.3
10995.0
11035.5
11199.4
11229.3
11404.1
11596.9
11985.7
12171.1
12307.6
12365.6
12425.2
12605.1
12721.8
12950.2
13056.2
13233.8
13279.3
13386.7
13482.0
13648.3
13785.7
13871.3
14027.6
14202.3
14337.3
14426.6
14832.4
14871.2
15015.1
15100.4
15144.5
15224.1
15450.9
16286.1
16366.4
16474.8
16671.8
16712.8
16752.9
17020.2
17109.6
17197.1
17214.8
17344.6
17598.3
17958.7
18430.8
18888.6
19007.0
19352.4
19420.2
19621.4
19817.9
19828.0
19941.9
20062.6
20091.6
20211.0
20316.9
20531.5
20921.8
21114.7
21187.7
21299.6
21587.0
22005.6
22065.1
22610.9
