8.8
643.1
792.9
1083.1
1254.7
1666.1
1768.4
1799.9
1826.2
2010.2
2307.0
2492.8
2556.6
2842.8
3014.5
3424.3
3509.2
4277.1
5030.0
5094.8
5226.6
5381.7
5517.7
5529.3
5563.7
6345.6
6361.6
6384.2
6469.7
6499.6
6502.3
6770.9
6840.0
7210.1
7330.8
7471.6
7570.1
7981.9
8394.6
8414.6
8425.1
8585.3
8918.7
9351.7
10187.4
10368.1
10499.3
10564.9
10611.4
10644.2
10676.4
10763.4
10913.8
11240.3
11544.9
11797.8
11805.9
12309.5
13397.1
13432.9
13627.9
13656.3
13830.1
13840.7
13870.4
13886.1
14037.8
14406.4
14413.5
15011.8
15492.3
15809.6
15932.0
16001.3
16087.3
16314.4
16701.1
16710.8
16744.0
16861.0
16938.4
18291.6
18551.9
18575.7
18895.4
18906.6
18997.1
19239.3
19306.2
19739.5
19793.1
20022.7
20120.7
20270.5
20394.0
20561.5
20586.1
20618.3
20666.5
20669.8
21168.5
21250.9
21783.0
21795.9
21905.4
22294.5
22701.2
22745.8
22840.4
22849.6
