61.5
312.4
687.0
978.1
1048.6
1197.0
1536.0
1542.8
1676.9
1855.5
1914.4
2452.9
3269.0
3339.6
3859.0
4461.6
4920.6
5039.0
5187.9
5241.3
5486.3
5528.8
5770.0
5773.3
6202.9
6208.4
6212.1
6701.1
6864.1
6965.9
7263.7
7279.9
7539.2
7662.3
7749.1
7769.2
8191.8
8442.9
8550.4
8561.4
8616.9
8961.7
9088.0
9285.5
10133.9
10378.1
10610.8
11150.4
11222.3
11275.6
11976.0
11986.2
12054.6
12364.3
12606.4
12620.0
12698.2
12789.2
12796.1
13099.3
13380.0
13465.8
13705.5
13845.2
13901.9
14146.1
14286.1
14293.8
14423.5
14713.7
15182.0
15299.6
15689.9
15903.9
16281.6
16545.9
17012.2
17317.9
17579.6
17588.6
17589.8
17735.5
17744.4
17767.1
18036.0
18048.0
18203.0
18276.8
18325.9
18485.0
18499.5
18888.2
19365.4
19403.1
20234.4
20789.4
20952.2
21143.7
21862.7
22181.6
22185.8
22270.4
22562.4
22667.1
