7.8
434.8
465.7
637.8
796.8
832.7
920.8
1717.3
2346.6
2441.5
2548.8
2592.8
2594.7
2777.0
3169.6
3238.3
3330.5
3459.9
3502.6
3583.8
4255.2
4378.9
4461.9
4502.9
4567.6
5114.4
5171.3
5296.1
5676.5
5896.5
6001.6
6121.2
6493.8
6864.8
6896.0
7005.7
7351.5
7845.7
8158.3
8333.9
8410.7
8990.3
9074.7
9213.0
9302.6
9494.0
9618.9
9894.9
9939.1
9983.4
10046.3
10128.3
10663.1
10941.3
10994.4
11351.0
11432.6
11492.1
11600.1
12028.6
12226.7
12268.7
12459.7
12526.1
12619.3
13216.2
13761.0
13878.0
14096.2
14155.2
14253.4
14265.4
14738.8
14788.6
14954.1
15619.0
16276.5
16472.1
16520.0
16686.7
16706.6
16867.7
16889.0
16947.8
17017.2
17187.0
17408.0
17425.2
17904.1
17963.4
18234.6
18409.2
19255.5
19365.1
20337.3
20493.5
20593.2
20656.2
20927.2
21109.7
21111.3
21296.8
21458.1
21501.4
21646.4
21856.8
22024.3
22287.0
22666.5
22690.3
22745.9
22866.7
