8.4
64.6
75.9
385.3
512.0
704.4
810.0
915.1
1342.8
1613.6
1851.6
1956.8
2170.2
2643.2
2994.1
3049.6
3885.3
3930.4
3956.2
4881.6
4947.5
4977.5
5095.3
5458.4
5533.2
5556.4
5995.8
6112.8
6490.0
6523.5
6527.2
6563.8
6799.1
6870.2
7008.0
7300.6
7302.3
7697.4
7775.8
8286.7
8606.3
8701.7
8709.3
8961.5
9210.8
9318.5
9346.9
9934.9
10214.2
10272.2
10529.8
10575.2
10652.5
10668.9
11296.8
11870.4
11919.1
12065.2
12119.1
12178.7
12257.6
12283.7
12463.0
12486.5
12562.5
12690.7
13338.8
13604.4
13646.0
13899.6
14005.9
14817.6
15364.3
15393.3
15429.7
15597.6
15692.5
15746.1
16102.3
16303.9
16374.0
16477.6
16641.4
16720.1
17700.6
17755.7
17798.9
17831.2
17916.5
17918.5
17985.7
18140.0
18240.5
18733.0
18775.7
18923.1
19147.8
20273.9
20434.4
20634.3
20645.1
20740.4
21086.0
21101.2
21143.1
21290.2
21498.7
21581.6
21592.6
21692.2
21940.4
22318.1
22341.1
22349.8
22384.7
22673.7
