378.7
417.6
558.8
706.8
743.1
978.1
1182.1
1208.3
1624.6
1883.1
2480.3
2536.9
3346.3
3592.6
3742.4
3855.8
3987.6
4022.5
4266.1
4909.3
5476.5
5652.5
5754.7
6038.0
6196.0
6344.4
6441.7
6710.3
6768.5
7104.9
7561.6
7588.1
8138.7
8243.7
8706.6
8711.7
8732.9
8797.6
8942.6
9048.8
9148.5
9680.7
9901.5
10520.6
10880.2
11175.9
11327.8
12350.4
12726.5
12872.9
13320.9
13386.4
13591.5
13713.0
14226.9
14415.7
14444.5
14591.4
14640.8
14740.6
14746.4
14794.5
15003.7
15143.1
15154.4
15585.9
15704.5
15766.8
15914.7
15937.0
15938.8
16014.1
16242.9
16946.1
17350.7
17446.3
17461.8
17598.9
17603.1
17611.0
17637.0
18007.8
18375.5
18648.9
18659.8
18675.7
18849.7
18855.7
18898.3
18999.8
19397.1
19511.5
19647.7
19844.2
20007.6
20769.0
20857.4
20988.4
21207.8
21387.7
21926.2
21949.6
22027.9
22083.3
22272.4
22722.2
22921.8
