143.8
242.6
617.2
701.9
873.9
1066.7
1103.6
1122.8
1233.1
1507.1
1604.5
1657.4
1666.5
1758.0
1812.9
1865.6
1925.7
2272.9
2562.9
2703.5
3133.1
3137.0
3291.0
3389.4
3462.7
3661.6
3672.7
3687.2
3731.5
3822.7
4148.6
4377.2
4419.5
4710.7
4737.3
4974.1
5415.6
5435.8
6141.4
6279.6
6297.5
6455.0
6854.7
7139.5
7578.7
7581.2
7640.6
7766.8
8493.1
8628.9
8886.0
8993.8
9325.1
9571.5
9622.3
9729.9
9841.2
9873.5
10217.9
10310.8
10586.7
10626.8
10695.9
10863.4
10932.6
11227.5
11342.5
11354.8
11368.4
11873.8
12030.1
12106.0
12307.7
12345.8
12874.9
12952.5
13077.4
13105.7
13239.4
13266.5
13669.8
13673.6
13740.0
13848.8
14295.9
14761.7
14919.3
14963.4
15192.0
15473.9
15682.3
15839.9
16157.1
16186.3
16196.6
16336.5
16411.6
16453.0
16959.3
16970.4
16988.9
17015.6
17060.7
17101.8
17191.3
17191.8
17247.0
17710.6
17765.3
17901.9
18107.7
18283.0
18506.2
18641.5
19024.2
19362.9
19483.3
19638.3
20001.8
20004.5
20224.0
20620.7
20799.7
21156.9
21495.6
21567.4
21711.9
21762.3
21845.4
21856.4
21958.7
21989.3
22081.5
22088.0
22165.8
22278.6
22339.6
22424.5
22562.4
22691.7
22987.0
