938.1
1031.7
1349.1
2027.1
2143.4
2328.5
2413.6
2529.1
2556.1
2715.5
3106.0
3197.5
3282.4
3345.7
3549.5
3795.9
4145.1
4505.8
4578.8
4661.3
4731.9
4800.8
4961.3
5216.1
5573.3
5832.8
5878.8
5986.8
6394.0
6850.5
7486.0
7493.5
7530.4
7625.2
7627.5
7789.4
7915.1
8055.6
8079.4
8134.5
8325.6
8448.4
8476.1
8505.2
8661.4
8674.0
8999.5
9116.5
9171.9
9495.8
9600.3
9833.8
10043.5
10238.6
10486.1
10801.3
11004.4
11091.6
11278.9
11539.0
11573.9
11700.3
11762.1
11811.6
11891.4
12149.0
12422.2
13194.3
13643.3
13786.3
13841.0
14167.6
14185.7
14600.7
14706.4
14741.5
15084.8
15260.3
15271.2
15696.9
15988.4
15994.3
16044.9
16054.9
16120.2
16149.9
16302.7
16423.8
16655.4
17650.4
17893.5
17900.6
18144.1
18275.1
18407.4
18451.8
18757.5
18829.3
19050.0
19201.8
19214.9
19354.0
19404.7
19610.6
19636.2
19794.0
19861.6
20107.8
20116.6
20424.6
20535.3
20685.1
20725.4
20868.6
21018.1
21142.0
21340.8
21377.7
21487.6
21630.0
21813.0
21972.3
22119.6
22334.8
22476.9
22510.3
