404.1
820.9
1431.7
1665.7
2159.6
3417.4
3586.1
3624.0
3702.3
3781.1
3813.1
4131.8
4458.6
4592.2
4594.9
4673.3
4759.5
4979.4
5119.5
5445.1
5464.6
5508.6
5850.4
5861.5
5899.1
6095.7
6444.0
6852.6
7081.2
7453.0
7603.0
7741.1
7744.6
7800.9
7865.3
7892.8
8033.8
8427.1
8431.7
8622.8
8866.6
8867.9
8943.4
9166.5
9687.4
9720.7
10071.0
10085.9
10135.1
10192.5
10219.2
11038.7
11115.1
11319.3
11476.6
11747.8
11938.4
12024.7
12050.6
12275.6
12478.6
12830.3
13051.9
13083.2
13419.7
13530.9
13632.5
13728.9
14059.4
14621.6
14675.2
14695.1
14719.0
14854.2
14948.1
15072.0
15136.0
15137.8
15543.4
15759.8
15983.9
16015.9
16066.9
16260.5
16321.9
16338.1
16466.0
16839.0
16986.7
17020.1
17204.6
17471.7
17649.7
18055.6
18543.8
19163.2
19219.0
19336.5
19475.4
19614.0
20008.5
20505.6
20686.5
20941.7
21063.8
21284.8
21496.1
21993.0
22441.4
22640.6
22708.5
22801.3
