167.9
262.5
302.3
382.8
516.7
559.6
854.6
934.0
1034.5
1239.1
1364.8
1610.8
1660.0
1721.8
2800.8
2978.7
3351.0
3392.6
3430.6
3601.4
3736.1
3832.0
3832.2
4088.3
4194.2
4408.1
4410.5
4540.4
4938.0
5129.1
5698.5
5723.0
6212.2
6520.2
6665.3
6715.0
6973.3
7654.0
7665.2
7868.6
7936.6
8065.0
8767.4
9005.9
9061.4
9224.1
9236.2
9593.5
9673.6
10305.4
11022.9
11129.3
11183.0
11374.9
11608.3
11868.7
11989.8
12039.2
12168.9
12207.8
12676.0
13214.6
13517.9
13627.8
13783.5
13880.6
13887.0
13945.7
14088.4
14106.7
14512.5
14554.1
14570.5
14613.3
14718.9
14839.6
14891.8
14920.7
15790.2
16244.8
16353.5
16414.4
16690.8
16700.8
16998.7
17192.1
17428.6
17466.8
17868.6
17907.8
18035.6
18151.7
18386.9
18569.4
18586.5
18953.2
19252.8
19312.6
19391.4
19455.2
19507.5
19758.6
19966.1
20144.9
20249.5
20495.7
20656.8
20740.3
20950.5
20991.1
21141.2
21698.9
21735.6
21787.4
21959.1
22280.4
22478.3
22540.8
22711.9
22760.9
22810.8
