61.5
260.8
282.5
604.7
754.4
1065.7
1114.0
1224.1
1422.6
1550.9
1785.6
2040.3
2206.2
2282.2
2607.9
2746.4
3059.1
3195.2
3239.1
3277.1
3392.3
3839.3
4051.6
4165.2
4222.3
4393.9
4640.1
4687.2
5006.5
5330.6
5341.9
5413.5
5881.1
6024.4
6133.9
6156.0
6479.4
7270.5
7327.7
7418.7
7595.5
7626.6
8061.3
8293.9
8802.9
8810.1
8996.1
9199.3
9441.1
9945.7
9963.3
9998.1
10055.1
10198.5
10230.5
10261.9
10336.4
10399.4
10471.9
10746.1
10930.3
10986.6
11173.5
11456.0
11632.7
11686.5
12246.5
12356.6
12570.2
12587.8
13276.8
13510.9
13611.4
13855.8
13901.3
14029.3
14051.7
14157.6
14323.0
14532.6
14540.6
14586.0
14610.6
14691.3
14702.4
15220.9
15287.0
16078.4
16358.6
16381.6
16584.2
17591.0
17760.2
17878.4
17942.5
18773.6
18884.3
19049.2
19063.3
19147.2
19793.6
19812.9
19905.1
19912.5
20078.5
20095.3
20248.2
20633.3
20647.5
20983.8
21123.8
21464.2
22471.5
22514.0
