3.6
140.9
1339.2
1399.0
1458.0
1548.7
1647.2
1681.2
1912.4
2297.4
2646.4
2739.5
2884.4
3204.9
3324.8
3480.4
3693.5
3765.4
4104.1
4588.6
5111.5
5114.3
5459.7
5644.1
5700.7
5938.5
6288.1
6664.2
6733.5
6830.8
6908.0
7326.1
7539.4
8273.9
8414.2
8504.7
8649.7
8695.1
8948.4
9431.0
9612.8
10167.7
10260.5
10281.0
10396.5
10477.1
10593.0
10669.6
11020.5
11043.1
11122.6
11233.7
11449.0
12158.5
12170.9
12180.7
12241.0
12388.4
12434.0
12904.1
13460.2
13594.7
13657.2
13773.9
13805.1
14011.7
14300.4
14613.2
14743.4
14872.0
15410.1
15691.6
16058.3
16159.5
16234.1
16359.3
16821.4
17272.9
17406.6
17461.6
17497.8
17616.6
17969.8
18248.3
18490.0
18614.8
18740.1
19065.1
19419.0
20152.9
20289.1
20341.7
20753.4
20937.8
20943.7
21167.4
21377.7
21396.0
21398.6
21411.9
21733.0
21967.1
22095.3
22710.5
22848.5
