346.6
917.3
978.3
1666.3
2172.1
2333.0
2409.1
2634.0
2674.6
2773.8
2775.6
2847.7
2985.6
3587.2
3618.6
3759.9
3808.8
3871.6
3872.4
4024.2
4164.0
4326.8
4341.7
4526.5
5143.2
5373.6
6643.6
7112.9
7127.0
7362.3
7376.4
7468.1
7624.8
7809.4
7814.9
8005.2
8512.5
8873.0
8914.9
9034.5
9146.9
9352.1
9353.7
9475.4
9685.8
9903.8
10019.5
10174.2
10222.0
10518.3
10744.3
11279.8
11344.9
11378.8
11468.0
11531.1
12061.8
12146.2
12391.5
12707.5
12945.3
12961.5
13505.5
13874.6
14054.3
14646.8
14746.7
14758.9
14991.8
15210.7
15273.5
15329.5
15467.6
15547.5
15774.1
16160.1
16229.9
16282.3
16406.1
16517.6
16610.3
16671.5
16835.9
16940.1
17028.9
17031.2
17078.3
17120.1
17202.0
17275.3
17370.2
17777.3
17881.9
18039.0
18175.4
18224.8
18449.7
18521.7
18744.1
18856.6
19238.4
19257.0
19582.6
20085.4
20166.3
20575.3
20578.8
20599.0
20724.7
20759.0
20896.3
20916.1
20923.6
20952.3
21198.2
21306.7
21478.0
21532.1
22189.2
22361.3
22572.3
