472.8
566.9
717.6
737.8
818.7
1038.8
1089.2
1224.1
1797.1
1803.3
1841.1
1856.9
2132.2
2490.3
2542.3
2680.6
2794.3
3229.0
3237.1
3262.2
3276.9
3300.7
3420.4
3828.5
3860.6
3873.0
4626.0
4738.2
4761.4
5130.0
5230.1
5324.2
5401.0
5530.5
5535.9
5622.0
6243.5
6247.4
6463.6
6716.4
6934.6
7006.0
7284.4
7319.7
7504.2
7693.1
8181.6
8247.6
8307.9
8401.8
8587.0
8674.6
8704.6
8785.8
9335.5
9947.3
10456.1
10526.4
10895.4
11004.8
11060.5
11340.9
11443.7
11493.2
11554.0
11587.3
12128.7
12149.5
12197.5
12944.7
13317.2
13431.1
13963.0
14029.1
14262.6
14514.6
14761.7
14900.2
15101.6
15854.9
16027.3
16095.5
16482.9
16585.6
16676.7
16968.1
17117.7
17253.5
17503.2
17907.5
17953.6
17976.6
18123.1
18642.4
18705.7
18977.3
19033.9
19348.9
19655.8
19871.6
19955.9
20146.3
20385.4
20488.8
20602.5
20744.5
20812.5
20842.8
21047.9
21052.0
21452.8
21502.7
21661.4
21681.9
21812.2
21895.2
22176.7
22246.2
22259.1
22296.1
22316.4
22539.9
22590.3
22638.9
22748.0
