345.6
715.3
872.9
1064.9
1114.8
1225.8
1505.7
2297.8
2610.2
2644.1
2674.8
2706.0
2864.4
3081.6
3096.0
3343.2
3583.3
3753.7
3766.1
3831.8
3888.0
3896.2
3960.6
4162.4
4392.9
4910.9
4958.7
5034.7
5311.6
5646.5
5674.0
5713.6
5825.2
5883.1
6014.1
6074.5
6196.9
6281.4
6547.3
6996.9
7003.6
7007.6
7829.2
8311.4
8587.2
8929.6
9261.0
9800.7
10136.5
10271.0
10534.2
10593.1
10939.2
11688.9
11706.6
12288.0
12333.2
12893.0
12947.6
13213.7
13266.6
13683.1
13826.9
13857.5
14259.3
14552.8
14812.6
14902.4
15076.3
15115.3
15314.8
15654.8
15770.7
15925.6
16155.3
16380.0
16385.2
16659.1
17093.2
17193.4
17500.3
17753.0
17853.4
17888.9
17981.2
18065.3
18397.1
18437.6
18540.9
18615.1
18765.8
19021.2
19320.3
19358.8
19569.4
20134.4
20241.4
20287.4
20305.3
20424.1
20793.8
21062.9
21088.6
21444.7
21490.6
21728.2
22022.9
22049.4
22137.9
22312.3
22414.0
22454.1
22472.6
