226.6
790.8
1082.3
1116.5
1608.5
1807.7
2090.9
2279.9
2295.8
2312.7
3518.4
3683.5
3869.8
3874.1
3946.1
4222.2
4390.5
4662.7
4759.0
4803.7
4927.4
5216.1
5512.5
5572.9
5657.3
5733.5
5964.6
6383.3
6599.3
6655.6
7021.9
7109.3
7190.9
7337.8
7440.0
7458.4
7568.9
7778.8
8009.1
8264.7
8310.2
8616.8
8663.0
9016.6
9305.2
9399.4
9560.7
9686.3
9859.7
9920.5
10020.2
10080.0
10524.4
10853.4
10958.6
10976.2
10991.9
11575.0
11608.4
11615.6
11873.1
12101.4
12257.0
13857.4
14005.0
14208.0
14642.4
14653.4
14791.1
14810.3
14835.4
15267.3
15383.3
15665.1
15666.2
15985.2
16100.0
16126.4
16838.0
16888.4
17174.2
17358.9
17364.3
17448.5
17784.5
17896.2
18179.8
18445.4
18758.3
19321.6
19339.6
19358.1
19371.0
19405.0
19481.1
19503.0
19587.7
19729.1
19865.2
20176.0
20202.3
20312.4
20440.8
20468.9
20970.0
21373.8
21691.1
21804.8
22331.8
22361.5
22894.4
