30.0
255.9
381.4
455.8
673.7
1046.4
1063.5
1133.0
1194.1
1553.8
1640.5
1689.3
1883.0
2093.1
2223.7
2274.5
2505.5
2819.9
3246.4
3268.2
3305.2
3620.1
3721.3
3913.6
3962.6
4346.5
4499.4
4660.8
4662.6
4759.0
4885.3
4952.6
5034.6
5159.9
5382.1
5728.9
5791.5
5840.9
6021.7
6084.0
6111.5
6273.0
6301.3
6372.3
7084.9
7275.8
7317.6
7408.2
7808.2
7992.5
8826.4
9012.3
9015.0
9231.6
9559.5
9671.6
9770.4
9811.0
9966.9
10081.0
10161.7
10311.7
10418.5
10532.8
10648.1
10687.6
10710.6
11092.3
11287.5
12036.5
12119.6
12133.9
12457.2
12696.5
12702.4
12710.8
12713.7
12775.2
12778.9
12789.5
12887.6
12964.0
13384.9
13463.2
13470.5
13651.9
13821.5
13891.4
13987.9
14052.9
14469.0
14541.5
14793.5
14814.5
15363.7
15384.8
15627.1
15825.0
15975.9
16232.5
16264.3
16948.9
17166.1
17538.5
17562.4
17773.8
18073.8
18327.5
18384.9
18993.0
19088.5
19382.8
19430.4
19434.2
19731.5
19764.6
19817.4
19937.5
20113.2
20523.2
20532.6
20675.9
20678.4
20681.4
20717.5
21107.1
21165.4
21174.3
21366.3
21448.8
21503.3
21854.3
21870.9
21891.1
21895.8
21990.7
22380.3
22993.4
