73.7
442.0
497.9
520.9
547.7
549.1
688.6
827.7
868.2
879.0
1068.1
1093.5
1280.9
1492.4
1497.7
1539.8
1621.0
1757.9
1970.8
1971.5
2010.3
2283.8
2653.9
3044.8
3067.7
3373.7
3451.7
3901.8
4027.7
4058.0
4098.0
4118.8
4414.7
4619.4
4806.2
4913.6
4991.6
5040.6
5416.8
5642.8
5695.2
6115.5
6151.0
6225.6
6233.5
6715.9
6866.2
6869.7
7222.1
7447.9
7513.2
7819.4
8103.5
8151.9
8159.1
8329.7
8548.8
8551.8
8816.9
8923.1
9103.7
9453.0
9695.3
9998.8
10086.5
10142.7
10344.2
10348.3
10403.3
10634.7
10860.4
10940.7
11093.4
11208.3
11264.9
11738.3
11896.5
11911.2
12000.3
12027.3
12192.0
12432.2
12486.0
12800.7
12855.3
12996.9
13050.3
13165.8
13845.6
15000.0
15341.9
15440.7
15528.9
15656.8
15670.4
15697.8
15964.5
16163.4
16300.0
16345.5
16608.1
17215.7
17227.2
17335.9
17409.2
17782.9
18011.3
18114.9
18425.9
18627.1
19017.3
19031.6
19054.3
19060.9
19276.9
19519.4
19585.7
19614.5
19968.8
20030.3
20079.2
20138.8
20230.5
20325.9
21003.0
21017.0
21189.0
21305.8
21311.1
21616.8
21852.2
22015.0
22038.1
22392.8
22459.6
22490.5
22612.0
