259.2
278.4
888.4
905.7
1208.2
1213.1
1383.2
1417.6
1439.0
1599.4
1642.9
1682.8
1728.0
1913.3
2070.4
2210.5
2244.2
2316.8
2513.0
2543.4
2655.7
3305.0
3519.9
3886.1
4164.0
4325.7
4451.7
4542.0
6029.8
6237.2
6280.8
6330.0
6369.9
6373.2
6603.7
6692.9
6784.4
7122.7
7266.1
7864.5
7957.1
8081.0
8094.3
8324.3
8582.4
8716.2
8738.2
9156.2
9423.2
9516.5
9850.4
10482.7
10570.0
10849.6
11157.1
12009.9
12199.3
12301.3
12405.1
12554.2
12734.2
13569.8
13572.3
13932.8
14266.1
14883.2
15088.2
15674.7
15696.5
16082.8
16088.5
16150.9
16296.1
16485.7
17125.3
17144.0
17280.9
17938.1
18061.5
18198.3
18206.2
18220.0
18737.7
18862.9
18872.3
19217.2
19227.4
19313.8
19385.8
19539.9
19580.1
20265.5
20573.8
20788.3
21125.4
21297.0
21455.0
21583.1
22080.3
22627.1
22909.5
