125.9
137.8
277.2
280.4
410.5
667.4
743.9
854.2
1086.9
1206.6
1250.1
1389.7
1751.4
1812.5
1923.8
2520.9
2575.8
2605.2
2885.9
2930.6
3195.3
3508.9
3601.7
4094.9
4113.7
4478.0
4550.2
4621.9
4668.5
4865.4
5213.3
5235.2
5383.3
5579.9
5804.4
5886.5
6259.4
6466.0
6544.5
6662.8
7196.3
7287.8
7899.6
7985.7
8147.6
8276.2
8307.6
8604.9
9111.5
9292.5
9322.7
9355.4
9765.8
10338.9
10351.3
10580.6
10676.4
10691.4
10693.5
11064.0
11148.4
11269.8
11381.3
11681.5
11797.9
11833.8
11964.1
12549.3
12770.5
12792.8
13101.3
13148.8
13413.9
14028.2
14158.5
14180.9
14346.8
14506.0
14874.3
15459.0
15731.0
16010.6
16199.6
16285.1
16343.1
16617.1
16642.2
16667.1
16810.9
16998.4
17017.5
17154.5
17411.3
17494.5
17720.6
17921.7
17996.3
18045.9
18147.5
18329.2
18660.1
18817.0
19255.1
19310.5
19513.5
19578.1
19629.8
20001.6
20042.9
20070.4
20208.1
20287.9
20316.6
20879.4
21371.6
21425.1
21465.7
22279.3
22434.0
22489.6
22516.7
22640.5
22962.4
