27.6
89.8
170.6
291.4
328.8
477.3
661.4
708.0
741.4
1041.6
1095.0
1174.0
1349.8
1359.5
2257.6
2337.4
2565.5
2613.5
2911.4
2942.9
2956.7
3017.9
3100.0
3324.0
3473.9
3529.4
3789.0
4339.6
4475.9
5054.6
5138.6
5278.9
5395.0
5595.3
5796.2
6018.2
6154.9
6291.4
6409.4
6647.0
6735.3
7203.9
7502.5
7633.7
7707.5
8007.8
8039.8
8066.4
8110.0
8194.0
8315.9
8333.7
8364.3
8488.6
9116.1
9129.9
9226.4
9411.6
9512.1
9801.8
10377.7
10448.0
10835.7
11017.0
11314.7
11387.7
11744.3
12055.4
12369.1
12508.0
12612.6
12709.1
12779.9
12803.5
13433.5
13816.9
14106.9
14133.2
14255.3
14275.2
14313.6
14437.9
14467.4
14736.3
15091.8
15504.3
15552.9
15596.7
15614.2
16161.8
16426.7
16625.7
16704.5
16710.6
16947.3
17496.6
17622.3
17676.1
17834.7
17888.3
18624.2
18690.0
18720.8
18778.1
18919.4
19009.7
19080.9
19105.4
19145.1
19300.5
19403.1
19657.1
20435.4
21495.5
21534.3
21730.3
21816.0
22151.4
22252.7
22591.5
22668.3
22789.0
22893.4
22934.0
