369.2
471.9
538.6
597.3
727.0
938.9
1122.3
1203.7
1465.6
1503.0
1638.6
1952.6
2035.7
2041.9
2043.2
2394.3
2503.3
2566.1
3157.0
3175.8
3314.8
3371.8
3649.6
3837.7
3908.1
4413.0
4444.1
4641.3
4684.7
4747.8
5128.4
5146.5
5160.6
5401.3
5430.1
5587.2
5671.1
6210.1
6211.8
6320.0
6512.0
6536.3
6763.6
6778.2
6864.3
6979.4
7138.0
7248.9
7726.3
7868.8
7933.3
8436.6
8682.2
8714.6
8728.5
8843.9
9469.8
9595.0
9615.0
9856.6
10024.8
10382.8
10854.3
11127.3
11133.6
11144.6
11397.2
11936.8
12090.6
12105.8
12304.8
12312.7
12382.3
12520.6
12529.0
12570.6
12804.2
13000.9
13220.5
13421.4
14047.3
14063.1
14261.5
14280.8
14526.1
14636.0
14867.5
14876.8
14922.2
15043.7
15059.9
15139.4
15620.7
15813.6
16265.6
16290.7
16433.8
16475.5
16730.8
16935.5
17110.2
17171.4
17255.0
17371.9
17915.3
18728.7
18729.7
18772.7
18841.4
18914.2
19035.0
19040.3
19457.8
19614.9
19698.4
20025.9
20053.8
20069.3
20361.9
20366.4
20490.1
20668.8
20674.2
21325.2
21414.7
22088.7
22174.0
22681.4
22826.9
22945.0
