244.5
307.9
480.8
593.0
749.0
1132.9
1183.9
1211.8
1286.7
1699.9
2050.1
2482.9
2995.6
3129.9
3182.6
3846.0
4330.7
4444.8
4706.8
4860.6
5033.3
5303.0
5529.8
5620.1
5817.3
5856.2
5884.0
6123.7
6375.8
6428.9
7050.4
7091.8
7372.7
7922.8
8400.9
9162.7
9210.2
9263.0
9470.0
9552.8
9642.7
9697.8
9842.3
10404.4
10479.1
10680.8
10881.9
11172.5
11430.9
11478.0
12445.4
12602.4
13134.6
13759.8
15104.1
15620.3
15979.8
16038.0
16107.6
16153.5
16325.0
16340.6
16645.0
16704.7
17143.6
17323.3
17382.4
17415.3
17675.5
17758.3
17933.7
18193.1
18340.0
18888.4
18925.4
18988.3
19113.0
19423.0
19482.1
19542.3
19552.1
19557.4
19644.6
19716.1
20009.8
20289.2
20355.1
20422.6
20584.2
20681.2
21120.2
21224.6
21316.0
21456.2
21478.7
21886.9
21901.3
22096.3
22212.0
22325.0
22587.9
22691.2
22785.6
