321.6
1280.4
1294.9
1347.8
1581.1
1587.4
1766.9
2208.4
2517.7
2570.4
3140.0
3207.4
3226.5
3260.4
3384.2
3497.7
3569.0
3849.8
3905.3
3995.4
4353.2
4477.2
4497.1
4879.5
4992.3
5371.7
5599.2
5788.2
6013.4
6235.2
6301.9
6398.2
6536.2
6799.9
6822.4
7406.9
7583.7
7791.9
8093.4
8140.4
8171.8
8332.6
8634.2
9378.0
9511.9
9587.9
9629.2
9635.0
9668.6
10970.1
11109.4
11195.1
11202.8
11434.5
11676.0
11722.1
11931.1
11956.9
12201.2
12211.6
12388.8
12519.2
13665.3
13824.8
13914.2
13940.7
14155.8
14309.8
14503.2
14648.5
14915.8
15095.8
15144.3
15362.8
15779.7
15876.7
15901.4
15942.7
16471.2
16560.9
16957.7
17230.1
17795.6
17976.0
18017.7
18051.4
18125.4
18532.4
18678.0
19003.9
19515.1
19569.6
19913.4
20286.1
20392.7
20624.5
21431.7
21561.1
22272.2
22598.1
22613.9
22988.6
