57.8
156.6
561.6
595.0
1004.3
1062.4
1390.9
2828.3
3909.3
4175.4
4178.8
4204.7
4206.8
4579.8
4655.0
4847.6
5162.3
5335.1
5341.0
5950.4
5970.8
6083.5
6090.5
6122.6
6304.0
6345.6
6365.1
6381.2
6513.0
6696.6
6949.1
7258.6
7324.3
7705.4
7879.5
8194.0
8231.9
8443.7
8451.1
8588.2
8891.5
9689.5
9701.5
9740.2
9780.3
10073.6
10144.4
10186.7
10305.1
10511.6
10840.5
10872.1
10978.1
11386.7
11427.9
11602.9
11640.0
11689.7
11825.9
11891.6
12079.8
12106.5
12377.1
12576.3
12797.2
12885.9
12888.9
12906.8
13192.8
13340.3
14899.3
15252.1
15274.0
15283.8
15360.6
15432.3
15524.2
15662.8
15900.7
16606.8
17166.8
17587.8
17679.5
18528.3
18808.6
19316.3
19343.6
19376.3
19584.1
19599.1
19730.7
19957.0
20020.1
20185.5
20233.9
20359.5
20449.9
20654.2
21226.5
21334.0
21377.5
21430.9
21712.7
22373.6
22821.7
22882.4
