282.6
431.5
810.1
928.9
945.9
1416.1
1473.8
1551.4
1855.8
2204.3
2278.8
2659.4
3282.7
3295.6
3309.8
3434.0
3510.2
4895.6
4944.8
5059.1
5353.9
5474.3
5697.5
5705.2
5870.2
6268.9
6773.1
7030.4
7295.6
8075.1
8080.2
8265.1
9197.3
9210.3
9273.0
9403.1
9533.3
9705.2
9951.7
10110.4
10253.2
10647.4
10746.6
11082.9
11339.4
11425.2
11443.5
12229.3
12300.3
12458.3
12559.0
12680.8
12756.5
12931.5
13165.1
13451.9
13537.8
13983.9
14148.0
14195.0
14372.8
14790.5
14811.0
14914.1
15238.8
15720.1
15731.3
15820.9
15977.8
16304.5
16642.8
16800.4
16935.6
16968.8
16993.9
16997.1
17138.3
17317.3
17360.3
17690.0
17737.5
17742.2
17747.3
18418.1
18436.6
18641.7
18980.2
19138.1
19710.7
19782.5
19785.2
20021.7
20851.4
21038.6
21677.0
22066.9
22271.9
22504.6
