197.4
693.6
818.8
1099.2
1176.0
1287.0
1526.6
1597.7
1944.6
2589.4
2596.8
2624.1
3030.3
3337.9
3803.3
4202.1
4429.5
5150.2
5214.1
5350.8
5498.6
5627.1
5967.0
6011.9
6409.2
6702.2
6715.3
6739.9
6761.5
6835.8
6903.1
7028.3
7051.2
7189.1
7243.0
7265.3
7362.4
7826.6
8101.4
8243.8
9026.7
9064.7
9264.9
9353.9
9817.4
9833.1
10014.9
10091.0
10659.6
10882.5
11182.5
11557.1
11854.1
11875.4
11899.0
12008.1
12105.9
12639.0
12655.7
12663.5
13010.1
13072.7
13244.2
13373.7
13507.0
14276.4
14666.6
14768.9
14838.8
14938.9
14965.7
15083.8
15470.0
15551.5
15585.8
15769.1
15877.3
16237.6
16351.3
16373.3
16685.4
16818.6
16935.4
17001.2
17338.5
17395.0
17739.2
18075.2
18129.3
18164.5
18329.4
18337.2
18480.1
18692.3
19343.2
19367.7
19407.6
20095.8
20636.1
20703.7
20746.4
20879.9
21029.6
21039.7
21224.1
21567.7
21637.6
21730.8
21802.2
22052.8
22081.1
22540.2
22607.1
22973.2
