103.5
686.0
687.3
945.0
1139.5
1228.4
1878.9
2389.1
2869.9
2917.4
3175.6
3260.0
3330.3
3361.0
3916.9
4247.1
4699.3
4821.6
5175.4
5539.5
5563.2
5696.7
5938.2
6104.7
6271.0
6660.0
6702.6
6709.1
6836.9
6894.5
6977.4
7077.2
7363.8
7394.1
7501.7
7527.9
7554.7
7560.4
7596.3
7899.4
8108.7
8279.0
8368.6
8392.8
8507.8
8639.3
8682.6
8723.4
8757.8
8774.1
8896.4
8933.6
8943.4
9291.2
9615.2
9872.0
10095.5
10164.5
10925.4
11463.5
11652.1
11729.3
11905.6
12232.1
12396.8
12990.5
13035.4
13069.8
14043.7
14054.4
14088.3
14253.4
14326.8
14360.5
14509.9
14973.5
15479.5
15595.8
15794.3
16146.7
16377.8
16505.1
16508.1
16798.6
16875.0
16975.6
17452.7
17561.4
17607.5
17658.2
17781.4
18046.9
18087.0
18217.2
18230.1
18991.3
19089.9
19149.2
19243.2
19380.0
19548.6
19605.6
19636.2
19779.4
20085.1
20214.6
20457.4
20651.7
20822.5
20913.5
21042.4
21306.2
21490.1
21580.4
21687.0
21834.8
22421.7
22601.0
22849.7
22912.6
22939.2
