154.6
221.6
549.8
1319.8
1336.3
1476.7
1642.3
1643.6
1757.1
1952.0
1971.2
2763.1
2785.6
3198.0
3494.0
3586.7
3857.3
3953.9
4026.7
4566.1
4883.8
4898.6
5115.3
5155.7
5291.9
5315.0
5315.9
5417.9
5571.9
5611.0
5655.3
5757.9
5803.6
5923.7
5941.6
6015.6
6168.6
6324.3
6870.8
7152.8
7281.2
7489.9
7728.3
8012.9
8418.5
8435.5
9380.0
10056.4
10058.1
10184.4
10319.3
10332.8
10409.3
10573.5
10626.9
10645.9
10792.2
10908.5
11069.8
11503.7
11594.0
11770.8
12132.0
12220.9
12265.4
12910.2
12987.2
13190.7
13361.0
13472.7
13582.9
14132.4
14218.0
14261.8
14621.9
14663.8
14757.6
15041.4
15390.4
15464.7
15594.3
15725.4
15725.7
16313.9
16788.0
16798.7
16820.5
16968.4
17128.3
17145.6
17171.1
17777.3
17842.2
17850.4
17996.2
17999.1
18089.5
18110.8
18313.4
18997.9
19479.1
19684.1
19728.5
19861.3
20019.2
20115.0
20319.8
20748.2
21528.1
21531.6
21599.4
21878.1
21974.8
22097.9
22145.5
22405.8
22462.9
22942.9
22949.8
