1.7
55.5
475.8
642.7
738.5
778.0
1763.5
1844.5
2190.5
2224.2
2328.8
2407.3
2443.1
2540.6
2738.2
2921.6
3023.6
3058.1
3426.1
4163.3
4329.0
4522.4
4656.0
4701.0
4817.0
4890.4
5163.1
5182.2
5493.4
5532.4
5710.7
5732.7
5771.8
5863.6
6049.2
6233.8
6429.3
6548.1
7161.2
7519.6
8258.5
8861.0
8993.0
9007.6
9717.5
10005.8
10176.9
10461.6
10657.5
10702.2
10733.4
10812.5
11257.3
11903.8
12065.8
12341.4
12398.0
12594.3
12738.9
13234.0
13265.7
13500.2
13548.1
13716.4
13734.4
13765.4
14260.0
14431.4
14932.3
15186.1
15194.9
15311.2
15421.5
15441.1
15543.8
15946.3
15955.8
16497.8
16793.8
16818.9
17127.2
17249.4
17384.1
17562.8
17833.4
17938.3
18070.7
18247.0
18320.8
18662.5
19284.6
19320.0
19368.1
19381.3
19507.8
19512.1
19825.1
20209.6
20217.1
20497.2
20711.3
20923.5
21723.7
21779.7
21877.8
22697.6
22873.7
