226.2
324.8
505.9
813.7
1053.1
1388.3
1519.3
2074.7
2311.5
2360.4
2445.5
2589.1
3081.9
3183.6
3387.3
3435.6
3602.5
3740.2
3938.6
4141.3
4305.3
4529.3
4877.3
4925.0
4952.9
5057.7
5141.3
5144.0
5585.4
5685.1
6450.5
6480.8
6825.2
7423.6
7829.6
8241.7
8596.8
8644.5
8766.7
8848.7
8996.5
9488.4
9541.6
10007.6
10049.1
10068.5
10069.3
10183.6
10291.4
10522.3
10557.3
10560.1
10783.4
10945.2
11107.5
11190.0
11324.9
11377.8
11605.6
12382.4
12867.5
13034.9
13098.8
13195.8
13215.8
13276.1
13371.8
13481.6
13674.8
14018.5
14164.5
14517.1
14593.6
14639.7
14718.7
15042.3
15062.2
15380.7
15626.0
15683.6
15835.1
16015.5
16041.8
16770.2
16879.2
16959.5
17187.0
17350.1
17919.1
18052.1
18060.3
18353.3
18382.0
18586.1
18668.0
18968.3
19172.7
19292.4
19354.2
19712.0
19781.3
20484.4
20761.6
20891.0
20968.5
21304.4
21476.5
21622.5
21885.9
21970.3
22014.9
22460.2
22596.0
22695.7
22909.9
22935.5
