16.2
90.5
134.7
441.5
521.1
643.4
723.4
933.9
1453.5
1796.1
2042.4
2108.6
3070.4
3082.0
3101.2
3355.3
3810.3
4075.7
4391.1
5077.1
5092.0
5286.5
5560.7
5828.4
6350.9
6479.1
6486.5
6528.5
6565.2
6791.8
7562.7
7696.2
7731.4
7847.7
7990.0
8281.4
8285.6
8535.0
8845.8
8935.2
9064.0
9252.8
9278.6
9284.9
9406.9
10150.5
10914.7
10994.6
11193.7
11258.6
11554.0
11726.0
11829.6
11917.4
12031.8
12535.9
12702.8
12840.8
12864.5
13017.4
13173.3
13186.8
13265.3
13412.4
13464.4
13787.2
13916.5
14311.0
14341.0
14373.5
14442.6
14781.8
15183.8
15351.3
15550.4
15649.8
15689.8
15795.8
15879.9
15889.7
15970.7
16036.2
16325.4
16921.3
17162.3
17246.3
17950.3
18246.3
18371.0
18440.5
18543.3
18658.1
18760.0
19272.8
19345.3
19518.8
19525.0
19661.7
19849.6
20104.8
20405.4
20612.2
20638.8
21121.9
21285.7
21312.6
21323.9
21655.8
21672.7
22022.8
22099.6
22329.2
22428.7
22697.6
