107.0
126.9
1118.6
1497.5
1546.7
1818.0
2090.8
2141.9
2310.1
2557.1
2609.6
2971.7
3848.1
4078.6
4344.7
4451.9
4706.6
4715.4
4724.0
4835.5
5131.8
5237.9
5246.8
5373.4
6093.3
6186.8
6226.9
6312.9
6873.4
7156.1
7610.5
7704.2
7726.4
7990.8
8082.8
8352.8
8396.2
8455.8
8930.7
9073.1
9196.3
9481.5
10073.9
10620.9
10693.6
10942.8
10945.5
10994.1
11259.9
11526.7
11600.8
11882.0
12231.8
12389.6
12802.0
12954.0
13408.1
13662.6
13742.5
13841.1
13998.8
14151.9
14163.8
14370.2
14792.6
15084.7
15327.0
15687.0
15771.9
15778.8
15830.5
15836.2
16721.3
17006.7
17090.4
17116.7
17172.1
17308.8
17316.3
17602.0
17888.4
17971.6
18033.5
18095.8
18323.7
18372.1
18543.6
18641.9
18950.1
19421.4
19503.2
19511.9
19589.2
19973.8
19991.1
20012.5
20045.1
20175.9
20261.2
20821.1
20917.9
21518.2
21546.2
21665.4
21727.6
21968.9
22037.7
22040.0
22085.8
22094.7
22145.2
22152.7
22270.3
22307.7
22314.8
22415.0
22587.5
22804.5
22863.2
