139.5
268.8
1122.8
1155.6
1175.6
1195.9
1204.5
1280.2
1421.3
1711.8
2002.1
2153.5
2233.2
2608.1
2727.2
2791.1
2817.7
2854.7
2997.1
3033.6
3217.2
3290.2
3768.3
4044.9
4122.6
4270.6
4491.8
4648.6
4752.2
4916.5
5048.5
5111.8
5143.1
5307.5
5399.0
5466.0
5476.1
5477.4
5501.6
5710.8
5967.7
6028.3
6189.8
6219.8
6317.5
7001.1
7698.1
7800.3
8093.5
8343.7
8753.9
8776.8
8836.1
8965.0
8988.9
9536.0
9751.2
9942.2
10072.4
10701.8
10740.5
10964.5
11599.6
11683.1
11876.6
11895.6
11934.0
12137.2
12137.6
12175.2
12226.0
12417.1
12572.8
12867.1
12893.6
12904.6
13577.6
13585.0
13587.4
13918.2
13969.7
14007.3
14026.4
14081.9
14779.6
15081.4
15253.0
15650.3
15664.3
16011.2
16014.7
16071.2
16271.9
16517.2
16576.8
16770.1
16887.8
16942.5
17057.5
17067.2
17070.9
17077.0
17859.8
17919.3
18068.2
18157.6
18163.8
18688.9
18907.0
19219.5
19365.8
19759.2
19875.1
19920.7
19928.8
20274.3
20341.3
20345.4
20984.5
20989.3
21231.4
21237.1
21668.9
22178.5
22186.0
22628.8
22676.6
