214.8
228.5
511.5
948.6
992.9
1114.3
1448.0
1460.0
1747.9
1884.7
1946.5
1947.9
1983.3
2068.0
2083.4
2161.6
2162.6
2340.8
2525.1
2642.4
3510.2
3669.8
3685.5
3886.7
3958.0
4154.6
4238.9
4286.3
4424.9
4643.7
4859.2
5034.8
5332.1
5397.2
5660.1
5674.5
5782.5
5837.7
5920.6
6371.8
6472.7
6519.8
6649.1
6654.4
7271.4
7541.4
7653.0
7699.9
7915.4
8080.3
8127.6
8232.4
8270.8
8299.3
8386.1
8473.3
8498.1
8813.8
8814.0
9642.8
10383.0
10723.4
11744.7
11783.7
11951.3
12161.9
13116.7
13128.7
13275.3
13636.7
13740.7
13925.2
13948.3
14097.7
14348.6
14782.3
15146.4
15757.2
15781.5
16036.4
16257.7
16503.9
16595.8
16711.7
16978.7
17427.8
17682.0
18343.2
18436.6
18464.5
18879.8
18945.8
19008.6
19020.7
19063.3
19073.8
19165.8
19353.5
19637.6
19712.5
19747.8
20233.0
20415.2
20645.6
20984.2
20993.9
20999.8
21064.7
21262.7
21618.3
21660.8
21662.2
22035.0
22089.7
22357.5
