827.3
926.9
942.2
1218.3
1675.7
1920.9
1949.4
2084.8
2297.3
2633.2
2838.9
3178.1
3750.9
3761.8
3810.7
3887.6
3937.6
4321.3
4705.0
4749.7
5024.2
5126.6
5283.1
5345.0
5670.6
5822.5
6057.4
6135.3
6316.0
6617.5
6957.4
7209.6
7256.6
7448.9
7689.6
7733.3
8107.6
8895.0
8916.6
10410.9
10429.5
10452.0
10502.5
10508.8
10821.1
10919.0
11063.4
11447.3
11498.7
11619.2
11717.7
12028.8
12195.9
12319.5
12330.6
12533.2
12766.7
12806.8
13009.9
13268.0
13312.8
13415.3
13613.6
13896.5
14233.0
14279.7
14403.7
14451.5
14758.5
14765.5
14832.1
14906.2
15120.0
15145.8
15509.5
16446.4
16570.0
16720.9
17183.4
17184.6
17438.3
17441.7
17621.4
17907.8
18118.7
18428.0
18801.2
18853.0
18901.1
18993.1
19076.6
19234.6
19427.5
19885.2
20335.9
20754.4
20983.3
21217.8
21366.5
21385.9
21748.8
21785.0
21844.5
22085.3
22387.2
22679.1
22830.3
