46.5
124.2
193.6
338.3
478.8
489.9
734.5
1068.1
1071.2
1164.5
1203.1
1640.5
1883.8
2373.8
3113.6
3210.4
3411.9
3710.2
4091.1
4189.5
4298.3
4660.1
4761.6
5046.7
5256.2
5333.8
5594.6
5615.7
5754.6
6288.0
6371.3
6503.6
6557.0
6568.9
7105.8
7124.6
7163.5
7473.4
7486.0
7500.8
7566.7
7570.9
7804.0
7821.1
7940.1
8010.4
8295.0
8439.2
8490.9
8700.1
8760.2
8945.4
9207.5
9229.6
9252.1
9350.0
9403.6
9460.4
9722.9
9758.1
9930.8
10217.7
10376.2
10396.5
10418.8
11346.6
11501.8
12244.3
12284.1
12329.0
12611.1
12719.9
12738.8
12895.7
13032.7
13260.9
13870.6
14003.4
14088.3
14221.8
14717.1
14860.4
14886.5
14950.8
15243.6
15252.1
15431.8
15498.4
15556.3
15570.4
15833.2
16321.8
16557.6
16565.1
16674.4
16947.2
17005.2
17556.6
18031.9
18183.8
18339.1
18357.9
18528.4
18726.3
19181.6
19191.1
19229.6
19246.3
19748.5
19802.1
19961.6
19975.7
20016.0
20050.2
20225.4
20435.6
20479.7
20667.5
20848.8
20906.2
20932.9
21036.0
21125.1
21494.5
21533.2
21675.4
22224.8
22529.2
22985.5
