249.9
351.9
370.0
415.8
482.7
715.4
818.2
957.9
993.4
1291.7
1818.8
1883.5
1994.0
2034.4
2349.4
2917.1
2918.9
3307.0
3721.8
3865.2
3873.6
3998.1
4379.5
4407.1
4500.9
4596.1
4950.4
5050.6
5154.6
5279.8
5605.9
6137.3
6387.0
6503.7
6691.1
6797.2
7231.7
7270.1
7477.4
7482.8
7797.8
8002.1
8035.9
8082.5
8212.9
8575.0
8721.7
9079.7
9187.7
9263.2
9520.9
9598.4
9830.9
9831.3
9910.5
10110.5
10131.2
10187.6
10659.7
10817.8
11702.0
11789.0
11848.6
12027.7
12270.2
12286.9
12316.3
12362.6
12586.4
13360.2
13778.6
13793.0
13955.3
13974.8
14086.8
14127.6
14288.6
15321.9
16030.2
16308.1
16315.2
16548.9
16652.3
16786.4
16946.9
17049.1
17098.4
17133.3
17155.3
17218.4
17322.8
17639.2
17679.1
18018.1
18080.2
18149.8
18157.4
18324.5
18451.7
18479.2
18585.3
18660.2
18717.5
18754.6
18757.3
18780.1
19147.0
19787.0
20170.6
20313.5
20395.8
20395.9
20744.6
20876.9
20906.7
21292.9
21388.7
21854.1
21945.5
22132.5
22170.3
22534.8
22937.6
22978.3
