390.4
1165.4
1379.9
1576.0
1659.2
1739.4
1769.8
1826.3
2014.5
2298.4
2410.9
3091.7
3171.8
3180.7
3206.1
3513.4
3672.1
3825.2
3954.1
4060.6
4221.2
4757.6
4912.1
4968.8
5339.4
5374.8
5466.2
5501.8
5526.8
5686.2
5926.5
6558.6
6604.0
6886.2
7277.3
7363.9
7410.8
7780.9
8227.6
8260.1
8511.0
8579.3
8623.7
8936.1
8960.7
9026.4
9132.6
9207.4
9220.1
9546.8
10679.7
10733.2
10961.6
11144.0
11474.8
11728.1
11743.1
11794.8
11977.9
12214.1
12341.1
12595.9
12640.2
12902.6
12915.3
13240.8
13395.1
13573.9
13624.8
13694.8
13697.1
14171.6
14240.4
14631.3
14653.7
15065.2
15092.9
15161.7
15184.3
15253.5
15712.2
15969.2
15981.2
16198.0
16242.2
16281.1
16827.2
17589.9
17927.2
18514.5
18747.5
18877.4
19227.7
19535.8
19633.2
20091.3
20679.0
20728.2
20780.9
20824.2
21634.8
21873.5
22180.9
22271.0
22528.4
