171.9
174.3
281.7
338.8
373.7
423.4
929.8
969.7
1009.9
1278.6
1652.2
2273.1
2399.8
2646.0
3045.0
3338.5
3433.9
3812.9
4097.6
4397.0
4669.5
4824.6
4872.1
4911.1
5123.7
5607.8
5901.9
6088.2
6359.7
6408.6
6431.9
6473.7
6773.2
6884.0
6984.4
7141.6
7317.8
7542.1
7596.9
7937.6
8037.1
8226.4
8455.2
8642.8
8999.6
9335.8
9408.1
9778.8
9909.4
10029.8
10043.6
11147.1
11548.5
12077.4
12086.3
12140.3
12195.3
12432.4
12621.0
12785.4
12915.1
13324.5
13401.1
14158.7
14355.0
14686.2
15258.5
15298.1
15602.7
15936.0
16179.7
17219.5
17619.5
18115.7
18280.6
18719.1
18739.8
18816.4
19248.5
19338.9
19625.1
19927.9
20179.1
20921.6
20999.7
21090.2
21465.8
21485.9
21717.8
21746.6
21851.2
22090.0
22227.8
22672.4
22951.0
