66.8
124.7
457.0
1119.3
1364.4
1472.9
1670.7
1720.7
2032.6
2141.3
2228.6
2295.9
2545.7
2695.8
3920.7
4282.6
4488.7
4871.7
5442.8
5619.6
5778.6
5791.7
5858.6
6148.5
6161.2
6308.4
6478.0
6595.9
6605.8
6697.9
6891.3
7097.1
7208.0
7510.3
7760.2
7815.1
8007.7
8092.9
8280.3
8322.0
8359.5
8397.2
8471.7
8712.6
8780.6
9006.0
9126.6
10397.4
10691.3
11182.8
11187.1
11219.0
11708.6
11789.2
11825.2
12210.8
12414.2
12515.7
12682.8
12746.5
12920.3
13071.7
13215.5
13321.5
13550.3
13759.4
13817.8
14356.6
14644.6
14747.9
14819.2
14905.0
15331.6
15364.5
15380.1
15495.6
15756.4
15925.9
16531.5
16557.2
16560.2
16761.5
16986.8
17092.0
17196.7
17257.0
17355.9
17588.6
17811.1
18204.7
18609.4
19182.8
19206.6
19373.2
19499.7
19581.3
19718.5
19752.5
19787.8
20514.7
20528.5
20852.3
21001.6
21218.4
21597.0
22223.6
22247.1
22268.8
22325.5
