249.4
740.9
814.1
860.1
869.6
917.1
1164.4
1351.7
1392.9
1606.8
1747.2
1921.2
2130.1
2348.7
2775.3
3043.4
3316.5
3548.1
3573.9
4167.2
4285.6
4346.4
4372.7
4415.4
4548.6
4815.9
4933.8
5027.5
5122.4
5152.2
5928.3
6127.0
6270.7
6313.3
6316.8
6669.7
6689.4
6789.0
6843.1
7054.3
7087.7
7101.3
7198.9
7304.0
7331.4
7502.9
8436.2
8533.4
9093.4
9534.7
9649.1
9765.7
9918.9
10259.7
10346.1
10417.8
10947.3
11199.5
11530.8
12180.0
12255.6
12329.0
12814.3
12857.9
13005.5
13073.5
13295.8
13623.7
13761.4
13888.3
13915.2
14056.2
14309.6
14609.8
15115.0
15206.3
15252.0
15749.2
15868.7
16286.2
16312.5
16549.6
16644.8
17007.5
17693.3
18209.3
18386.3
19953.9
20360.0
20505.9
20573.5
21099.5
21240.8
21443.0
22030.8
22210.9
22247.1
22285.2
22602.0
22888.2
22958.2
