47.6
67.2
447.2
625.1
645.9
705.3
927.0
1069.4
1352.7
1362.9
1644.5
1848.5
1890.5
1927.1
2027.8
2055.0
2725.1
3132.0
3407.9
3575.9
4271.1
4528.6
4622.4
4815.6
5063.1
5261.3
5453.8
5530.5
5955.2
6050.4
6250.0
6421.8
6702.1
6830.9
6837.2
7126.5
7133.3
7471.0
7991.2
8524.0
8703.4
8757.8
9113.7
9204.2
9234.8
9298.5
9352.0
9573.0
9947.0
10243.4
10260.8
10290.6
10396.5
10554.2
10815.0
10924.9
11044.9
11097.8
11577.1
11632.2
12676.9
12775.0
12867.4
13021.8
13256.2
13558.5
13948.4
14277.2
14387.4
14429.6
14490.3
14647.1
14678.1
14737.4
14846.3
15391.8
15480.1
15656.6
15872.4
16139.3
16198.5
16439.2
16502.9
16561.6
16806.9
16876.6
17029.2
17076.7
17147.0
17195.8
17278.2
17536.2
17891.7
18174.2
18302.6
18389.2
18434.7
18550.1
18606.7
18801.4
18841.9
19636.9
19978.9
20166.2
20353.8
20699.1
21022.5
21124.3
21219.3
21283.0
21386.5
21388.7
21843.9
21873.6
21954.6
21981.0
22231.9
22378.4
22422.3
22460.6
22681.6
22854.7
22928.1
22966.5
