59.2
294.5
432.2
575.0
628.4
1152.0
1543.9
2060.3
2087.4
2317.4
2553.4
2750.0
2957.2
3305.4
3603.0
4061.1
4330.8
4851.1
4912.0
5224.6
5706.2
5738.0
5845.2
6063.5
6335.1
6411.2
6440.5
6504.8
6636.2
6654.4
6668.5
7078.5
7686.6
8022.6
8061.4
8078.5
8271.6
8633.1
8634.9
8806.4
9228.0
9418.6
9464.0
9637.0
9928.7
10011.1
10089.1
10125.2
10150.4
10624.9
11330.9
11386.6
11467.9
11837.6
11854.0
12223.3
12294.1
12303.2
12471.1
12523.6
12888.0
13276.2
13281.2
13468.7
13536.2
13625.6
13791.7
13924.6
14121.6
14391.7
14601.2
14772.3
15394.1
15588.5
15601.5
16213.2
16329.7
16392.2
16447.6
16722.9
17508.9
17602.1
17831.2
18154.7
18623.3
18912.6
19069.9
19227.9
19308.6
19761.0
20981.8
21170.0
21300.7
21532.8
21622.4
21945.8
22154.1
22229.3
22566.8
22799.5
