210.1
257.9
309.9
345.4
609.8
627.3
630.6
723.3
938.1
941.1
1481.3
1583.7
1915.8
2571.3
2708.1
2928.7
3142.6
3352.9
3582.6
4074.8
4323.8
4959.5
5064.6
5480.5
5694.0
5696.4
5786.8
5793.3
5898.4
6113.1
6417.9
6426.6
7492.4
7937.4
8323.8
8663.1
8949.6
9241.9
9409.8
9413.4
9425.1
9603.6
9765.8
9820.3
9823.2
10448.7
10534.2
10540.1
10642.5
10648.7
11117.0
11299.4
11324.0
11391.3
11526.9
11561.6
11563.2
11799.2
12045.2
12367.1
12511.2
12733.3
12926.5
13145.3
13250.9
14083.2
14206.1
14243.9
14760.9
15003.7
15215.6
15918.1
16032.4
16158.2
16380.4
16450.8
16746.1
16919.8
17383.1
17488.9
17751.6
17810.4
17856.8
18008.9
18973.2
19049.9
19346.3
19509.1
19937.0
20726.5
20794.6
21149.7
21387.0
21769.3
21799.5
22079.5
22535.6
22835.6
