176.1
561.4
880.1
1074.5
1375.3
1456.9
1733.0
2249.3
2316.8
2329.7
2997.9
3136.5
3734.3
3933.4
4131.6
4272.5
4811.2
4817.8
4897.2
4981.7
5343.1
5821.3
5891.8
6030.0
6504.1
7092.9
7215.5
7510.8
7636.8
7786.6
8004.8
8474.6
8582.1
8823.3
9187.8
9532.0
10200.9
10342.3
10772.3
10796.0
10988.9
11007.7
11203.4
11357.3
11556.4
11734.6
11895.4
11938.6
12085.8
12268.7
12320.2
12759.7
12884.5
13182.7
13428.8
13511.2
13677.0
13677.8
13690.1
13732.7
13771.4
13874.1
13892.8
13907.0
14068.7
14151.6
14329.0
14409.3
14423.7
14455.9
14653.2
14675.2
14690.3
14786.4
14934.4
14981.9
15403.2
15471.7
15635.7
15827.9
15912.7
16038.3
16204.2
17219.8
17324.5
17464.8
17572.4
18590.1
18684.4
18822.5
19072.6
19277.6
19343.1
19397.9
19430.6
19452.0
19613.3
19632.3
19678.6
19684.8
19779.6
19785.4
19804.7
20026.6
20097.8
20352.8
21557.0
21846.2
22175.8
22562.6
22816.5
