105.9
788.8
821.1
1190.2
1251.3
1405.8
1555.7
1697.3
2110.7
2207.9
2223.5
2748.1
2777.9
2853.7
2965.2
3302.7
3957.2
4151.4
4222.9
4403.0
4434.5
4445.2
4962.1
5004.6
5088.7
5562.7
5695.4
5770.9
5774.0
5956.2
6082.7
6095.5
6852.8
6926.9
7074.8
7501.4
7627.8
8080.7
8123.4
8236.7
8288.7
8957.4
9416.5
9563.7
9588.7
9847.8
9977.6
10104.5
10132.6
10349.9
10367.6
10392.1
10713.5
10893.2
11138.2
11842.9
12052.9
12463.4
12556.7
12576.1
12580.5
12870.2
13074.5
13196.0
13281.3
13359.8
13495.6
13701.2
13718.6
13736.4
14421.9
14504.4
15224.8
15376.5
15405.3
15856.2
16156.4
16353.6
16366.7
16629.6
16639.8
17105.6
17136.6
17186.5
17579.8
17792.3
17872.1
18068.9
18101.8
18196.2
18378.1
18397.1
18695.2
18773.8
19608.8
20347.5
20731.0
20746.4
20894.3
20937.1
21196.2
21315.8
21377.6
21641.8
21680.1
21745.3
21762.6
21822.3
21895.1
22071.4
22204.4
22243.4
22379.2
22450.6
22486.5
22720.2
22834.3
