274.5
372.0
416.7
554.6
598.4
1111.9
1113.6
1119.1
1264.4
1482.5
1825.9
1885.0
2185.0
2823.1
2963.3
3072.7
3399.7
3407.0
3419.6
3597.9
3722.2
3771.9
4419.6
4979.4
5331.0
5339.2
5396.2
5452.0
5744.4
6359.3
6497.6
6576.0
6599.6
6625.1
6823.8
7175.2
7768.0
8630.7
8726.5
8872.0
8897.3
9394.8
10192.0
10250.8
10467.9
10674.0
10837.5
11521.1
11794.4
12327.1
12343.8
12368.3
12596.9
12735.1
13213.0
13779.0
14070.0
14136.9
14420.3
14480.3
14490.7
14527.7
14593.0
14597.6
14870.1
15679.7
15994.8
16347.3
16685.4
16816.2
17243.7
17565.6
18331.8
18595.9
18622.2
18628.5
18690.9
18946.5
19165.7
19230.5
19252.3
19254.1
19414.9
19442.5
19470.0
19965.1
20417.9
20578.5
20770.8
21105.7
21430.5
21654.9
21770.5
21886.2
22170.5
22202.2
22631.7
22723.7
