495.1
559.8
771.7
801.8
859.9
1249.0
1385.4
2396.0
2422.2
2680.6
2914.5
3134.2
3164.0
3228.9
3235.5
3786.9
4059.2
4115.7
4656.9
4863.1
5334.6
5370.5
5385.6
5437.4
5611.1
5969.9
6088.7
6707.3
6759.9
6953.3
7231.3
7239.1
7529.5
7934.2
8548.6
8839.8
8880.3
8976.8
9187.3
9212.1
9215.5
9233.1
9656.7
9972.0
9990.4
10271.5
10313.5
10465.9
10715.3
10814.6
10969.7
11228.6
11534.8
11727.2
11938.1
12674.7
13105.3
13207.4
13314.0
13400.7
13440.5
13718.0
13839.0
13950.8
13977.1
14647.9
15163.5
15600.3
15977.0
16118.3
16171.0
16241.0
16728.8
16904.4
17341.6
17351.6
17618.3
17954.1
17987.7
18005.4
18616.1
18878.9
19269.6
19332.7
19690.3
19761.4
19769.0
19891.4
19894.0
19942.5
20665.2
20683.4
20805.2
20936.9
21251.2
21336.7
21546.2
21694.8
21928.5
22012.5
22456.0
22665.5
22717.6
22796.9
