304.0
674.7
730.4
1031.6
1900.3
1958.7
2459.4
2650.2
2712.0
2718.5
2839.2
2905.9
2909.9
3027.1
3375.0
3439.3
3702.8
3763.3
4322.0
4554.5
4784.0
5076.7
5207.4
5231.6
5302.3
5550.3
5583.1
6258.4
6258.6
6424.4
6665.3
6913.2
7135.5
7380.4
7520.0
7676.9
7952.1
8052.2
8105.8
8167.6
8826.9
8936.8
9056.6
9124.3
9177.6
9718.2
9921.9
10055.9
10176.5
10181.2
10311.3
10630.6
10687.9
11107.7
11763.6
12020.2
12360.2
12506.9
12661.1
13226.2
13355.2
13363.6
13369.0
13410.4
13785.7
14186.2
14713.3
14772.7
15881.9
16065.7
16295.7
16397.9
16425.1
17085.0
17428.1
17621.9
18103.3
18125.4
18165.3
18195.3
18306.6
18318.3
18681.5
18777.0
18790.2
18963.9
19077.8
19246.9
19734.5
19796.0
20267.5
20303.9
20445.3
20601.3
21217.9
21254.9
21311.9
21618.4
22181.2
22618.2
