336.5
492.4
800.6
1046.1
1153.4
1317.1
1391.7
1462.5
1791.1
1809.8
1914.0
2024.9
2167.4
2396.9
2556.0
3064.8
3363.9
3551.8
3817.8
3979.7
4154.9
4479.3
4488.3
5042.0
5188.1
5273.8
5410.1
5619.2
5771.5
5844.8
5879.2
6021.7
6026.6
6049.9
6138.4
6363.6
6449.3
6594.9
6691.7
7145.4
7358.8
7620.7
7912.7
8009.1
8061.0
8069.3
8398.3
8403.8
8566.7
8878.6
8994.6
9179.1
9193.5
9327.1
10116.3
10128.1
10324.0
10597.3
10688.6
10754.8
11001.2
11564.8
11602.5
11790.7
11826.6
12062.8
12382.1
12415.6
12684.2
12806.6
12899.0
13003.1
13669.2
13956.4
14059.3
14150.6
14341.4
14587.7
14666.5
15311.6
15363.4
15392.1
15420.7
15430.2
15585.0
15743.3
15820.3
15976.3
16048.3
16706.5
16839.1
16980.8
17163.5
17367.0
18125.2
18245.0
18401.5
18408.5
18779.8
18992.6
19163.2
19836.5
20013.1
20368.5
20452.3
20491.6
20560.7
21741.9
22274.5
22342.2
22474.3
22485.0
22547.1
22665.5
22698.4
