104.1
696.6
779.6
1067.8
1253.1
1356.8
1439.3
1468.2
1768.1
1827.3
1855.4
1873.9
2288.9
2391.6
2509.2
2570.3
3178.0
3372.9
3525.9
3701.2
3975.6
4287.8
4543.5
4569.7
4615.1
4698.0
4743.7
4863.7
4990.7
5086.0
5154.8
5346.2
5476.6
5478.4
5495.1
5806.5
5872.5
5931.8
5954.2
6236.6
6291.1
6293.7
6306.5
6512.1
6588.5
6865.6
7045.0
7336.4
7380.0
7417.9
7947.5
8233.3
8392.3
8721.4
8749.5
8822.8
9126.5
9172.4
9198.5
9363.5
9554.4
9851.4
9984.6
10038.8
10238.4
11048.6
11371.8
11445.9
11650.2
11653.6
11909.0
12165.5
12286.8
12538.8
12539.0
12568.4
12646.5
12757.2
12930.5
13341.5
13402.5
13405.9
13541.6
13639.7
13924.7
14036.7
14062.8
14485.0
14725.4
15707.6
15829.8
15901.0
15913.1
16041.1
16343.9
16506.5
16525.0
16751.8
16824.4
16920.4
16954.4
17067.6
17280.4
17318.4
17323.3
17631.3
18173.4
18443.8
18624.1
18881.7
19462.9
20037.5
20283.5
20737.6
21013.4
21059.5
21115.8
21339.9
21385.2
21492.5
21621.3
21771.3
22105.7
22140.1
22251.1
22269.2
22543.1
22713.7
