102.8
148.9
199.5
202.9
430.1
528.0
534.0
578.1
589.0
762.5
1105.6
1256.6
1613.5
1700.6
1899.0
1971.8
2253.4
2493.3
2758.1
3578.9
3579.1
3812.8
3988.5
4280.2
4341.7
4775.8
4803.1
4882.4
5351.5
5706.0
5723.4
5747.1
5787.9
6183.3
6389.0
6394.4
6702.0
7417.5
7495.7
7536.8
7582.9
7864.6
8025.5
8571.9
8988.2
9007.7
9532.8
9589.7
9820.0
10061.0
10067.8
10390.1
10494.6
10499.8
11034.6
11076.4
11162.6
11597.2
11606.3
11805.8
12034.7
12050.2
12088.0
12564.0
12680.9
12732.7
12834.0
12836.2
12894.9
13001.0
13080.0
13264.8
13483.7
13492.1
13570.7
13897.1
14228.1
14323.3
14587.2
14697.6
14984.2
15044.6
15093.6
15431.7
15821.4
16224.8
16394.3
16873.0
16919.8
17111.6
17625.1
17999.7
18400.4
18651.0
19220.3
19491.8
19527.2
19675.8
19791.2
19864.6
20282.8
20515.6
20576.9
20702.3
20906.5
21663.0
21799.5
21837.1
22345.8
22575.1
22582.4
22672.9
22794.0
