782.8
1027.9
1371.3
1593.9
1929.1
1986.7
2077.1
2081.9
2316.7
2383.4
2471.6
2661.9
2750.3
2767.5
2773.0
2906.7
2975.3
3397.2
3502.1
3605.4
3983.7
4130.9
4281.3
4411.8
4427.4
4970.3
5574.3
5600.8
5690.2
5825.5
6133.5
6515.7
6619.1
6620.3
7264.0
7403.3
7615.7
7914.3
8105.9
8255.1
8369.6
8446.6
8583.9
8749.2
9568.2
9754.8
9951.4
10265.4
10623.7
10915.6
11010.5
11183.3
11546.3
12099.5
12163.4
12249.0
12805.8
12826.0
12877.5
13430.6
13519.3
13539.6
14047.5
14114.5
14286.8
14791.1
14948.1
15028.5
15204.8
15276.9
15384.9
15390.6
15640.8
15733.9
15785.8
16103.0
16994.2
17000.0
17024.0
17510.0
17547.7
17768.9
18156.0
18198.8
18387.8
18673.2
18973.8
18990.9
19164.7
19232.9
19340.4
19631.9
19838.6
20147.4
20302.2
20373.6
20458.9
21062.4
21429.5
21793.5
22442.0
22451.2
22697.3
22879.0
22912.2
22920.7
22928.8
22958.2
