1133.2
1350.4
2134.3
2200.0
2709.1
3137.6
3319.1
3633.0
3965.0
4026.3
4053.2
4240.7
4301.0
4672.7
4726.2
4835.1
4870.2
4895.8
4971.2
5255.6
5264.6
5404.7
5421.5
5523.9
5675.2
5825.1
5828.4
5894.0
6088.4
6291.3
6383.9
6575.5
6621.2
6663.1
7059.6
7499.0
7829.2
8182.1
8195.6
8563.6
8921.0
9221.7
9630.3
9649.8
9656.6
9764.0
9922.2
9933.4
9981.7
10066.9
10212.4
10393.8
10546.7
10942.4
11052.5
11249.0
11297.1
11410.2
11760.9
11852.9
11900.5
11992.2
12224.9
13030.1
13347.3
13356.2
13590.9
13680.5
13982.6
14092.6
14097.9
14143.4
14207.3
14262.1
14276.5
14381.1
14588.3
14671.3
14821.3
15226.5
15305.5
15416.2
15464.7
16433.9
16537.2
16672.0
16768.4
16861.9
17792.4
17913.8
18037.7
18040.6
18165.1
18620.8
18898.0
19350.2
19354.3
19406.3
19769.4
19803.6
20082.5
20351.3
20983.4
21286.7
21441.8
21730.1
21759.2
21898.4
22274.5
22894.1
