93.4
139.2
175.6
419.2
567.4
592.0
756.8
918.6
1065.0
1378.6
1459.3
1544.1
1748.1
1890.4
1890.8
1975.2
2426.3
2512.7
2571.8
2731.8
3159.9
3320.9
3598.5
3614.3
3688.0
3708.0
3793.7
3869.7
4040.7
4113.5
4199.2
4355.2
4621.4
4746.8
5009.8
5065.1
5111.8
5217.6
5477.8
5877.4
6253.4
6359.1
6628.1
6631.6
6708.3
6882.6
7316.6
7443.2
7724.8
7763.0
7975.6
7991.1
8079.5
8198.2
8233.2
8482.7
8486.6
8730.0
8888.0
9076.4
9214.6
9973.2
10230.5
10241.5
10396.6
10457.4
10488.3
10506.3
10745.3
10802.0
10886.5
10968.9
11322.0
11489.1
11519.3
11524.1
11606.0
11782.9
12041.8
12132.9
12256.6
12655.5
12900.4
13827.6
13835.2
13991.2
14206.4
14311.6
14389.7
14525.2
14577.0
14652.8
14754.9
14817.9
14845.2
14950.7
14992.3
15098.0
15223.3
15517.2
16214.8
16317.5
16441.8
16878.7
17437.6
17948.7
18275.0
18376.5
18649.5
18854.3
18966.1
19000.5
19113.4
19407.1
19456.2
19481.0
19502.8
19891.2
19946.1
20259.8
20499.0
20566.8
20946.0
21792.8
22101.5
22103.1
22174.0
22310.5
22514.2
22852.0
22901.4
