123.4
180.3
345.2
375.0
573.5
1223.0
1390.9
1575.6
1683.1
2099.9
2129.4
2138.6
2237.9
2248.6
2654.5
3070.8
3079.0
3106.1
3120.9
3160.0
3284.9
3410.4
3611.7
3951.5
3985.0
4025.8
4086.8
4683.7
4783.7
4981.1
5116.5
5675.8
6028.0
6200.3
6202.2
6365.2
6406.1
6560.4
6750.7
7222.5
7584.8
7601.7
7605.7
7625.8
7825.9
7893.0
7913.6
7930.9
8199.6
8515.5
8540.4
8766.9
9575.5
9928.1
10175.0
10691.3
10869.4
10998.7
11248.0
11680.5
11997.3
12706.7
12835.1
13378.5
13460.4
13499.8
13607.1
13745.0
13873.0
14394.7
14468.2
14481.8
14571.6
15270.5
15335.5
16933.1
16946.4
17209.9
17802.5
17885.5
18035.6
18250.5
19130.8
19422.5
19459.4
19558.8
19739.4
20234.3
21008.6
21187.1
21489.9
21705.5
22447.6
22645.0
22799.6
22928.7
