73.8
140.7
159.6
370.6
615.1
702.5
722.2
843.4
845.4
1018.7
1524.5
1710.2
1923.4
2011.5
2238.9
2631.3
2837.1
2937.7
3332.4
3432.4
3674.8
4028.4
4724.4
4899.0
5487.6
5495.1
5637.3
5738.8
5808.8
6088.5
6189.1
6280.9
6646.6
6883.3
6994.4
7133.3
7288.1
7309.0
7318.8
7378.7
7574.2
7700.9
7945.4
7974.8
8126.9
8217.1
8240.6
8252.4
8290.0
8466.6
8736.9
8818.7
9611.6
9679.4
9689.2
10031.5
10128.7
10155.5
10282.3
11097.8
11235.9
11310.8
11392.7
11728.8
12200.8
12533.7
12583.6
12655.2
13118.3
13455.6
13582.3
13650.9
13933.6
13938.1
14309.2
14337.4
14539.0
14576.7
14969.8
15290.3
15532.3
15856.4
16182.3
16292.4
16508.2
16872.8
17531.7
17536.1
17643.0
18020.5
18197.0
18291.4
18497.5
18634.9
18660.3
18747.3
18747.6
19257.6
19375.6
19469.8
19687.1
19713.8
19884.8
20035.8
20303.4
20388.1
20412.8
20583.6
20605.9
20655.2
20794.8
20801.6
21397.8
21410.0
21414.6
21528.0
21667.2
21749.0
21784.2
22732.1
22849.2
