103.1
112.1
152.1
653.0
661.1
1234.3
1395.8
1535.2
1785.4
1844.3
1872.6
1945.0
1992.3
2307.4
2311.9
2639.8
3573.3
3684.4
4042.0
4191.8
4238.2
4291.0
4563.8
4611.5
5428.7
5884.9
6036.1
6127.5
6602.5
6863.8
7344.8
7715.3
7886.9
8355.4
8822.8
8861.9
8914.9
9117.7
9304.0
9370.9
9530.2
9653.3
9662.8
9671.7
9973.4
10046.0
10238.8
10292.4
10527.4
10575.7
10597.0
11183.1
11756.4
12050.6
12176.6
12205.2
12366.6
12928.0
12937.5
12963.6
13049.1
13331.2
13377.7
13504.4
13722.1
13804.4
13908.2
14078.2
14260.4
14398.9
14766.1
14879.3
14904.1
15147.6
15263.2
15684.1
16087.7
16096.7
16103.0
16426.1
16757.8
16842.9
16899.7
17003.9
17168.7
17347.4
17417.8
18142.8
18457.6
18496.0
18508.3
18902.3
18922.6
19149.7
19172.9
19216.0
19285.2
19347.3
19422.1
19580.8
19804.9
19958.8
20120.5
20765.4
20981.6
21009.1
21425.5
21875.4
22357.3
22403.6
22543.8
22771.9
