218.2
381.9
586.7
844.2
1546.9
1667.8
2116.1
2198.1
2212.0
2250.2
2349.9
2530.0
2760.8
3444.4
3590.8
3947.4
4641.9
4893.2
4902.8
4914.3
5141.8
5265.6
5457.1
5481.2
5729.1
5756.3
6291.3
6373.4
6396.7
6456.3
6780.4
6878.5
7375.5
7389.7
7571.2
7834.2
7917.0
8182.0
8416.3
8703.5
8707.3
8723.4
8845.8
8922.6
8990.6
9137.7
9315.4
9342.3
9615.4
9639.4
9728.9
9747.8
9937.8
9981.8
10072.3
10081.2
10259.3
10491.6
10589.7
10947.0
11176.4
11252.2
11894.5
12031.0
12390.4
12679.9
12777.4
13655.6
13877.5
14100.7
14111.4
14154.7
14835.9
14880.9
15328.3
15335.3
15598.5
15648.6
15667.1
15988.3
16005.2
16623.4
16669.9
16889.7
16983.8
17299.2
17372.9
17536.1
17764.5
17923.4
18529.0
18948.4
19039.3
19597.8
20159.5
20235.0
20428.5
20522.6
20600.2
20613.6
21093.8
21255.7
21288.4
21343.1
21538.0
21571.1
22189.6
22236.2
