338.9
749.5
965.2
1255.2
1290.0
1324.2
1341.2
1464.5
1774.6
2050.6
2200.2
2318.2
2341.2
2628.0
2767.2
3076.6
3368.1
3405.4
4008.9
4772.1
4850.7
4936.5
5001.8
5288.4
5490.1
5896.0
6078.1
6363.0
6363.7
6382.1
6888.7
6893.2
7165.6
7201.9
7336.4
7421.6
7590.0
7773.9
7973.0
8414.0
8417.8
8965.0
9011.0
9056.6
9134.4
9322.4
9474.8
9675.6
9768.5
10723.2
10939.3
11326.7
11362.7
11427.4
11543.0
11682.2
11733.3
11756.3
11961.4
12280.8
12355.8
12441.7
12479.2
12502.9
12671.4
13021.8
13336.7
14206.3
14403.2
14643.7
14686.2
14916.2
15095.5
15326.8
15696.6
15835.2
16091.5
16226.2
16332.2
16472.3
16517.6
16786.6
17386.6
17389.8
17451.6
17519.9
17637.8
17824.7
17906.9
17921.3
18076.1
18127.5
18167.8
18398.1
18572.2
18678.3
19528.9
19616.5
19815.1
20131.3
20165.6
20214.7
20362.1
20707.9
20714.1
20740.8
21282.3
21388.1
21782.2
21794.3
22137.8
22352.2
22390.6
22479.4
22596.1
22646.9
22657.0
