5.9
123.2
310.6
693.1
708.0
836.2
929.5
1255.5
1477.8
1608.4
1760.0
1999.0
2236.5
2751.2
2852.5
3214.8
3305.4
3327.3
3526.1
3958.2
4308.5
4346.3
4544.6
4928.2
5134.1
5177.3
5232.4
5322.7
5417.6
5694.9
5945.7
6630.6
6746.1
6859.2
7366.0
7525.6
7753.9
7945.7
8349.7
8350.7
8395.1
8822.5
8878.5
8881.5
9005.4
9202.1
9218.8
9284.2
9311.4
9341.0
9537.7
9709.5
9712.1
10089.1
10195.0
10309.2
10381.2
10460.1
10479.5
10506.9
10788.8
10806.6
10965.0
11241.2
11310.6
11973.5
12444.2
12523.4
13022.6
13049.4
13207.7
13291.7
13343.9
13558.2
14360.5
14384.2
14663.3
14803.0
14938.2
15084.0
15093.8
15320.9
15611.4
15972.3
16607.0
16669.8
17283.5
17576.7
17699.9
17918.8
18171.6
18328.0
18368.8
18429.2
18658.6
18828.0
18930.9
19517.1
19704.5
19761.3
19986.2
20020.2
20521.3
20650.4
20665.7
20773.6
21209.5
21495.4
21515.8
21517.8
21637.7
21703.2
21784.4
21829.0
21852.6
21883.8
22297.6
22409.6
22433.7
22481.9
22519.4
