66.7
380.4
757.3
914.3
1486.4
1961.8
2119.8
2131.1
2134.7
2258.3
2301.1
2576.5
2597.0
2606.8
2732.0
2785.6
2927.2
2969.3
3176.7
3315.8
3912.3
3965.4
4686.2
5030.7
5091.2
5133.7
5249.1
5362.0
5472.6
5538.5
5574.4
5679.8
5775.1
5883.8
6069.4
6282.6
6307.1
6337.8
6405.5
6778.2
7024.0
7174.1
7191.5
7282.1
7621.7
7671.1
8360.5
8555.0
8613.6
8830.9
8937.1
9135.6
9193.4
9233.7
9611.4
9719.8
9802.8
9941.2
10041.7
10102.7
10275.6
10815.3
11432.6
11442.2
11450.6
11715.2
11900.4
11987.5
12017.9
12322.5
12707.9
12719.3
12828.4
13272.2
13489.5
13532.9
13687.1
13801.9
14024.2
14082.4
14307.8
14570.5
14574.7
14594.2
14761.8
14879.3
14912.2
15195.4
15383.7
15502.8
15683.8
15943.5
16606.9
17010.3
17234.7
17315.4
17637.8
17884.1
17981.3
18034.1
18138.5
18636.6
18820.7
18915.2
19037.8
19091.3
19287.1
19819.1
19863.2
20157.2
20249.0
20387.7
20435.3
20649.9
20686.3
20744.7
20898.4
20918.2
21207.0
21271.2
21763.4
21795.5
21928.6
21997.2
22159.6
22354.4
22363.7
22602.2
