292.8
514.6
572.2
652.2
952.9
1158.8
1538.4
1920.2
2201.5
2833.2
3027.5
3401.8
3480.7
3568.6
3998.2
4095.6
4404.7
4479.0
4602.7
4896.8
5382.4
5433.7
5955.6
6237.7
6267.4
7036.1
7389.0
8497.9
8639.5
8882.9
8979.5
9440.3
9810.2
9819.6
10447.0
10779.9
10891.0
11089.3
11272.3
11668.6
11930.2
12057.1
12251.9
12307.3
12367.4
12412.8
12513.5
12614.8
12708.3
13137.6
13240.0
13306.8
13786.3
13787.4
13822.0
13823.8
15396.9
15521.9
15602.4
15628.4
15664.4
15944.0
16222.1
16443.6
16582.2
16752.0
16918.3
17100.7
17320.5
17477.7
17960.9
18660.6
18665.5
19342.9
19467.4
19492.9
19841.7
19905.8
19906.5
20014.6
20088.6
20304.3
20519.2
20554.3
20591.1
21509.5
21727.0
21993.0
22156.4
22738.9
