117.9
200.1
258.1
280.2
647.7
795.9
854.0
997.0
1043.9
1064.7
1098.9
1262.8
1342.3
1366.2
1461.2
2121.8
2455.0
2504.6
2530.8
2576.3
3436.8
3762.9
3962.6
4011.2
4374.9
4659.1
4838.0
5571.3
5781.2
5908.7
6307.5
6345.3
6939.6
7135.8
7409.7
8281.9
8651.6
9178.0
9299.4
9334.7
9757.7
9876.2
9957.7
10255.8
10256.5
10291.5
10299.5
10430.4
10820.0
11431.4
11654.4
11661.1
11846.0
11953.1
12571.6
12584.2
12744.7
13056.5
13348.6
13757.5
14059.2
14544.1
14683.4
14841.9
14961.8
14979.6
15010.6
15416.5
15518.9
15544.9
15705.2
15743.1
15875.1
16299.2
16370.8
16425.0
17166.6
17506.9
17524.3
17652.1
17677.9
17864.1
18045.4
18118.0
18134.3
18190.1
18261.7
18347.2
18371.7
18425.4
19201.8
19249.2
19499.3
19739.6
19890.6
20244.8
20308.3
20536.6
21184.7
21381.1
21407.5
21495.9
21918.3
21964.4
22466.6
22525.9
22700.8
