50.6
219.4
280.7
466.0
694.5
978.6
979.4
985.4
1776.2
1782.0
2084.2
2415.3
3089.5
3300.3
3366.8
3471.2
3477.8
3551.9
3808.7
3947.8
4063.9
4559.4
4879.9
5175.0
5264.8
5588.0
5646.4
5949.7
6127.9
6283.8
6588.3
6604.0
6868.8
7067.9
7133.5
7162.3
7336.5
7806.3
8024.1
8047.7
8091.2
8123.6
8399.9
8433.2
8583.9
8952.8
9173.5
9389.2
9444.8
10044.3
10263.3
10518.3
10646.8
10657.0
10784.4
11012.4
11015.0
11053.2
11574.4
11600.0
11609.8
11692.6
12006.3
12140.8
12222.9
12411.7
12630.2
12696.9
12975.3
13146.2
13546.1
13797.4
13807.9
14269.7
14301.8
14843.5
15017.8
15100.5
15482.2
15579.7
16018.1
16700.8
16940.7
16966.7
16978.4
16981.7
17358.0
17421.8
17813.7
18063.8
18395.8
18672.5
18689.1
18959.5
19101.2
19225.6
19684.1
20078.0
20135.3
20404.0
20710.0
21057.4
21404.6
21564.5
21883.0
21924.0
21954.0
22068.4
22211.5
22325.8
22565.9
