152.3
632.0
730.0
1058.4
1186.7
1236.8
1409.6
1682.3
1806.3
1862.0
2016.4
2121.9
2247.9
2269.5
2327.8
2891.9
3023.4
3099.6
3187.1
3211.5
3458.2
3688.8
3852.9
3902.0
4830.2
5302.7
5394.5
5584.7
5893.4
6039.4
6256.3
6613.9
6938.7
7215.4
7273.0
7302.8
7334.0
7349.7
7478.1
7651.1
8027.2
8450.1
8506.4
8617.5
8666.9
9577.9
10238.6
10682.7
10802.3
10806.0
10991.1
11219.0
12033.2
12051.8
12255.5
12276.2
12336.7
12407.7
12674.8
12705.4
12944.9
13196.8
13677.7
13683.3
13783.0
14139.4
14302.1
14333.3
14379.9
14578.8
14752.3
15196.5
15589.8
15601.7
15703.3
15873.0
15901.0
16463.1
16848.3
17086.4
17307.0
17327.0
17485.2
17506.5
17529.6
17691.3
17774.9
17786.5
17982.0
18478.4
18663.8
18731.4
18771.4
18838.3
18877.8
18895.1
19351.9
19418.3
19858.5
19886.0
20036.4
20474.9
20618.7
20763.3
21099.7
21189.8
21214.7
21455.0
21478.5
21944.7
21986.7
22917.0
