420.9
578.7
930.7
1032.2
1168.4
1586.8
1817.4
2122.8
2143.1
2199.9
2395.6
3177.2
3269.1
3318.0
3370.6
3433.6
3928.3
3932.0
4350.1
4435.9
4442.7
4702.8
4911.1
5221.7
5270.2
5582.7
6050.6
6170.3
6397.4
7014.5
7363.0
7431.7
7516.6
7632.0
7651.5
7733.0
7925.6
8293.9
8903.6
9087.1
9472.3
9972.4
10020.6
10108.3
10437.5
10464.8
10716.2
10736.8
10852.9
10912.5
11940.5
12211.0
12273.7
12574.0
12912.9
12941.8
13046.5
13153.0
13340.1
13562.3
13886.1
14209.9
14389.3
14855.1
15042.0
15143.3
15176.9
15210.5
15446.1
15658.9
15760.8
15778.3
15923.0
16007.1
16173.1
16497.8
16536.3
16563.9
16746.3
16789.9
16843.1
16846.9
16853.2
16932.7
16974.1
17071.6
17141.7
18038.5
18072.2
18082.2
18333.2
18337.5
18795.1
18903.6
19114.6
19156.2
19334.9
19448.4
19508.6
19555.8
19844.6
19887.9
19980.4
20033.7
20389.1
20605.3
21220.3
22154.6
22178.4
22254.9
22527.3
22694.4
22817.3
