198.4
246.0
510.0
814.3
887.5
1070.0
1320.8
1325.7
1394.4
1487.2
1521.2
1554.3
1719.8
1839.5
1954.9
2544.8
2596.8
2787.2
2843.1
3133.5
3520.9
3521.6
4083.6
4361.4
4622.2
4654.5
4854.0
4991.8
5582.0
5804.3
5918.8
6013.0
6449.5
6531.7
6655.4
7548.9
7689.7
7791.3
7824.7
8135.5
8417.2
8609.3
8760.0
8910.3
9180.5
9271.1
9557.7
9996.7
10203.7
10422.8
10441.8
10514.7
10560.3
10717.5
10772.0
11024.9
11032.1
11940.5
12050.9
12403.9
12481.3
12767.4
13024.5
13507.7
13717.1
13727.9
13849.5
14025.8
14031.5
14210.4
14306.1
14343.5
14366.9
14478.8
14551.5
14835.0
14952.8
15153.3
15299.9
15425.0
15580.0
15619.7
15670.7
16038.0
16243.7
16400.1
16453.6
16489.5
17064.7
17140.7
17265.5
17417.0
17735.2
17808.9
18149.2
18274.3
18462.1
18542.1
18596.8
18943.8
19383.3
19420.7
19535.5
19581.5
19926.1
20065.8
20070.1
20505.6
20765.3
20832.4
20954.3
21189.9
21211.4
21560.6
21700.8
21761.9
21939.1
22023.3
22225.1
22282.8
22332.0
22449.8
22612.8
