66.9
100.1
247.5
449.1
652.1
810.7
1280.4
1365.6
1806.3
1840.3
2179.0
3038.6
3054.6
3089.1
3246.2
3275.3
3333.9
3467.8
3904.4
3980.6
4132.9
4207.3
4394.5
4534.0
4888.2
4950.5
5541.5
5638.1
5809.1
6214.6
6359.6
6474.0
6792.3
6926.1
7632.3
7845.9
8008.3
8267.8
8355.0
8439.1
8584.9
9262.7
9285.4
9653.0
9740.2
9905.8
10169.9
10482.3
10549.1
10693.3
11091.8
11274.9
11321.3
11511.5
11645.5
11826.1
12002.5
12471.5
12569.4
12701.3
12880.6
13359.0
13445.6
13832.6
14144.4
14372.3
14566.4
15093.0
15231.4
15289.8
15308.5
15407.3
15493.0
15687.2
15760.8
15871.7
16602.0
17136.8
17167.8
17336.4
17904.0
18341.9
18356.2
18375.4
18852.3
19085.8
19135.8
19157.8
19184.6
19334.0
19548.3
20110.0
20157.7
20515.1
20560.7
20579.2
20703.0
20976.5
21086.1
21229.6
21399.8
21481.4
22303.5
22365.8
22478.5
22937.1
22944.3
