65.0
108.2
376.1
470.0
629.5
772.2
874.4
1286.7
1655.0
1924.7
2519.8
2677.2
2864.6
2993.1
3207.8
3210.4
3321.9
3851.4
4019.1
4101.8
4233.1
4731.8
4739.8
4834.5
5063.6
5100.2
5171.0
5247.5
5510.9
5721.3
6255.9
6978.7
7055.3
7223.1
7312.0
7697.1
7697.5
7824.1
8370.9
8693.8
8694.9
9328.3
9354.4
9925.5
10003.7
10102.6
10157.8
10195.6
11038.7
11186.3
11350.2
11419.3
11848.4
12198.3
12387.3
12485.1
12679.4
12708.9
13094.1
13116.0
13244.5
13555.6
13678.8
13774.9
13830.9
14103.5
14393.7
14646.9
14705.6
14933.6
15464.9
15502.6
15583.4
15668.7
15896.1
16434.9
16470.1
16512.5
16557.0
16906.0
17321.7
17405.3
17447.2
17472.1
17822.1
18095.8
18099.2
18105.8
18303.1
18739.1
18797.4
19137.8
19177.7
19244.5
19607.0
20582.0
20647.3
20814.4
20916.4
21080.9
21107.1
21316.1
21497.1
21607.5
21722.8
21753.9
21834.3
22480.8
22551.9
22659.7
22803.0
22901.9
