13.9
194.3
417.2
481.3
1683.9
2009.3
2328.5
2449.5
2477.3
2543.4
2574.6
2632.0
2928.6
2943.2
2978.8
3053.3
3310.0
3352.2
3378.1
3452.0
4074.4
4211.7
4242.7
4264.9
4453.4
4715.2
4849.7
4872.8
4953.8
5066.5
5127.9
6044.6
6116.4
6331.2
6441.2
6604.8
6621.6
7084.0
7127.1
7411.7
7463.6
7585.0
8081.8
8358.6
8605.2
8769.9
8825.7
8911.4
9921.7
10125.3
10536.5
11071.7
11104.7
11156.4
11239.5
11349.2
11370.7
11780.3
12265.0
12333.3
12722.9
12934.4
13301.3
13364.7
14081.3
14269.5
14380.5
14454.0
14730.0
14879.7
14934.3
15568.8
15782.6
15806.1
15907.8
15968.4
16136.4
16174.1
17071.8
17090.4
17201.9
17425.3
17606.0
18012.6
18043.4
18069.5
18144.1
18371.0
19372.9
19478.6
19543.3
19583.5
20483.4
20644.7
21014.2
21192.4
21635.4
21732.6
22157.2
22247.4
22440.0
22491.7
22627.1
22628.4
22647.7
22705.6
22722.7
22763.9
22794.0
