232.5
445.0
581.6
680.2
1020.2
1661.9
1772.2
1916.1
1917.7
2083.1
2101.9
2355.2
2660.1
2789.2
3052.9
3085.0
3166.9
3466.5
3496.5
3727.2
3957.8
4031.7
4145.6
4179.3
4445.9
4737.2
5044.9
5426.6
5497.9
5557.0
6378.8
6591.2
6679.6
7372.4
7650.1
7876.0
8033.2
9048.7
9475.7
9478.9
9560.5
9638.6
9868.6
9925.1
10059.3
11309.9
11503.0
11974.4
12036.2
12182.7
12210.8
12538.3
13191.9
13331.9
13380.2
13640.1
13671.0
13886.6
13941.0
14100.1
14145.9
14298.2
14410.5
14671.6
14771.8
14807.9
14932.1
14980.7
15011.3
15083.5
15595.8
16266.0
16473.1
17472.0
17859.6
17988.2
18244.1
18355.4
18557.9
18981.2
18990.0
19084.2
19120.9
19183.1
19384.3
19417.8
19471.8
19621.8
20045.3
20609.2
20990.2
21112.0
21593.4
21603.6
21620.8
22012.8
22038.9
22058.2
22098.0
22201.4
22249.8
22434.4
22502.6
22703.4
22763.6
22793.9
22892.6
