83.7
114.9
184.7
347.5
565.1
1444.8
1763.3
1804.9
2126.6
2387.0
2515.7
2778.2
2821.0
3101.1
3184.7
3283.0
3591.7
3594.6
3985.5
4029.1
4546.4
4969.1
4978.3
5026.7
5613.9
5920.2
6009.3
6138.3
6287.3
6361.9
6833.1
7119.9
7414.8
7501.4
7574.9
7672.6
8296.0
8311.8
8353.9
8508.2
8828.0
9107.2
9136.9
9213.9
9405.4
9810.2
9865.2
9933.1
10230.1
10263.6
10314.1
10434.7
10537.4
10697.2
11049.7
11052.9
11457.9
11502.1
11698.0
11882.6
12137.6
12157.7
12211.7
12447.4
12536.9
12689.6
12967.1
12987.3
13347.1
13469.9
13686.6
14289.6
14497.1
14767.4
15014.9
15020.1
15738.4
15780.8
16229.8
16274.4
16298.5
16309.0
16412.9
16844.7
16996.2
17037.5
17152.9
17197.2
17299.7
17366.7
17532.7
17636.5
17694.7
17777.6
17843.6
17994.0
17995.2
18069.2
18149.8
18661.6
18682.9
18735.7
18783.6
19172.0
19947.2
20322.0
20451.8
20621.3
20820.2
21071.0
21180.0
21207.5
21403.3
21491.0
22009.0
22208.4
22325.3
22630.8
