391.8
414.1
983.9
1084.6
1298.7
1673.8
1725.9
2167.3
2341.2
2351.7
2553.8
2643.9
2734.9
2764.3
3236.1
3333.0
3454.1
3820.4
3929.9
4312.5
4452.3
4524.1
4605.4
4749.5
4822.3
5066.8
5200.0
5360.3
5925.1
6081.4
6250.1
6291.3
6426.9
6903.1
7135.5
7500.1
7643.0
8711.0
9038.3
9084.6
9763.9
9785.2
9850.5
9949.0
10671.6
11226.9
11494.2
11503.0
11755.1
11909.1
12362.0
12912.1
13076.9
13145.0
13253.5
13447.0
13722.6
14487.9
15168.4
15316.3
16171.4
16402.5
16545.0
16687.5
16733.4
16752.2
16960.4
17013.5
17035.0
17055.2
17346.9
17554.4
19200.6
19321.8
19345.1
19564.4
19744.0
19983.4
20448.6
20466.8
20968.0
20974.5
21008.6
21058.7
21383.5
22052.6
