164.5
413.8
438.1
847.1
972.2
1074.9
1140.1
1630.5
2027.1
2298.8
2320.9
2441.6
2530.7
2827.7
2935.5
2950.2
3151.4
3439.8
3471.9
3710.1
4245.3
4348.5
4898.7
4948.8
4989.0
5807.5
5898.7
6056.7
6187.3
6645.0
6749.4
6863.0
6899.9
7221.3
7657.8
7724.4
7762.8
7833.6
7979.1
8045.6
8075.8
8117.9
8124.8
8255.2
8775.7
8973.0
9335.1
9621.3
9777.4
9800.5
9993.5
10141.2
10261.7
10412.4
10429.8
10591.8
10711.5
11078.9
11110.8
11164.3
11191.9
11464.2
11530.3
12076.9
12167.2
12322.9
12350.3
12637.4
12652.9
12945.8
13129.6
13357.1
13458.8
13798.5
13973.2
14023.1
14034.3
14193.3
14486.5
15486.0
15661.0
16231.1
16251.5
16333.4
17384.2
17471.5
17628.6
17685.2
18072.5
18252.3
18542.0
18561.0
18643.3
18709.6
18894.4
19057.9
19275.3
19418.4
19538.2
19662.5
19752.2
19841.8
20008.6
20444.4
20576.9
20581.1
20956.7
21196.3
21604.3
21746.5
21782.4
21818.7
22114.3
22282.3
22656.6
22707.9
22764.0
