233.9
372.5
826.7
1196.4
1340.4
1372.9
1462.7
1657.4
1730.5
1761.8
1929.0
2483.0
2606.9
2721.5
3020.5
3065.3
3071.1
3226.3
3296.5
3324.5
3368.2
3492.9
3545.1
3586.8
3767.9
3877.6
3967.7
4020.1
4097.2
4118.0
4219.4
4603.1
5924.4
6090.1
6113.0
6445.4
6451.6
6661.9
6855.3
7121.0
7332.5
7541.4
7546.3
8047.0
8802.7
8943.8
9380.7
9728.9
9817.5
10145.1
10419.9
10788.7
10816.3
11232.2
11234.8
11430.8
11679.9
11701.5
11797.2
11809.8
11810.5
12121.8
12138.3
12728.2
13099.5
13555.0
13616.4
13847.0
13848.9
13904.3
14313.9
14938.9
15000.3
15079.5
15194.9
15316.0
15392.6
15589.4
15630.8
15980.0
16058.5
16922.3
17048.1
17744.5
17768.3
17992.7
18000.5
18542.8
18660.8
18731.2
18835.4
18850.5
18883.6
19641.3
20081.7
20277.3
20408.8
20707.8
20776.3
20785.7
21302.6
21661.3
21927.2
22492.2
22502.5
22687.2
22691.4
22792.7
22930.4
