152.6
451.1
733.9
884.5
932.3
1029.3
1098.0
1182.9
1303.4
1310.3
1618.8
1663.2
2094.1
2163.4
2187.2
2189.7
2738.3
2873.1
2989.2
3008.7
3072.6
3080.7
3114.4
3291.1
3391.5
3407.9
3654.8
3899.7
4022.1
4032.8
4123.1
4467.1
4800.6
5117.1
5382.8
5411.1
5422.8
5512.7
5622.2
5977.4
6030.6
6120.3
6293.1
6333.4
6398.2
6495.3
6591.4
6676.2
6688.7
6880.5
6899.3
6927.9
7020.2
7277.8
7337.9
7390.5
7429.0
8279.7
8394.8
8608.4
8677.1
8720.8
8803.1
9460.9
9522.9
9611.4
9876.3
9897.4
10028.5
10086.8
10150.1
10152.5
10227.7
10341.7
10343.5
10991.2
11043.2
11110.3
11296.7
11676.9
11686.6
12037.8
12066.2
12173.5
12488.4
12953.4
13150.8
14158.7
14746.4
14882.5
15488.4
15675.4
16220.5
16266.4
16655.4
16834.5
16932.6
17080.6
17309.7
17672.3
17857.6
18479.4
18539.5
18551.5
18599.7
18707.2
18726.7
18798.2
18835.5
18878.8
18991.7
19178.6
19627.1
19815.4
20003.7
20550.3
20829.5
21428.4
21680.4
21698.4
21870.0
22018.4
22022.4
22066.9
22074.2
22347.7
22525.3
22624.0
22676.7
22718.6
22815.6
