470.0
789.9
840.9
1028.1
1619.7
1622.3
1655.7
1734.1
2145.7
2393.4
2484.6
3573.1
3679.0
3926.5
4011.1
4138.9
4357.4
4357.9
4520.5
4562.7
5136.6
6059.0
6419.1
6473.0
6847.6
7003.7
7353.8
7705.2
8086.1
8231.3
8530.1
9007.8
9077.3
9146.6
9279.8
9290.2
9562.5
9622.5
9991.0
10061.4
10208.6
10394.5
10585.0
10676.9
10918.1
11334.1
11728.2
11736.0
11859.6
11885.7
12014.8
12084.5
12091.5
12116.2
12443.0
12655.2
13151.2
13389.2
13548.6
13649.9
13731.3
14263.8
14734.5
14934.4
15082.9
15743.9
15859.5
16146.0
16149.6
16472.0
16764.9
16806.8
16815.9
16870.6
17084.9
17497.9
17634.3
18229.3
18698.3
18712.1
18736.7
18920.4
18996.9
19179.1
19490.9
20181.0
20343.9
20845.2
20871.1
21031.0
21183.1
21260.5
21331.9
21349.4
21604.5
21836.7
22206.2
22620.2
22646.1
22914.4
