141.4
174.0
357.8
530.0
629.4
909.3
1085.0
1433.8
1866.9
2015.6
2128.4
2437.1
2843.1
2993.4
3058.7
3317.8
3570.1
3654.2
3821.0
3971.3
4073.7
4296.5
4640.0
5000.5
5003.0
5717.2
5808.8
5963.3
6352.3
6682.5
7025.3
7220.0
7480.5
7684.2
8085.9
8230.0
8749.0
8909.4
9223.3
9247.8
9937.0
9986.8
10243.7
10287.5
10379.1
10471.4
10478.4
10621.5
10749.2
11042.6
11157.7
11451.6
11753.1
11938.1
12082.5
12161.7
13174.5
13297.9
13467.4
13497.0
13523.4
13524.9
13689.5
13731.0
13783.1
13944.7
14042.4
14741.6
14897.2
14998.7
15057.3
15078.3
15164.6
15181.5
15640.0
15641.4
15750.5
16205.4
16256.6
16375.7
16518.7
16682.3
16706.9
16742.9
16860.8
17051.1
17065.5
17100.4
17160.2
17318.4
17858.9
18190.1
18307.8
18324.9
18695.4
19026.8
19143.6
19153.1
19182.0
19647.2
19809.4
19817.6
19980.6
20105.0
20207.7
20230.1
20669.5
21025.4
21167.3
21337.7
21693.6
22759.5
