129.3
169.6
218.9
332.5
605.4
617.4
861.6
1041.6
1136.2
1195.0
1211.2
1262.5
1558.4
1663.5
2137.1
2320.2
2441.9
2613.2
2647.3
2773.7
2862.4
2963.7
3004.6
3091.0
3235.2
3336.0
3777.6
4135.6
4172.5
4277.7
4557.1
4702.9
4710.4
5183.3
5203.7
5205.7
5390.5
5982.9
6029.2
6451.9
6496.9
6669.0
6673.6
7209.3
7506.5
8010.7
8330.7
8469.9
8499.6
8634.9
8833.8
9141.4
9314.8
9615.3
9793.8
10672.1
10933.9
11089.2
11436.6
11907.5
12120.3
12355.8
12434.6
12952.6
13432.1
13476.1
13610.7
13855.7
14028.2
14097.7
14269.6
14314.0
14377.2
14407.4
14521.4
14682.7
15287.8
15596.8
15607.1
15956.1
16264.4
16382.3
16602.4
16807.1
16809.5
17025.0
17198.2
17276.8
17341.2
17469.4
17891.5
18206.0
18337.6
18643.5
18758.4
18776.1
18906.5
18923.4
19000.6
19107.5
19504.2
19877.4
20033.4
20141.0
20389.8
20459.7
20626.1
20692.0
21002.3
21261.4
21413.6
21796.4
21812.6
21940.1
21959.0
22021.1
22093.6
22134.2
22412.1
22552.2
22655.6
22785.6
22922.5
22957.4
