267.6
303.4
999.6
1017.9
1089.5
1203.4
1501.5
1752.8
1768.3
2136.9
2175.5
2441.4
2600.8
2705.3
2820.2
2990.7
3267.3
3394.6
3985.8
4014.5
4112.1
4513.0
4562.4
4833.0
4833.7
5022.5
5063.1
5453.0
5678.1
5990.7
6055.3
6396.1
6572.4
6589.2
6745.5
7078.5
7318.2
7509.7
7614.1
7723.3
7944.2
8005.6
8527.0
8978.3
9007.3
9246.4
9340.3
9537.5
9690.8
9992.4
10041.9
10311.1
10476.1
10706.2
10765.8
10889.4
11178.0
11193.0
11360.5
11575.2
11898.9
12063.4
12365.4
12618.1
12651.9
12903.7
13004.0
13148.0
13645.3
13647.7
13680.1
13701.1
14011.5
14603.5
14663.4
14775.6
15316.6
15385.8
15620.8
15898.1
16075.3
16487.6
16610.0
16622.8
16787.7
16804.8
18118.9
18274.7
18280.8
18352.1
18384.2
18424.7
18501.9
18733.9
18847.2
19166.5
19254.7
19350.8
19894.8
19905.0
20107.1
20295.9
20482.3
20749.0
20888.7
21023.6
21204.6
21299.6
21338.9
21632.5
21667.3
21710.9
22149.1
22578.1
22650.5
