35.4
355.7
486.5
546.8
617.4
759.5
783.3
907.4
918.9
1023.5
1172.2
1977.1
2031.3
2311.2
2347.1
2492.7
2793.5
3101.8
3204.9
3488.2
3536.8
3711.9
4014.5
4209.6
4316.2
5161.5
5438.1
6349.6
7204.8
7691.4
7694.8
7724.1
7727.8
8043.6
8240.4
8447.8
8510.8
8539.1
8603.3
8822.7
8867.4
9399.0
9630.2
9716.8
9781.6
9909.9
10071.2
10107.0
10600.7
10781.4
11112.2
11241.9
11281.2
11340.2
11581.3
12040.1
12173.4
12464.5
12659.1
12692.6
13082.6
13277.3
13335.6
13373.3
13407.0
13427.6
13615.1
13633.7
13946.7
14060.1
14090.2
14564.2
14610.4
14651.8
14856.4
14893.3
14911.7
14982.3
15171.7
15331.2
15461.9
15472.7
15492.6
15535.8
15564.0
15883.1
15888.7
16113.7
16153.1
16162.0
16665.4
16771.3
16814.4
17140.6
17368.3
17484.9
17800.6
17933.6
18021.4
18189.5
18574.2
18897.7
19174.0
19348.4
19583.8
19806.1
20053.4
20324.2
20412.3
20521.2
20604.9
20764.8
20770.3
20857.7
20990.1
21158.9
21172.5
21231.1
21299.7
21406.2
21782.8
21874.8
21913.9
21946.8
22011.5
22185.6
22212.1
