224.9
554.4
916.7
1384.9
1613.7
1631.1
1688.7
1917.5
1992.2
2167.7
2321.8
2327.2
2404.0
2599.7
2785.7
2951.7
3066.3
3226.0
3419.4
3466.9
3519.5
3668.3
3685.2
3744.2
3751.6
3932.1
4140.7
4152.0
4157.6
4228.8
4390.6
4450.0
4464.9
4607.1
4613.4
4616.2
5124.1
5662.5
5819.3
6284.4
6661.6
7089.4
7294.0
7313.0
7375.0
7912.9
8122.0
8353.6
8623.7
8669.8
8842.8
8854.2
8890.7
9020.3
9533.8
9934.4
10354.0
10420.9
10700.5
10754.8
10829.1
10861.7
11820.8
12423.4
12481.0
12698.3
13181.8
13279.4
13468.8
13667.5
13675.6
13765.9
13961.2
14064.4
14125.0
14218.2
14597.4
14835.2
15355.4
15376.7
15681.8
15787.7
15820.0
16211.2
16686.3
16703.2
16954.3
17330.4
17346.2
17598.8
17610.3
17661.2
17934.0
18698.9
18955.5
19309.2
19421.7
19438.3
19807.4
19903.5
20059.6
20067.9
20183.2
20232.4
20551.6
20574.3
20584.9
20679.9
20689.6
20749.9
20751.3
21094.6
21096.2
21140.2
21145.4
21171.7
21174.2
21284.8
21334.6
21400.5
21908.2
22072.0
22145.7
22186.0
22232.8
22279.7
22283.5
22472.4
22496.7
22521.8
22880.1
22949.2
