10.7
250.3
442.9
867.1
1355.0
1452.6
1504.7
1752.9
2061.3
2166.2
2178.0
2574.7
2638.9
3194.3
3640.1
3723.3
3803.1
4213.1
4417.9
5129.8
5226.6
5229.3
5512.4
5617.2
5807.2
5901.6
6033.7
6051.9
6190.0
6217.2
6321.1
6408.6
6458.2
6688.3
6783.1
6877.5
6914.2
7037.5
7075.1
7179.2
7249.4
7288.9
7728.6
8163.4
8499.5
8521.5
8654.6
8793.0
8835.1
9215.9
9261.3
10543.3
10978.0
11038.1
11666.8
12290.3
12534.0
12537.7
12554.0
12857.9
12881.8
13010.0
13046.3
13230.3
13293.8
13489.8
13714.4
14027.9
14068.3
15344.4
15566.5
15942.6
16037.4
16224.6
16379.9
16404.9
16409.4
16535.3
16606.2
16687.5
16688.9
16778.1
16814.7
17339.6
17351.6
17532.9
17635.1
17645.0
17834.5
18279.0
18439.8
18524.2
18742.7
18989.4
19124.0
19263.0
19273.6
19317.5
19671.2
20293.9
20443.1
20610.2
20852.7
20908.3
21121.2
21223.1
21387.4
21475.6
21550.1
21751.8
21919.6
21952.0
22166.4
22220.7
22671.2
