56.1
419.5
648.9
1065.1
1197.8
1351.4
1474.5
2087.5
2986.1
3024.6
3126.5
3364.1
3459.8
3820.8
3946.2
4050.7
4820.1
5319.9
5353.5
5548.4
5601.0
5751.0
5758.3
6071.5
6281.3
6339.1
6492.3
6771.8
6820.8
7017.2
7154.4
7475.7
7624.5
7943.8
8772.7
8781.1
8808.8
9134.1
9219.0
9793.6
9795.0
9997.2
10115.1
10495.9
10739.2
10791.5
10983.7
11058.8
11612.5
11853.6
11918.3
12085.7
12110.2
12359.6
12440.0
12449.0
12603.2
12700.3
12886.7
13475.7
13499.4
13503.9
13614.7
13662.5
13809.0
14261.0
14524.5
14661.0
15563.2
15664.9
15789.6
15988.1
16029.6
16369.0
16672.5
17003.3
17062.5
17192.4
17525.7
17560.6
17577.8
17684.8
18002.8
18085.0
18374.4
18872.7
18911.6
18914.9
19051.5
19301.3
19541.2
19710.6
19980.7
20028.4
20159.3
20163.2
20439.8
20508.5
20509.9
20581.0
20740.7
21213.2
21302.8
21744.7
22033.6
22499.3
22959.0
22961.6
