326.3
711.7
809.0
859.6
1373.3
1458.2
1821.5
1915.8
2178.0
2327.2
2332.4
2596.9
2697.8
3032.0
3852.4
4048.1
4104.6
4407.0
4413.7
4616.4
4779.6
5544.1
5767.9
6411.8
6416.6
6629.0
6663.2
6772.7
6866.2
6956.4
7040.3
7040.7
7072.0
7127.6
7274.4
7278.9
7333.7
7392.5
7577.1
7596.7
7657.5
8115.5
8291.6
8308.1
8519.6
8685.5
8866.4
8871.3
9133.5
9169.8
9213.7
9306.5
9370.0
9391.7
9459.5
9892.4
10028.5
10251.7
10610.9
11030.9
11051.1
11316.3
11332.4
11447.4
11843.3
11953.9
12741.8
12858.7
13107.2
13182.5
13505.7
13507.5
13626.7
13666.1
13787.7
14626.2
14847.3
14902.6
15125.8
15217.3
15626.2
15734.0
16687.8
16906.3
17594.5
17780.0
17845.9
18090.6
18133.6
18308.5
18704.3
18711.4
19447.1
19616.3
19661.5
19709.1
19831.6
19837.7
20850.5
21011.4
21299.0
21344.0
21530.5
21581.5
22200.5
22412.4
22681.1
22916.1
22968.8
