125.6
514.7
533.4
1192.7
1376.7
2038.7
2190.9
2511.1
2738.6
3059.0
3161.6
3402.1
3665.4
3798.8
3941.1
4017.0
4201.4
4217.6
4263.0
4497.8
4924.6
5157.8
5258.6
5399.1
5486.1
5835.3
5837.6
5842.9
5980.8
6378.2
6556.0
6604.5
6919.3
7100.1
7187.9
7224.5
7393.3
7441.8
7449.4
7513.0
7521.0
7573.5
7779.5
7798.2
7918.5
8448.3
8522.7
8547.3
8677.8
8776.4
9059.7
9241.5
9247.0
9339.3
10035.1
10101.3
10236.3
10358.4
10421.4
10477.8
10702.2
10756.6
11168.9
11583.5
11696.8
12080.6
12217.2
12439.9
12482.5
12703.0
12781.6
12972.5
13121.5
13344.6
13361.5
13550.6
13716.6
13741.2
13968.1
14166.4
14322.7
14543.4
14653.9
14771.2
14972.1
15707.1
16356.4
16405.4
16764.8
17148.9
17205.4
17293.5
17454.3
17521.6
17854.6
18170.3
18225.6
18334.0
18595.2
19457.7
19699.7
19967.5
19995.4
20057.7
20260.6
20770.1
20930.1
20946.7
21253.1
21383.0
21525.0
21585.8
22007.1
22337.0
22401.9
22506.0
22777.9
22910.9
