178.4
488.7
991.7
1020.3
1127.9
1178.2
1243.9
1473.6
1569.7
1572.8
1818.6
2129.7
2440.0
2454.2
2566.0
2832.4
3077.1
3118.8
3162.9
3436.2
3495.8
3611.2
3622.1
3985.5
4305.3
4333.5
4720.7
5071.6
5092.5
5310.4
5463.1
5466.3
5874.3
6017.1
6212.9
6457.2
6486.2
6785.8
6830.4
6880.4
7212.4
7376.2
7569.2
7689.7
7847.8
7991.4
8001.5
8260.1
8365.5
8390.4
8574.7
8587.4
8693.9
9086.1
9088.6
9693.0
9877.1
9937.0
9955.8
10190.1
10191.2
10192.1
10365.7
10590.9
10681.0
10812.5
10911.1
10953.0
11773.9
11987.0
12208.6
12768.2
13866.9
13928.6
14173.6
14221.0
14380.4
14592.7
14619.2
14622.7
14642.3
14688.9
14702.2
14912.3
15815.7
15881.1
16029.9
16047.4
16214.4
16283.9
16386.7
16437.1
16505.0
16906.9
17062.2
17075.4
17081.9
17133.7
17211.9
17280.6
17472.5
17898.7
18127.0
18389.1
18719.1
18873.3
19301.0
19627.4
19707.6
19781.4
20032.0
20522.9
20872.9
20907.5
21050.4
21185.5
21266.5
21327.1
21680.9
21891.4
21900.4
22358.2
22365.1
22682.8
22785.3
22991.6
