597.3
799.9
960.6
1173.2
1787.8
1793.2
2039.5
2153.1
2153.2
2214.8
2326.1
2360.1
2525.6
2950.8
3436.5
3561.1
3570.2
4107.0
4274.4
4299.2
4300.2
4411.1
4590.3
4913.7
5104.6
5280.5
5388.6
5393.8
6924.8
7762.6
7977.0
8027.0
8140.8
8147.1
8450.0
8634.6
8648.9
8672.7
8690.9
8722.2
8900.2
8981.3
9290.5
9334.1
9473.2
9508.2
9575.4
9766.3
9865.4
10711.1
10843.2
10869.9
12039.3
12090.0
12188.7
12962.1
13035.9
13046.7
13066.7
13436.4
13700.2
13701.0
13766.4
13813.7
13923.6
13965.9
14275.3
14420.6
14535.9
14687.0
14762.4
14778.5
15106.1
15154.7
15412.9
15652.1
15917.9
16232.8
16403.5
16494.2
17074.7
17220.6
17400.7
17528.5
17935.7
18072.1
18137.7
18234.9
18359.2
18453.3
18579.6
18987.0
19094.4
19225.8
19319.0
19454.0
20065.0
20268.5
20648.8
20819.8
21018.8
21324.6
21391.4
21865.3
22169.4
22519.1
22531.5
22828.5
