2.1
143.2
627.7
669.3
1099.4
1159.2
1440.2
1621.5
1662.8
1786.9
1965.0
2434.1
2475.3
2633.8
2773.6
2842.0
2894.8
2967.8
3200.9
3224.7
3249.9
3449.4
3479.1
3655.7
3960.6
4424.0
4473.7
4768.0
4863.6
5067.0
5419.9
5690.6
5703.6
5824.5
6068.2
6091.2
6943.4
7083.6
7104.9
7131.8
7232.9
7338.2
7688.1
7969.7
8365.4
8423.8
8569.6
8610.0
8699.8
8833.5
8976.0
9068.4
9240.3
9424.8
9546.8
9571.3
9590.5
9602.1
9608.9
9817.0
10421.1
10526.6
10669.7
10730.2
10804.7
10820.3
11323.9
11387.0
11924.0
12046.0
12071.5
12472.7
12507.8
12682.1
13089.1
13270.7
13284.5
13466.9
13505.2
13794.5
14085.3
14201.6
14361.1
14815.6
14835.3
14907.9
15280.8
15684.0
15767.8
15933.6
16159.2
16391.0
16496.2
16793.3
16847.2
16863.1
16870.0
17022.9
17259.0
17262.3
17618.6
17905.6
18055.6
18658.5
18700.5
19136.5
19483.1
19670.8
19715.3
19770.0
19789.9
20671.5
20683.3
20908.3
21012.0
21047.9
21173.2
21528.9
21549.9
22696.3
22806.0
22945.3
