60.8
382.7
629.9
955.3
1628.0
1701.9
1919.1
2457.7
3141.4
3143.7
3148.0
3366.4
3413.7
3446.5
3469.9
3811.5
3835.0
4203.2
4438.2
4445.8
4451.3
4472.9
4637.9
4780.7
4857.5
5027.5
5110.1
5126.9
5436.6
5500.8
5568.8
5867.0
5983.2
6220.6
6237.2
6416.7
6505.8
6674.8
7012.9
7139.7
7515.1
7725.2
7727.1
7827.2
8312.1
8359.3
8439.2
8448.8
8512.4
8585.7
9366.3
9449.3
9557.8
10015.7
10259.4
10398.2
10444.8
10515.5
10624.6
11202.4
11603.2
11659.2
11772.9
12735.0
12825.4
13046.1
13067.8
13221.7
13711.6
13788.3
13831.3
14100.3
14756.2
14858.7
14884.8
14961.6
15116.8
15547.1
15838.5
16427.0
16477.2
16778.9
16792.4
16818.4
16901.2
16903.7
17227.8
17263.9
17596.4
18607.7
18772.3
19714.8
19899.4
20399.8
20592.7
20658.6
20771.9
20890.8
21067.8
21202.7
21227.5
21246.1
21423.3
21432.3
21434.1
21636.1
21840.1
22164.1
22635.1
22879.7
