407.2
659.4
747.4
990.2
1054.0
1094.9
1198.1
1218.2
1228.9
1249.3
1856.0
1885.4
1915.8
2195.5
2283.0
2815.9
2887.3
2894.8
2938.0
2966.0
3317.0
3374.0
3376.4
3438.4
3465.0
3533.8
3702.2
3751.8
4539.3
4664.6
4785.6
4931.0
5326.0
5480.2
5550.0
5631.3
5814.2
6141.7
6657.0
7022.8
7087.0
7477.5
7556.7
7920.2
8774.2
8889.0
9070.1
9221.8
9234.9
9357.9
9477.1
9507.6
9836.8
10078.8
10277.1
11350.1
11461.2
11477.5
11573.3
11784.0
11799.0
11864.1
12084.2
12657.7
13096.3
13491.6
13528.5
13636.2
14081.6
14427.8
14576.5
14762.8
14796.7
15084.9
15210.8
15772.1
16327.5
16915.3
17264.1
18461.0
18480.3
18527.2
18527.6
18587.6
19002.4
19360.9
19456.8
19578.1
19847.6
19888.7
20543.9
21150.8
21541.4
21704.4
21850.2
21887.7
22098.3
22109.4
22159.6
22218.7
22248.2
22452.8
22994.0
