159.0
299.1
441.8
887.3
1161.4
1235.2
1328.7
1456.5
1600.9
1779.1
2083.3
2144.5
2564.4
2754.7
2994.8
3219.0
3311.1
3495.8
3505.4
3579.5
4141.8
4279.3
4818.1
4938.9
5616.6
5863.0
6285.2
6785.6
6820.3
6877.6
6997.4
7307.9
7341.0
7456.6
7468.9
7534.0
7719.7
7736.8
8003.8
8273.7
8480.0
8795.6
8927.7
9252.1
9341.5
9363.6
9582.9
9746.6
9800.1
9905.5
10033.7
10044.1
10067.3
10326.1
10380.2
10460.9
10543.9
10556.9
10625.6
10681.8
10775.9
11072.5
11098.3
11534.8
11926.6
12036.0
12352.0
12414.6
12550.6
12738.2
12845.3
13024.3
13219.2
13761.2
13810.7
13978.9
14545.2
14777.6
15065.6
15501.9
16144.3
16302.6
16947.8
16985.8
17355.1
18194.2
18502.0
19198.9
19648.5
19921.8
20194.5
20242.6
20543.2
20984.9
21247.3
21425.9
21475.7
21482.2
21510.0
21518.7
21577.4
21835.7
21970.3
22014.6
22095.3
22494.9
22896.2
22908.9
22945.7
