342.1
1075.4
1102.6
1146.7
1286.2
1352.2
1430.1
1945.6
2095.6
2106.6
2355.3
2460.6
2706.7
2959.7
3297.6
3455.5
3549.0
4148.0
4165.6
4336.5
5169.5
5186.0
5474.2
6154.9
6170.5
6615.8
6660.6
6709.5
6875.1
7092.4
7109.4
7121.7
7214.6
7725.5
7806.0
7913.0
7948.8
8097.4
8240.8
8528.3
8548.8
9253.2
9254.3
9857.1
9872.0
10045.9
10774.9
10903.2
10908.4
11064.4
11275.9
11281.8
12096.6
12298.4
12517.6
12717.1
12853.5
12923.3
13209.2
13429.5
13528.6
13702.0
14101.3
14195.7
14235.1
14252.8
14255.9
14324.7
14354.5
14375.6
14652.9
15092.5
15526.7
15729.1
15919.4
16025.7
16238.0
16272.7
16644.7
16651.9
16843.0
16861.0
17064.6
17400.0
17526.6
17662.0
17846.9
18317.1
18350.6
18499.8
18967.1
19180.2
19289.4
20178.9
20537.8
21237.7
21477.6
21498.6
21601.1
21837.9
22188.0
22352.1
22408.8
22440.6
22989.8
