68.0
409.9
702.3
744.5
776.6
892.9
964.4
1123.7
1360.1
1408.1
1544.9
1626.1
1641.5
2344.9
2403.6
2553.1
2576.1
2964.1
3007.6
3064.0
3211.5
3234.6
4116.4
4413.0
4436.1
5179.0
5346.0
5404.1
5716.0
5866.3
6654.6
6823.1
6924.2
7880.2
8154.3
8179.1
8357.4
8638.0
8671.9
8782.4
9709.3
9793.8
9955.7
10068.0
10296.0
10311.9
10421.1
10787.1
11027.6
11828.1
11917.1
12005.1
12381.3
12620.1
12736.9
12786.5
13058.5
13090.0
13174.6
13361.5
13373.0
13631.4
13980.4
14249.1
14277.8
14583.2
14607.7
14921.7
15077.8
15096.7
15198.1
16098.7
16336.3
16524.3
16527.4
16577.7
16770.5
16872.5
16923.9
17149.7
17156.9
17161.9
17384.7
17625.1
17693.2
17699.7
18108.8
18369.4
18424.0
18492.9
18605.2
18767.2
19051.9
19334.8
19416.2
19451.5
19527.0
19782.4
19787.6
19887.3
20340.4
20604.4
20877.4
20920.3
21040.5
21051.4
21093.2
21235.2
21258.0
21562.8
21635.0
21670.3
21689.9
21814.0
21842.9
21845.5
21908.8
22223.0
22285.2
22363.1
22626.0
