743.0
768.9
789.7
842.6
943.8
1408.9
1663.6
2168.5
2336.1
2507.1
2564.5
2802.7
3220.9
3271.5
3995.3
4009.6
4381.6
4590.3
4630.9
4794.6
5029.7
5073.4
5109.9
5438.8
5609.7
5803.6
5885.8
6259.6
7021.2
7235.6
7361.6
7383.0
7390.3
7560.6
7629.1
8067.4
8389.9
8512.7
8940.6
9012.2
9196.8
9590.7
9771.6
10022.8
10592.8
10662.7
11825.9
11893.5
12079.5
12241.1
12362.6
12715.3
12771.5
12810.3
13209.1
13270.9
13539.6
13689.0
13694.4
14268.6
14404.2
15177.4
15216.3
15446.1
15770.9
15898.0
16185.8
16378.6
16856.8
17005.7
17403.5
17502.4
17537.1
17554.6
17601.4
17614.5
17878.5
18172.1
18448.3
18794.2
18803.8
19076.8
19220.2
19268.2
19426.4
20263.3
20421.9
20668.9
21010.5
21018.9
21709.1
21711.4
21888.8
22007.4
22347.3
22868.9
22910.8
