73.2
271.4
283.3
305.9
876.6
904.7
1175.3
1207.5
1262.4
1438.7
1539.7
1701.5
1721.3
2071.0
2159.4
2498.6
2979.8
2981.7
3071.4
3213.0
3386.1
3415.2
3478.9
3497.2
3528.0
4435.0
4469.9
4625.7
4793.2
4896.4
4910.8
5109.1
5304.3
5943.3
6375.6
6408.1
6751.4
6951.0
6951.3
6981.5
7370.6
7380.8
7439.2
7576.6
7671.5
7803.0
8106.3
8196.4
8359.7
8686.9
8756.1
9207.0
9254.4
9373.9
9568.9
9570.3
9675.9
9699.4
10671.9
10993.3
11113.6
11179.2
11316.2
11518.0
11541.3
11898.9
12056.6
12312.0
13381.0
14009.0
14009.6
15004.0
15470.7
15518.6
16052.9
16599.4
16892.6
16938.6
17304.7
17544.5
17950.7
17958.1
18044.0
18695.1
19129.0
19227.5
19493.0
19684.1
20094.2
20255.0
20402.9
20633.4
20788.0
21158.5
21194.8
22013.6
22470.9
22754.3
22861.6
22921.5
22961.4
22976.7
