86.1
214.6
361.6
446.9
529.4
840.2
918.7
937.3
1072.2
1308.6
1337.1
1976.0
2146.6
2392.8
2503.9
2571.9
2576.3
2682.7
2718.4
3476.1
3671.8
3699.0
4034.0
4095.5
4571.4
5339.1
5542.0
5603.1
5710.6
5920.0
6382.6
6390.2
6404.5
6494.1
6677.2
7218.8
7420.7
7892.2
8129.2
8346.4
8712.1
9395.9
9632.8
9648.5
9686.1
9692.9
9915.4
10180.4
10279.1
10557.8
10665.4
11356.5
11881.9
12067.1
12180.7
12379.8
12405.3
12745.9
12798.5
12869.1
12925.0
13054.1
13214.9
13392.0
13501.1
13757.3
13824.6
13948.0
14117.4
14434.2
14840.3
14853.0
15009.2
15023.0
15217.8
15260.5
15289.6
15322.7
15514.0
15642.2
16017.8
16197.2
16359.9
16553.1
17039.7
17041.5
17063.7
17496.4
17512.2
17522.3
17542.0
18286.3
18463.5
18806.5
19093.6
19599.1
19785.5
20025.5
20144.3
20269.9
20438.5
20637.3
20752.3
21096.1
21445.8
21504.7
21811.3
22049.7
22549.6
22804.0
22812.9
22830.3
