394.2
595.9
786.7
1674.6
1829.2
2367.0
2517.6
2801.0
3008.4
3106.7
3229.2
3565.8
3593.0
3681.0
3724.0
3766.3
4340.7
4483.3
4502.9
4802.7
4859.2
4975.1
5251.2
5542.2
5605.5
5700.9
6086.5
6465.0
6578.3
6716.7
6894.5
7170.5
7339.0
7412.5
7510.3
7746.1
7944.5
8074.8
8465.7
8541.8
9570.7
9691.1
10134.5
10430.0
10576.4
11029.7
11047.3
11085.8
11150.1
11351.7
11767.5
12076.4
12488.3
12535.3
12664.7
12710.2
13048.4
13377.9
13387.5
13458.3
13764.8
13772.8
13820.5
13863.8
14235.5
14362.9
14364.4
14392.1
14639.3
14643.4
14728.2
14999.8
15190.7
15349.1
15899.6
15950.6
16050.4
16198.6
16357.2
16400.0
16728.4
16736.9
16930.6
16960.7
17048.4
17148.2
17327.3
17436.0
17627.0
17840.4
17895.3
18070.4
18075.0
18196.5
18215.7
18367.5
18556.7
19148.6
19337.8
19388.3
19412.0
19619.1
19775.9
19971.0
20171.6
20343.6
20443.4
20526.5
20703.3
20805.3
20848.6
21056.8
21135.0
21361.7
21502.5
22540.7
22606.3
22706.0
22754.4
22784.3
22915.7
22975.8
