518.0
1054.6
1201.8
1274.7
1395.7
1707.5
1789.3
1850.3
1868.4
1945.5
2034.7
2204.5
2744.0
2767.8
3073.7
3180.6
3226.8
3253.5
3313.7
3387.0
3823.1
4018.3
4698.5
4734.1
4862.2
4908.6
5159.8
5270.7
5281.6
5474.6
5587.2
5732.8
5861.5
5924.1
5962.8
6107.3
6282.1
6430.8
6435.6
6517.8
6582.0
6636.0
7104.2
7392.8
7703.9
7796.7
7843.2
7917.8
8339.7
8495.5
8577.5
8632.4
8715.9
9100.0
9296.0
9431.1
9525.8
9710.0
9862.6
9931.1
9965.6
10002.8
10008.9
10105.2
10389.8
10657.2
10744.8
10810.0
10945.6
10967.0
11071.2
11675.3
12021.9
12272.1
12365.2
12482.6
12544.4
12595.1
12980.3
13304.3
13371.7
13446.4
13526.8
13638.0
14280.7
14525.6
14539.5
14940.2
15390.7
15560.1
15967.7
16007.6
16387.8
16691.8
16726.9
16882.9
16892.4
17187.3
17445.3
17752.6
17882.2
17971.3
18245.9
18491.6
18493.6
18605.3
18646.0
18665.3
18894.8
19037.6
19345.4
19376.4
19553.1
19624.5
19933.4
19944.2
20107.6
20311.1
20369.8
20381.0
20421.8
20447.7
20701.9
20719.2
21466.4
21626.9
21829.3
21859.5
21941.4
22040.4
22441.2
22483.3
22570.5
22728.5
