39.6
140.4
312.2
540.3
563.1
588.0
1094.5
1279.3
1347.3
1404.9
1516.9
1524.0
1923.4
2410.5
2733.1
3171.4
3607.4
4123.8
4262.3
4414.8
4449.3
4649.4
4815.7
5090.6
5257.5
5277.3
5579.1
5600.2
5663.9
5696.3
5709.6
6033.1
6237.9
6276.6
6330.6
6530.5
6674.4
6874.0
7031.5
7184.7
7330.4
7400.2
7871.0
8375.2
8395.8
8920.4
9101.1
9118.7
9236.6
9335.1
9446.4
9479.2
9635.2
9635.9
9847.9
10085.0
10176.2
10348.9
10449.5
10523.4
10626.4
10638.2
10844.0
11880.9
11917.3
11929.4
11957.1
12018.6
12590.3
12820.1
13124.0
13428.7
13677.8
13736.8
14088.4
14210.5
14228.6
14267.9
14340.0
14677.7
14679.3
15267.8
15336.0
15488.3
15619.6
15960.7
15971.2
16095.9
16124.8
16172.2
16367.4
16524.0
16609.9
16681.4
17110.5
17237.3
17821.1
17913.3
17978.0
17981.2
17997.5
18461.7
18642.9
18662.9
18722.9
18923.2
19047.1
19238.7
19326.6
19534.0
19906.1
19924.5
20266.0
20393.7
20535.9
20690.2
20773.5
21021.4
21212.7
21231.2
21628.3
21671.0
21840.6
22471.1
22739.0
