76.5
288.8
430.7
524.6
746.5
1667.7
1716.0
1879.7
1974.5
2217.2
2374.7
2383.3
2434.0
2515.8
2646.2
2658.7
2728.8
2882.7
3426.4
3940.0
3999.6
4339.9
4465.3
4559.7
4559.9
4625.5
4675.4
4834.4
5044.3
5160.6
5266.1
5269.1
5363.0
5838.7
6067.6
6426.3
6501.6
6584.3
7042.4
7191.3
7465.1
7477.5
7534.8
8359.6
8383.0
8603.8
8827.4
9760.9
9792.5
10026.6
10438.0
11034.9
11137.6
11155.0
11196.4
11305.2
11369.3
11430.2
11664.7
11972.9
12773.4
12826.3
12950.0
13099.7
13236.5
13411.1
13536.5
13567.4
13808.2
13910.6
13968.9
14000.3
14225.5
14678.0
14862.5
15100.0
15113.3
15273.6
15288.9
15496.1
15756.8
15952.4
15974.0
16396.1
17010.1
17200.8
17252.5
17282.9
17312.1
17513.3
17605.8
17649.0
17702.9
17901.5
18347.6
18402.9
18478.2
18563.2
18986.9
19001.9
19101.6
19232.7
19424.8
19482.0
19522.1
20048.4
20145.9
20225.3
20279.4
20824.7
21312.2
21379.1
21419.7
21605.3
21854.7
22036.6
22104.9
22291.5
22341.1
22583.1
22725.1
22957.3
