190.4
471.8
572.3
694.5
736.8
818.6
1087.5
1168.6
1939.4
2062.2
2604.3
2802.1
2897.5
2937.0
2955.6
2957.4
3202.0
3258.3
3340.8
4079.0
4115.9
4238.7
4597.1
4921.0
5053.6
5136.3
5141.3
5190.3
5305.1
5352.1
5481.3
5491.9
6103.8
6212.4
6343.4
6538.3
6545.9
6560.4
7176.6
7237.4
7438.8
7905.8
8196.4
8235.0
8281.8
8297.1
8434.0
8530.4
8777.7
8946.0
9268.2
9385.7
9718.9
10301.2
10302.5
10704.1
10791.1
10904.5
11023.2
11270.0
11324.6
11494.4
12014.6
12098.6
12271.2
12334.3
12723.7
12999.0
13414.3
13420.9
13446.3
13538.1
13572.6
13683.8
13970.6
14084.3
14213.5
14234.0
14266.0
14456.9
14577.0
14684.3
14783.1
14812.1
14948.3
15045.8
15436.2
15494.9
15772.9
16081.9
16198.5
16241.8
16268.8
16429.2
16702.1
16833.1
17175.3
17226.1
17435.6
17644.2
17806.2
17838.5
17840.7
17891.2
17894.9
18055.7
18188.6
18371.5
19233.9
19828.3
19904.8
20165.9
20256.2
20621.3
20684.1
20955.7
21035.6
21093.7
21170.5
21245.2
21293.8
21473.9
21999.5
22016.6
