105.0
407.7
409.7
585.5
927.5
1028.7
1042.1
1066.1
1162.4
1185.5
1189.1
1635.4
1662.9
1743.2
1841.8
1850.5
2116.8
2355.3
2449.8
2847.1
3090.1
3124.6
3217.5
3321.8
3337.5
4599.1
4989.6
5177.8
5524.7
5962.1
6844.3
6859.0
7481.8
7560.9
7791.7
7869.9
8001.3
8106.8
8284.4
8417.2
9036.9
9120.5
9142.0
9397.8
9572.5
9600.8
9739.2
10022.2
10508.4
11250.7
11608.0
11634.1
11648.8
12109.0
12140.4
12302.7
12384.9
12515.2
12581.5
12606.5
12743.2
12743.5
12885.3
13087.5
13219.8
13352.8
13764.3
13949.6
13984.7
14505.7
14622.5
14740.6
15019.8
15265.4
15394.8
15457.6
15651.7
15704.1
15782.7
15794.0
15801.4
16009.4
16055.9
16565.6
16645.9
16706.7
16733.1
16935.9
18071.2
18446.9
18768.1
18801.3
19185.7
19216.2
19274.2
19314.4
19356.2
19539.0
19558.0
19903.7
20270.1
20460.9
20682.0
20869.3
21136.9
21312.9
21381.9
21395.1
21644.7
21678.1
21843.8
21856.7
22574.9
22948.6
