106.1
329.2
461.4
708.1
971.6
1027.6
1053.3
1120.3
1220.6
1327.9
1491.6
1708.0
1749.4
2037.6
2226.7
2440.0
2445.3
2528.1
2866.8
2933.8
3361.0
3410.7
3537.7
3853.3
3881.1
3921.4
4021.0
4155.4
4346.0
5072.6
5098.3
5443.1
5903.6
6342.9
6449.1
6764.6
7016.7
7047.7
7108.9
8379.2
8439.1
8506.9
8620.5
8737.9
9267.9
9275.5
9884.7
10166.4
10168.5
10394.5
10401.4
10541.3
10746.7
10954.3
11307.8
11387.0
11442.2
11452.2
11520.6
11570.3
11601.7
12192.0
12348.2
12433.7
13182.4
13252.0
13703.1
13755.4
14053.9
14106.3
14480.4
14608.6
14700.1
14871.4
14952.8
14967.9
15012.7
15123.1
15565.6
15706.0
16213.3
16232.3
16636.6
16910.0
16940.9
17071.0
17130.8
17433.5
17686.6
17989.8
17997.1
18095.2
18169.3
18224.2
18300.4
18301.0
18349.8
18824.7
19058.8
19151.1
19246.0
19518.6
19813.5
20258.0
20418.4
20434.3
20505.7
20789.7
20804.5
20893.0
20986.8
21406.9
21750.4
21915.5
22024.9
22121.8
22211.7
22294.1
22435.3
22568.4
22714.5
22792.0
22850.4
22923.8
