168.7
301.7
315.1
507.8
565.0
852.8
959.6
978.7
982.1
1241.1
1333.3
1513.1
1594.0
2187.9
3112.5
3189.5
3284.0
3536.6
3798.0
3837.8
3878.4
3953.5
4021.4
4049.0
4081.5
4182.6
4340.5
4434.3
4467.7
4592.2
4713.5
4755.9
4759.6
5341.0
5503.5
5560.0
5972.5
6106.6
6220.3
6325.9
6886.2
7699.2
7833.3
8123.2
8286.2
8300.8
8402.5
8531.2
8687.9
8898.6
8927.0
8952.5
9079.7
9149.4
9150.4
9519.2
9552.4
9640.8
9770.4
10441.6
10964.7
11336.4
11845.5
11885.6
11953.1
12055.6
12273.1
12515.0
12570.6
13006.3
13064.8
13455.4
13577.2
13630.9
13643.9
13972.6
14479.6
14607.0
14671.5
15119.5
15266.9
16307.2
16317.8
16457.7
16521.0
16858.9
16945.9
16950.4
16976.6
17002.4
17293.4
17368.1
17566.8
17881.5
17931.7
18154.0
18698.2
18745.9
18979.9
18982.3
19117.0
19430.3
19817.3
20459.8
20506.2
20544.3
20685.7
20917.9
21150.9
21289.6
21375.1
21606.6
21641.7
22041.9
22463.1
22506.8
22541.6
22670.5
