218.5
302.6
413.1
681.9
715.0
808.4
939.2
977.4
1517.9
1726.5
1866.6
2036.4
2180.7
2370.5
2494.5
2530.7
2935.3
2997.7
3095.2
3228.5
3487.8
3668.7
4044.8
4448.3
4839.3
4899.4
4997.8
5120.2
5139.9
5149.9
5371.2
5409.8
5552.4
5561.3
6020.0
6025.8
6248.1
6287.6
6428.4
6596.0
6646.9
6649.9
6996.5
7213.2
7487.6
7917.9
8208.4
8499.3
9056.2
9696.3
9765.6
9839.8
9841.4
9902.7
10265.0
11480.3
11633.0
11755.2
11802.9
12604.6
12652.8
12663.0
12668.3
12910.3
13310.3
13691.2
13919.2
14221.0
14229.2
14467.8
14704.7
14782.0
14911.9
15098.1
15147.4
15400.8
15625.5
15667.1
15670.6
15788.4
16490.0
16528.5
16724.8
17562.7
17581.4
17700.5
18028.3
19111.4
19182.1
19208.0
19259.9
19417.0
19523.0
19634.0
19703.5
19782.0
20226.0
20226.5
20323.2
20720.7
20845.7
20883.7
20989.2
21223.2
21521.1
21874.5
22021.8
22693.6
