170.3
365.7
395.5
448.5
514.8
655.5
1236.7
1315.2
1512.9
1693.2
1716.4
1729.3
1883.2
2280.0
2378.2
2394.9
2714.8
2768.4
2790.2
3055.4
3834.5
4242.2
4506.4
4622.4
4654.2
4967.3
5060.5
5264.4
5485.2
5508.1
5672.3
5785.9
5849.8
6037.7
6070.9
6092.7
6176.8
6319.9
6749.8
7085.9
7125.6
7273.6
7288.1
7356.3
7371.5
7377.6
7790.0
8324.4
8624.0
8791.1
9034.7
9179.7
9254.7
9760.9
9947.5
10025.0
10251.9
10357.0
10789.8
10857.9
10981.4
11421.5
11736.5
11766.5
11784.0
11975.7
12511.1
12550.1
12825.6
13101.8
13108.9
13364.2
13498.7
13664.6
14644.8
14761.9
14983.9
15273.8
15325.0
15704.2
15798.5
15965.8
16185.7
16306.5
16406.2
16746.5
16835.6
17007.9
17375.5
17463.3
17553.2
18021.5
18171.6
18231.5
18525.6
18567.8
18703.8
18919.2
19628.0
19651.8
19675.9
20082.5
20721.6
20850.4
20862.9
21279.3
21390.6
21676.1
21758.8
21890.3
22717.0
22826.7
22846.6
22909.9
