107.0
369.6
730.5
906.4
1024.5
1077.4
1263.8
1587.4
1626.3
1894.7
2096.4
2788.0
2790.1
2956.7
2969.7
3123.7
3137.2
3254.7
3353.9
3357.9
3797.6
3929.1
4182.0
4311.4
4333.4
4402.4
4572.9
4574.2
4661.0
4711.9
5013.5
5170.1
5760.2
5819.6
5926.1
6569.4
6714.1
6800.1
7017.4
7275.8
7353.7
7480.7
7523.8
7591.2
7665.7
7869.5
8022.2
8318.0
8756.3
8792.5
8951.8
9046.1
9110.5
9515.3
10037.1
10259.4
10269.3
10372.4
10448.3
10820.9
10864.5
10867.0
11267.7
11424.1
11776.4
11782.8
11808.8
11944.3
12004.1
12121.5
12473.4
12474.7
12636.4
12848.7
13358.4
13366.0
13369.7
13537.7
13713.2
13847.3
14076.7
14185.4
14712.4
15590.8
15947.8
15982.8
16166.9
16266.2
16358.1
16364.6
16969.1
17070.2
17091.7
17198.5
17672.9
17677.1
17748.7
17785.8
17902.3
18060.6
18581.6
18611.8
18933.7
19411.9
19543.1
20147.6
20714.0
20787.2
20877.4
20984.8
21007.2
21571.7
21909.8
22004.8
22402.4
22476.2
22735.9
22989.7
