479.2
1148.9
1519.6
1814.2
1866.4
1890.3
1955.7
1963.2
1978.0
2120.3
2246.2
2658.6
2725.3
3339.3
3445.9
3649.4
3805.0
3835.8
4078.9
4130.0
4133.1
4155.1
4221.3
4272.4
5128.7
5134.3
5440.3
5460.7
5528.5
6311.3
6450.6
6498.3
6586.8
6693.7
6794.4
7237.2
7398.7
7611.5
7682.0
8140.8
8471.6
8614.8
8696.1
8973.9
9241.9
9312.4
10010.8
10786.4
11035.2
11256.1
11267.0
11355.7
11494.3
11881.6
12296.9
12689.9
12790.5
12798.4
12894.8
13036.4
13052.5
13213.3
13663.3
13830.4
13887.9
13946.4
14819.0
14838.6
14920.9
15490.3
15690.7
16001.2
16203.9
16355.2
16490.6
16508.1
16530.8
16537.9
16725.4
16806.7
16826.2
16868.1
17016.8
17118.7
17328.8
18286.8
18317.0
18583.7
18789.9
19050.2
19311.9
19365.2
19421.0
19473.4
20183.2
20193.4
20543.0
20695.3
21030.9
21400.1
21521.9
21633.6
21688.8
21850.0
22237.3
22316.3
22494.4
22767.7
22880.6
