56.8
89.7
1016.8
1392.0
1644.9
1711.4
1935.2
2203.7
2245.8
2637.8
2764.4
3054.3
3381.6
3699.2
3839.9
3970.1
4031.8
4144.3
4409.8
4780.8
4877.1
4885.8
4962.3
5239.8
5242.3
5465.0
6469.9
6472.6
6615.2
6720.6
6765.4
7050.3
7133.3
7446.6
7694.7
8416.6
8421.4
8492.9
8659.7
8669.2
8690.0
8822.6
8970.3
9195.2
9266.2
9560.9
10155.4
10169.2
10327.2
10866.7
10952.1
10995.7
11084.6
11576.8
11599.7
11791.3
11977.9
12469.0
12876.4
12897.2
13019.8
13148.9
13169.9
14131.4
14170.4
14379.1
14637.3
14646.7
14893.7
15502.9
15685.0
15748.5
15764.0
15885.0
15956.4
15992.5
16140.9
16356.8
16501.0
16900.1
17013.9
17038.3
17151.2
17338.5
17413.4
17428.7
17732.6
17893.1
18682.1
18776.4
18861.6
19189.3
19219.7
19497.2
19627.9
19678.9
19768.3
19952.1
20300.3
20340.9
20731.6
21633.9
21679.6
21771.0
21918.2
22445.4
22788.0
22798.3
