253.0
275.8
486.5
535.4
1038.4
1100.6
1394.4
1471.2
1669.4
2043.8
2062.5
2064.2
2084.5
2154.7
2764.5
3315.8
3392.2
3496.9
4441.1
4586.8
4641.0
4729.7
5363.4
5409.9
5544.2
5809.0
5977.3
6298.7
6414.0
6552.8
7151.3
7309.9
7437.7
7473.4
7650.8
7789.6
7821.4
7844.0
7913.2
7959.1
8096.4
9012.0
9343.0
9628.2
10155.1
10276.2
10365.7
10408.4
10600.9
10731.7
10962.9
11603.9
11692.7
11736.7
11850.5
11871.4
11937.1
12527.9
12553.8
12704.3
12767.3
12840.8
12866.3
14094.3
14182.4
14327.4
14356.1
14655.7
15039.2
15498.9
15591.1
15736.7
15919.2
16076.7
16524.1
17482.8
17499.0
17642.3
17774.6
17807.4
17855.0
17883.8
18217.8
18315.5
18566.2
18602.8
19078.2
19224.5
19228.4
19245.0
19249.2
19315.9
19345.3
19684.3
19893.4
20012.3
20017.0
20051.7
20112.6
20946.2
21006.4
21076.7
21154.9
21458.9
21571.3
22069.3
22348.3
22611.1
22824.8
22979.6
