64.2
726.8
966.4
1541.6
1649.5
1900.8
2124.6
2178.6
2387.1
2534.8
2916.0
3103.2
3288.0
3320.1
3720.8
3750.4
3939.8
3946.6
3973.6
4239.6
4537.2
4607.9
4646.4
4879.2
5101.6
5219.5
5259.1
5645.8
6075.9
6106.7
6953.2
6974.7
6981.7
7176.8
7237.8
7246.0
7424.9
7452.1
7820.9
8006.5
8128.1
8828.0
8843.7
9079.0
9091.8
9098.1
9230.1
9378.8
9396.1
9443.1
9668.2
9811.1
10354.8
11113.8
11509.0
11538.1
11697.9
12055.0
12299.8
12762.8
12816.4
12945.6
13180.7
13184.1
13753.2
13795.1
13803.6
14091.8
14229.5
14318.4
14477.8
14904.9
15048.2
15353.6
15410.8
15608.4
15626.6
15962.1
16113.0
16223.9
16261.5
16551.4
16619.3
16771.7
16787.3
17072.5
17310.4
17347.6
17352.7
17469.8
18052.7
18062.9
18119.6
18421.8
18489.1
18601.5
18657.5
18745.5
19172.6
19866.3
19870.2
19931.0
20150.0
20219.6
20336.2
20457.2
20468.2
20795.7
20928.5
21247.1
21437.5
21536.7
21538.4
21889.1
22057.8
22143.8
22276.5
22381.2
22417.9
22574.1
22985.1
