164.7
228.1
243.1
647.9
678.9
734.6
1009.6
1210.7
1790.1
2096.2
2201.9
2494.3
2525.2
2549.6
3202.5
3553.5
3704.8
3833.1
3882.1
4358.6
4412.0
4418.4
4741.0
5489.4
6042.8
6355.7
6579.2
6739.5
6779.1
6783.1
7126.6
7233.5
7447.8
7475.2
7531.0
8014.2
8135.4
8301.1
8442.3
8733.0
8785.4
9056.3
9057.6
9185.0
9316.0
9550.3
9739.8
9813.4
10210.4
10324.2
10347.3
10374.6
11048.0
11301.4
11355.7
11588.7
11672.2
11734.5
11847.6
12305.5
12820.9
12825.9
12831.9
12912.3
12934.0
12937.4
13042.4
13067.9
13763.9
13971.3
14170.5
14713.4
14841.0
15534.2
15654.7
15674.7
15987.4
16443.8
16444.4
16518.6
16670.8
16931.4
16986.3
17194.1
17625.4
17671.8
18021.8
18041.1
18153.8
18687.5
18745.1
18767.8
18805.9
18911.4
18923.5
19107.2
19187.0
19534.8
19696.9
20094.9
20380.9
20457.1
20587.1
20771.6
20888.2
20928.1
21396.8
22375.8
22550.9
22564.9
