161.3
225.0
297.1
728.8
989.3
1030.6
1122.5
1731.6
1759.5
1766.1
2074.3
2754.2
2952.1
2960.8
3018.6
3426.6
3563.3
3770.0
3984.7
4990.8
5004.7
5128.1
5478.3
5579.1
5624.8
5677.5
5825.0
5972.6
6070.6
6126.2
6309.6
6354.5
6523.4
6989.7
7136.9
7197.8
7400.5
7412.0
7638.9
8082.7
8149.5
8204.7
8356.7
8397.7
8619.4
8663.2
9457.2
9535.9
9583.0
9663.5
9701.0
9760.0
9864.2
9923.4
10109.8
10169.8
10652.2
10727.4
10860.0
10965.7
11004.1
11063.4
11159.3
11262.9
11280.8
11644.7
11840.9
11907.4
12051.3
12100.8
12192.1
12330.7
12414.0
12522.7
12832.3
13123.5
13192.1
13283.1
13342.0
13468.8
13876.1
14060.8
14087.1
14134.2
14299.7
14400.7
14501.5
14580.6
14667.6
15055.3
15067.9
15100.9
15257.3
15518.3
15579.5
15766.6
15814.8
15839.5
16219.9
16345.7
16765.9
17182.6
17235.7
17590.9
17910.1
18072.4
18890.5
19410.8
19511.6
19730.7
19886.8
19926.5
19967.1
20086.0
20088.1
20389.9
20657.6
20772.1
21334.0
22382.1
22423.3
22556.1
22591.5
22883.7
22905.1
