164.5
502.8
785.2
974.4
1189.2
1348.0
1413.0
1427.1
1431.1
1767.2
1801.0
1880.2
1987.5
2585.7
2645.1
2884.1
3169.4
3242.0
3493.5
3847.0
4269.7
4349.8
4970.4
5032.3
5291.1
5454.0
5555.0
5587.0
5757.8
6091.0
6173.5
6238.4
6325.2
6923.8
7187.7
7460.2
7684.0
7722.4
7997.5
8089.4
8793.8
8812.4
8840.6
9064.5
9179.3
9773.0
9815.8
9866.9
10249.0
10459.7
11146.4
11147.3
11180.7
11211.2
11230.1
11341.3
11725.3
11946.7
12335.9
12690.6
12820.0
12874.6
12962.9
13274.3
13380.5
13489.2
13667.3
13981.5
14470.9
14900.1
15024.6
15200.8
15730.6
15900.1
15946.1
16123.6
16145.1
17049.3
17091.7
17253.1
17313.5
17439.0
17679.6
17967.5
18601.8
19099.4
19338.2
19355.6
19673.8
19864.3
20215.4
20443.5
20827.7
20910.3
20934.2
21143.2
21209.8
21388.5
21475.3
21625.9
21647.8
21874.9
22243.9
22273.3
22310.4
22371.6
22410.9
22899.5
