208.0
254.6
454.5
473.4
490.0
1580.4
1601.7
1860.5
2597.1
2656.8
2680.5
2740.3
2959.3
3002.6
3789.3
3997.6
4152.8
4470.8
4848.0
4890.0
5031.9
5668.9
5835.0
5865.3
6378.9
6682.4
6719.1
6794.7
6915.1
6923.3
7208.5
7299.3
7344.3
7434.7
7663.4
8163.6
8798.1
8956.9
9714.8
9725.6
9839.2
9974.4
9993.7
10089.7
10594.1
10753.7
10895.9
11133.8
11195.9
12015.1
12309.9
12351.0
12760.3
12772.9
12874.6
12908.9
13201.5
13295.4
13346.2
13493.4
13753.3
13797.0
13835.3
13873.0
13936.9
13965.6
14368.4
14502.5
15467.9
15745.9
16010.1
16059.1
16280.7
16283.7
16310.2
16310.6
16755.6
16829.0
17179.5
17452.0
17598.5
17708.5
18060.6
18087.9
18452.3
18640.9
18684.8
19141.4
19275.9
19643.7
19853.5
20270.7
20329.2
20597.8
21040.4
21053.8
21066.0
21199.5
21221.8
21589.0
21684.5
21716.8
21947.3
21995.7
22147.9
22192.5
22277.8
22329.0
22384.0
22435.1
