19.2
159.5
350.2
379.9
453.4
514.8
714.4
740.3
901.8
955.7
1192.7
1252.3
1316.0
1369.6
1416.9
1919.5
2128.7
2239.9
2335.2
2462.1
2723.0
3028.6
3097.7
4360.2
4559.1
4768.8
5113.9
5683.0
5712.9
5724.8
5921.3
6239.8
6606.8
6887.5
6944.8
6970.4
6983.9
6999.5
7150.5
7161.8
7359.5
7703.5
7791.6
7924.1
8362.4
8462.0
8739.5
8982.7
9000.2
9241.5
9261.5
9480.0
9716.5
9922.4
10934.7
11642.1
11782.1
12118.9
12150.2
12482.5
12581.7
12624.9
12690.4
12799.5
12921.4
13448.5
13809.0
13918.8
13954.8
14627.3
14657.8
15075.0
15155.6
15242.7
15364.4
15408.4
15549.4
15776.3
15829.8
16088.2
16196.8
16511.2
16529.9
16594.6
16811.5
17517.6
17620.1
17848.7
18195.4
18198.4
18386.5
18568.7
18659.3
18990.0
19245.2
19438.8
19747.1
19796.2
20114.7
20340.4
20354.3
20494.3
20950.2
20959.7
21311.1
21326.3
22147.3
22156.1
22362.4
22479.2
22561.0
