234.4
360.7
373.0
662.8
811.4
930.1
1216.4
1366.5
1561.6
1606.5
1621.5
1794.2
2120.8
2513.8
2583.1
2616.4
3049.7
3209.0
3241.5
3254.1
3547.5
3698.6
4391.3
4675.9
4770.0
4964.5
5086.6
5572.2
5776.3
6344.2
6423.2
6500.8
6814.0
7104.9
7117.5
7192.9
7218.6
7219.4
7738.7
8169.9
8615.7
9061.7
9492.8
9780.2
9976.3
10302.7
10617.4
10705.4
10796.2
10860.3
10909.7
11006.7
11326.7
11349.2
11687.7
11845.2
12460.6
12681.0
12820.5
13589.4
14103.0
14142.4
14226.9
15010.7
15660.5
15685.6
15795.1
15871.8
16073.2
16553.7
16791.5
16850.2
17572.5
17875.6
17926.2
18272.4
18417.9
18627.4
18723.8
18742.9
19571.9
19646.8
19942.7
20130.6
20938.3
21024.6
21432.4
21609.4
21652.1
21676.8
21867.4
22041.2
22270.0
22622.0
22710.1
22810.9
