198.0
272.6
307.7
513.3
694.0
703.3
1251.4
1534.5
1628.9
1747.9
1756.9
2090.7
2203.3
2458.0
2613.1
3087.8
4002.9
4301.4
4317.2
4549.2
4733.3
5001.9
5429.9
5777.2
5780.7
5811.3
6211.7
6964.5
7510.9
7795.5
7832.3
7958.3
7986.3
8960.2
9162.0
9340.3
9350.8
9432.1
9888.6
9915.9
9927.3
9971.0
10086.4
10383.9
11002.9
11360.8
11653.2
11827.3
11916.0
12013.9
12045.7
12190.8
12580.8
12613.8
12702.6
12865.8
13646.3
13777.3
13852.8
13921.0
13975.9
14141.2
14159.6
14258.5
14391.0
15342.1
15406.3
15441.3
15452.2
15724.8
15785.8
15832.1
16384.7
16479.8
16755.9
16840.7
17313.6
17364.7
17577.3
17607.4
17630.5
18472.7
19020.6
19244.8
19385.4
19432.6
19777.7
20555.1
20583.4
20702.4
21386.2
21429.9
21612.3
22164.0
22370.0
22741.6
