648.5
698.0
749.6
1098.7
1213.9
1464.5
1989.9
2100.7
2361.3
2484.6
2584.5
2912.0
3028.3
3114.5
3580.9
3813.5
4123.5
4408.3
4445.4
4945.4
5006.6
5113.1
5307.5
5540.3
5886.4
6352.7
6987.7
7270.3
7417.2
7559.4
7932.2
8196.3
8275.5
8548.0
8699.9
8775.4
8938.3
9224.6
9229.3
9276.4
9292.2
9773.3
9781.7
10225.4
10270.1
10299.8
10369.2
10619.2
10687.3
10797.1
11093.0
11202.3
11664.3
11736.4
11858.8
12004.0
12231.4
12864.9
13156.5
13585.8
13725.3
13870.6
13929.9
13974.0
14119.8
14170.4
14370.9
14746.3
14876.9
14879.0
14917.1
14946.0
15763.9
15818.0
16566.1
16658.7
16688.0
16792.9
17010.5
17095.6
17121.2
17193.7
17324.2
17378.6
17676.1
17692.4
17768.8
17848.3
18372.8
18552.2
18552.9
18564.3
18674.3
18720.0
18871.4
19110.4
19204.4
19229.9
19270.0
19666.7
19734.3
19838.9
20007.5
20068.6
20233.5
20490.2
21014.1
21100.9
21352.9
21355.8
21468.3
21658.6
22030.1
22034.8
22110.9
22294.3
22310.0
22414.7
22475.4
22609.0
