276.2
317.5
544.8
825.8
837.6
871.4
1002.8
1391.6
1463.5
1499.8
1556.3
1696.1
1742.5
1827.1
1899.7
2092.1
2314.5
2390.7
2507.6
3239.2
3505.8
3605.3
4272.5
4334.1
4398.7
4510.5
4539.4
4724.3
4863.2
4867.0
4922.0
5662.7
5866.7
5941.8
6569.1
6623.8
6641.8
6705.9
7585.6
7692.1
7723.4
8003.5
8117.0
8157.9
8345.0
8927.3
8930.5
9430.5
9811.1
9812.2
9924.0
9928.1
10027.8
10842.2
11504.6
11971.8
11982.1
11985.9
12005.9
12007.7
12184.6
12287.9
12304.5
12392.9
12446.0
12869.2
12964.0
13095.8
13108.2
13208.0
13252.0
13313.5
13313.6
13600.8
13775.5
14390.4
14498.7
14811.6
14960.5
15048.5
15049.5
15062.2
15343.0
15473.5
15902.6
16017.3
16430.9
16635.5
16706.9
17047.6
17329.0
17350.1
17450.3
17496.8
17687.7
17957.3
17995.6
18084.8
18227.7
18415.3
18883.5
18952.5
19045.9
19292.2
19783.0
20055.4
20532.3
20863.9
20887.1
21698.1
21760.3
21777.5
22454.8
22455.8
22500.5
22549.1
