216.8
241.3
325.1
951.7
1013.5
1082.4
1179.7
1190.1
1427.3
1430.2
1528.3
1692.0
1696.8
1791.9
1966.3
2044.7
2076.5
2355.6
2435.5
2746.3
2902.9
3054.9
3249.4
3499.8
3555.2
3650.0
3893.3
4122.8
4132.0
4629.8
4695.7
4930.7
5281.0
5631.8
5906.4
5961.1
6131.3
6707.6
6743.1
6953.5
7150.4
7170.2
7483.7
7569.3
7641.7
7906.2
7920.0
7979.2
7988.1
8105.9
8343.0
8413.0
8712.4
8759.3
9062.2
9095.7
9140.9
9420.1
9438.6
10052.7
10323.1
10441.1
10726.0
10759.5
10795.6
10877.3
10894.6
10978.2
11183.6
11775.1
12019.5
12131.8
12272.0
12837.8
12966.2
13166.9
13197.4
13350.7
13400.7
13467.2
13469.1
13679.0
13947.0
14164.6
14489.0
14587.0
14682.3
14685.6
14819.8
15176.2
15271.9
15350.9
15597.9
15633.2
15669.2
15776.2
16172.9
16195.8
16307.2
16382.2
16585.7
16633.9
16689.4
16857.8
16896.4
16900.2
17002.9
17557.0
17614.4
17717.7
17948.2
18780.2
18839.8
18970.3
19275.5
19302.7
19720.0
19885.8
20014.5
20467.7
20488.2
20898.3
21148.0
21216.7
21445.7
21813.7
22037.2
22125.3
22153.1
22172.0
22402.8
22448.4
