640.2
846.8
1045.0
1267.3
1371.9
1697.5
1893.4
2252.8
3537.6
3594.1
4032.2
4104.2
4131.0
4464.6
4578.8
4768.7
5031.9
5122.7
5148.4
5213.3
5330.8
5872.8
5890.1
6062.4
6366.2
6476.8
6498.9
6650.7
6736.3
6788.0
6806.0
6975.9
7108.4
7215.4
7269.8
7321.0
7406.3
7704.2
7788.4
8675.9
8690.5
8933.8
9041.6
9248.7
9522.9
9707.7
10188.2
10211.1
10452.6
10750.3
10768.7
10820.9
11084.1
11091.3
12883.3
13356.6
13648.8
13763.7
13802.6
14051.1
14151.6
14304.5
14531.0
14631.9
15038.0
15844.9
15848.2
16478.5
16511.6
16689.6
16730.8
17101.5
17431.3
17840.5
17909.5
18370.4
18420.7
18440.3
18647.1
18795.4
19537.0
19562.1
19599.3
19753.5
19977.7
20070.9
20402.3
20618.6
20837.1
21250.2
21268.2
21327.4
21508.8
21582.0
21795.9
21894.8
22021.6
22175.9
22396.6
22531.6
22549.6
22770.3
