346.6
461.8
657.8
1074.5
1657.8
1800.4
1856.5
1890.1
2034.9
2114.1
2823.0
2924.1
3191.6
3192.3
3647.0
3750.1
3916.1
4014.5
4084.0
4222.3
4423.0
4434.3
4513.5
4802.7
5084.4
5175.3
5220.9
5580.7
5874.4
6003.2
6480.4
6644.1
6662.4
6748.0
6840.0
6939.2
7124.7
7228.9
7292.6
7644.6
8056.0
8218.0
8295.0
8672.6
9085.9
9188.5
9402.3
9559.3
9981.9
10087.4
10540.8
11323.8
11449.8
12020.4
12060.6
12123.6
12261.8
12481.9
12504.5
13247.7
13281.6
13483.4
13534.1
14022.4
14258.7
14356.5
14524.4
14645.5
14649.8
14706.9
15117.7
15249.4
15313.5
16035.1
16127.2
16144.1
16942.8
17132.2
17836.1
17880.0
17902.7
17983.7
17996.7
18467.3
18775.4
19030.9
19187.7
19194.9
19216.9
19296.0
19361.9
19383.5
19510.7
19539.2
19907.4
20093.0
20193.4
20576.2
20962.8
20968.0
21273.4
21441.9
21767.6
21839.6
22030.1
22126.2
22134.5
22139.4
22748.4
22897.5
22911.8
