212.6
317.1
1423.5
1565.9
1691.5
1973.3
2248.5
2345.2
2390.7
2401.8
2406.0
2598.1
2640.2
2767.8
3010.2
3059.0
3133.4
3139.0
3242.9
3250.5
3443.0
3638.1
3848.9
4150.9
4190.9
4397.5
4416.9
4501.8
5060.5
5124.9
5324.7
5465.1
5844.2
6229.9
7282.3
7805.7
8087.0
8152.7
8379.2
8407.0
8588.1
8595.0
8721.9
8968.8
9002.9
9182.7
9237.0
9253.0
9296.8
9333.6
9451.6
9457.1
9631.2
10492.8
10506.7
10542.7
10628.1
10756.4
10780.5
10918.6
11013.0
11091.0
11186.9
11949.8
12197.9
12246.3
12549.4
12671.0
12932.6
12937.8
13195.0
13609.8
13626.2
13655.1
13689.2
13902.4
14503.2
14589.3
14637.0
14705.3
14715.4
14744.3
14965.8
15260.2
15279.5
15299.4
15935.2
16103.5
16396.8
16571.1
16611.5
16630.0
16688.5
16769.1
17167.0
17452.1
17473.7
17494.7
17603.0
17684.3
18590.1
19202.9
19215.5
19303.2
19494.3
19929.2
19979.8
20025.1
20178.0
20468.2
20571.2
20577.4
20708.7
20933.1
21061.8
21487.7
21789.2
22031.7
22187.9
22426.3
22940.9
