179.6
187.6
204.6
233.9
381.9
762.3
912.0
1104.5
1906.4
2237.9
2327.2
2343.1
2550.3
2947.7
3498.2
3934.5
4202.9
4939.2
5201.3
5295.6
5337.5
5771.2
6249.5
6342.8
6591.7
6616.4
6674.6
6953.5
7478.7
8151.3
8233.2
8501.8
9389.0
9410.2
9563.3
9670.0
10153.8
10210.9
10250.5
10869.9
10987.1
11068.5
11368.0
11403.3
11525.9
11555.1
11638.0
11717.5
11735.1
11738.7
11983.0
12005.7
12086.1
12537.4
12791.4
13035.2
13134.5
13584.5
13796.4
13912.8
14029.5
14118.0
14386.8
14407.7
14988.1
15254.2
15335.4
15525.5
15997.4
16166.5
16197.9
16942.7
17015.8
17086.6
17474.9
17499.2
17594.7
17638.6
17671.4
17797.7
18243.2
18387.3
18941.2
18965.5
19141.1
19511.9
19625.6
19952.2
20127.2
20296.1
20587.2
20690.7
20694.4
20730.6
20742.9
20883.5
21157.5
21176.6
21609.0
21668.7
21691.0
21948.2
22171.8
22358.8
22359.7
22372.5
22464.4
22504.0
22859.3
