44.0
57.7
142.0
241.3
309.9
321.8
499.8
520.9
613.2
863.9
1176.3
1236.9
1335.7
1525.9
1567.0
1629.8
2307.7
2538.7
2545.8
2631.8
2711.8
2977.5
3173.5
3194.9
3286.5
3301.8
3349.2
3457.2
3613.5
3807.4
4121.2
5026.9
5639.7
6086.7
6227.5
6369.1
6960.3
7182.9
7389.9
7575.7
7628.4
8067.6
8219.3
8354.0
8372.3
8536.4
8544.7
8608.5
8732.8
8794.9
9774.7
9884.1
10061.4
10105.3
10299.2
10367.1
10491.4
10510.9
10694.9
11023.1
11282.9
11462.7
11469.5
11474.6
11540.1
11778.5
11832.9
12098.3
12463.9
12546.1
12683.0
13255.6
13546.9
13679.8
13845.1
14063.3
14367.4
14475.9
14641.8
14667.4
14856.8
14902.7
14932.2
15042.4
15162.6
15235.3
15244.7
15537.9
15684.1
15765.8
15937.4
15973.1
15980.7
16245.7
16331.1
16625.4
16762.9
17208.6
17248.0
17366.2
17832.6
18626.5
18951.2
19009.7
19058.9
19115.7
19539.6
19546.1
19904.7
20002.1
20020.6
20142.0
20249.2
20548.9
20806.6
20917.7
20942.7
21207.6
21441.9
21487.2
21980.0
22096.6
22450.1
22524.9
22813.1
22848.8
22894.6
22906.6
22931.1
