0.7
118.7
490.6
532.2
739.3
983.6
1558.7
1775.2
1840.2
1867.4
2009.2
2575.0
3454.6
3654.5
3791.0
4075.7
4095.9
4136.6
4141.8
4308.4
4326.0
4599.0
4875.4
5196.3
5355.3
5388.8
5819.1
6014.4
6081.9
6113.0
6294.1
6339.3
7110.8
7294.4
7418.7
7772.8
7784.5
7960.9
8180.2
8309.6
8908.0
8956.1
9030.7
9257.9
9275.1
9765.1
9857.6
9901.9
10200.3
10268.0
10376.5
10544.2
10758.8
10814.1
10859.7
10867.9
10950.2
10964.3
11136.2
11218.8
11250.5
12232.2
12285.2
12551.6
12783.0
13065.9
13139.7
13181.2
13260.3
13291.5
13426.7
13430.4
13557.5
13638.7
13855.0
13879.2
13907.8
14427.4
14681.6
14987.4
15555.0
15609.2
15848.7
15859.3
15987.8
15989.8
16074.0
16135.7
16315.4
16429.3
16472.8
16520.5
16847.8
16981.7
17358.4
17394.9
17923.9
18090.2
18095.9
18240.2
18250.1
18264.8
18352.8
18721.5
18811.4
18921.7
19212.2
19548.9
19723.9
19890.4
19926.8
20245.3
20336.7
20364.4
20745.6
20850.4
21506.9
21555.4
21706.7
22038.1
