71.4
433.5
468.8
722.3
1018.8
1324.9
1352.9
1763.5
2092.2
2233.8
2321.4
2542.0
2717.0
2727.2
3530.3
3749.4
3942.9
3993.9
4085.1
4386.8
4440.8
4487.7
4569.2
4669.3
5328.4
5506.5
5831.0
6034.2
6640.2
6664.1
6897.0
6960.5
7024.9
7123.8
7578.9
7783.9
8113.2
8115.5
8338.8
8472.8
8702.1
8859.8
8946.3
9037.8
9518.7
9623.5
9728.2
9825.8
9935.6
10707.4
11092.6
11312.8
11361.4
11453.3
11735.6
11900.4
12481.4
12622.6
12698.3
12876.6
12936.1
13054.4
13078.8
13199.6
13549.7
13917.0
14173.9
14193.2
14224.1
14549.3
14636.0
14905.0
15060.6
15806.6
16108.1
16358.5
16717.6
16929.0
17028.7
17034.0
17091.1
17309.8
17436.2
17807.8
17808.5
17938.0
17950.2
18415.1
18620.3
18662.9
18714.7
18935.2
19460.9
19578.8
20038.0
20104.5
20137.3
20604.4
20656.2
20949.2
21176.5
21667.1
22043.1
22340.9
22455.6
22465.4
22507.9
22554.5
