154.5
285.8
407.9
1191.1
1320.6
1504.8
1703.2
1791.1
2036.5
2254.1
2850.6
2889.8
2933.3
3109.1
3527.8
3685.8
4123.5
4181.6
4559.7
4645.8
4693.5
5085.0
5113.1
5402.8
5432.8
5678.0
5916.4
6074.4
6474.3
6700.8
6722.8
7147.4
7149.4
7241.3
7283.9
7751.0
7807.7
8450.7
8730.2
9114.4
9194.7
9464.3
9558.0
10379.8
10413.7
10433.0
10585.0
10722.8
10788.8
10894.4
10997.6
11105.3
11187.6
11313.4
11313.7
11857.0
12462.6
12473.9
12563.2
12590.3
12751.4
13687.2
13776.8
14033.7
14081.7
14115.0
14386.9
14441.7
14549.1
14817.9
15019.2
15053.0
15408.9
15501.5
15578.4
15851.7
16309.2
16655.0
16783.2
17117.9
17242.1
17390.9
17501.9
17602.7
17657.4
17802.1
18162.1
18489.3
18937.3
18951.0
19010.6
19042.7
19155.7
19466.6
19498.5
19613.4
19729.3
19822.8
19916.3
19989.7
20125.6
20353.0
20619.0
20846.5
20855.6
21046.6
21279.8
21468.3
21811.4
22174.3
22483.6
22615.1
22914.8
22957.0
