6.9
93.9
486.0
689.2
1235.7
1239.9
1460.0
1478.8
1921.5
2112.0
2237.1
2355.6
2401.5
2542.3
2852.7
3288.4
3372.6
3407.3
3704.5
3725.1
4238.5
4257.8
4581.9
4802.1
4863.0
5207.8
5319.1
5492.2
5703.7
6224.9
6594.4
6912.5
7950.8
7965.7
7988.6
8262.0
8418.0
8508.4
8993.1
9039.0
9514.3
9524.0
9549.6
9685.6
9873.9
10032.1
10075.9
10477.1
10543.6
10611.4
10847.8
10865.2
10891.0
11072.0
11115.6
11412.5
11475.1
11672.2
11772.0
11796.8
11850.7
12008.8
12091.4
12203.6
13030.0
13243.2
13265.2
13636.7
13977.4
13978.4
14052.7
14346.0
14607.5
14714.5
15040.5
15388.2
15742.8
15765.4
16252.3
16302.7
16422.6
16457.8
16525.7
16875.9
17146.4
17948.8
17969.5
18030.6
18264.0
18463.2
18570.0
18579.7
18631.9
18729.7
18953.3
19108.9
19174.9
19290.1
19518.1
19886.5
20217.7
20235.6
20521.2
20533.9
20537.2
20746.3
21132.6
21279.4
21369.7
21429.5
21609.2
21799.8
22057.9
22116.5
22434.3
22496.7
