227.8
287.9
324.3
373.2
674.2
699.7
890.7
1103.8
1478.5
1588.8
1924.7
1969.9
2291.2
2309.5
2396.8
2424.4
2516.0
2637.6
2673.1
2830.8
2922.1
2924.0
3022.9
3183.8
3329.9
3912.5
4018.6
4190.7
4356.0
4636.3
4872.0
5066.8
5135.1
5871.8
6178.5
6397.9
6404.6
6459.7
6551.1
6743.6
6765.3
6834.4
6967.2
7294.5
7433.4
7617.0
7661.2
7679.1
7919.6
7926.5
8819.5
8853.3
8909.8
9125.9
9303.0
9314.9
9444.5
10254.1
10712.9
10822.0
10901.4
10983.6
11000.4
11259.5
11291.4
11435.6
11855.7
13054.0
13082.8
13156.6
13471.4
13780.2
13794.2
14266.0
14415.2
14515.6
14521.8
14540.9
14921.3
15034.0
15124.7
15162.0
15423.2
15650.7
15676.2
16155.8
16551.1
16615.4
16681.2
16995.3
17031.9
17472.9
17481.5
17516.7
17623.3
17680.3
17734.3
17860.8
17939.6
18010.4
18086.0
18140.1
18149.5
18273.0
18636.6
19082.3
19146.2
19689.1
19710.6
19776.9
19809.7
20039.8
20270.7
20378.4
20476.3
20481.0
20514.1
20817.1
20954.5
21239.2
21331.5
21386.7
21432.3
21622.5
21686.5
21755.8
22384.4
22435.6
22450.8
22513.5
