59.9
218.6
244.1
322.8
420.7
605.6
623.6
835.0
1100.4
1336.6
1497.1
1593.2
1990.6
2320.9
2610.4
2744.7
2754.8
2770.8
3239.9
3268.5
3293.4
3492.5
3541.9
3567.3
3636.3
3926.3
4432.6
5106.9
5623.3
5652.5
5807.6
5885.6
6057.3
6059.3
6333.9
6435.6
6930.1
7048.0
7584.2
8073.6
8246.4
8312.5
8651.8
9400.2
9500.3
9832.2
9888.9
10063.2
10253.7
10285.5
11100.5
11627.2
11695.5
12278.3
12474.4
13242.1
13580.7
13817.1
14609.2
14684.4
14718.5
14723.2
14747.6
14946.3
15327.2
15458.6
15640.0
15743.7
15766.0
16024.9
16112.8
16668.3
16873.3
17289.6
17292.5
17390.2
17421.9
17746.9
17796.5
18120.7
18456.4
18527.5
18536.5
18619.9
19005.1
19046.8
19339.6
19478.1
19497.4
19550.9
19767.4
19865.6
19936.5
19944.6
20372.3
20871.3
20936.9
21147.2
21776.6
21959.0
22138.9
22260.6
22703.3
