150.9
301.5
358.4
500.2
727.4
728.1
1218.5
1689.8
1873.3
1901.8
2034.7
2044.6
2256.6
2282.6
2302.2
2683.1
2826.0
2852.7
3076.9
3499.2
3569.4
3607.0
3866.1
3982.6
4061.1
4091.0
4163.7
4246.8
4303.5
4464.9
4623.4
4762.7
4866.8
4993.7
5103.1
5277.7
5787.8
6004.6
6013.0
6038.2
6358.0
6423.6
6517.6
6909.0
6933.8
7102.0
7135.1
7493.0
8175.8
8369.5
8787.2
9053.0
9217.4
9388.2
9497.7
9528.1
9790.1
9919.1
10066.6
10098.7
10221.9
10329.6
10374.2
10436.2
10551.4
10627.7
10815.4
10831.8
10880.3
10885.3
11182.8
11459.9
11789.1
12002.5
12142.1
12490.7
12714.9
12897.7
13012.5
13177.2
13809.7
13820.5
14134.4
14419.5
14490.6
14776.4
16344.0
16353.3
16474.5
16537.3
16782.5
16861.3
16917.1
16977.0
17061.4
17204.3
17502.2
17849.0
18278.8
18510.3
18827.1
19104.1
19118.6
19461.5
20172.8
20191.7
20373.6
20773.0
21084.8
21127.7
21164.7
21223.2
21337.3
21658.9
21707.5
21911.2
21914.5
22259.4
22387.2
22406.5
22827.0
22974.2
