142.5
184.5
382.6
876.3
1303.7
1978.1
2085.9
2239.3
2281.3
2301.1
2306.2
2411.7
2460.0
2507.0
2582.9
2740.6
2902.6
3063.0
3068.7
3130.5
3233.3
3233.4
3452.4
3641.5
3948.2
4021.6
4095.7
4381.3
4397.2
4588.4
5762.8
5885.4
5982.1
6260.6
6438.5
6623.0
6701.7
7050.7
7210.1
7280.2
7312.9
7911.2
8383.5
8757.5
9171.4
9340.9
10334.1
10444.9
10504.0
10523.0
11069.5
11212.0
11615.6
11619.1
11626.3
11939.0
12221.2
12609.5
13011.4
13052.0
13182.3
13267.0
13367.1
13373.8
13466.9
14078.3
14810.4
14857.3
14908.8
15321.6
15893.2
16334.1
16553.8
16716.9
16790.4
17016.7
17093.2
17227.6
17419.4
17426.0
17464.7
17477.2
17544.4
17604.6
17640.4
17827.0
18859.6
19092.8
19130.8
19366.3
19653.7
20024.5
20261.3
20423.3
20477.2
20858.0
21136.4
21226.8
21241.7
21342.7
21399.9
21585.8
21597.4
21669.3
21989.6
22220.3
22358.2
22632.0
22738.2
22804.7
