244.9
492.4
520.5
562.9
594.7
647.7
861.4
978.9
1086.7
1112.5
1150.3
1286.2
1491.7
1581.2
1809.0
1885.5
2018.0
2219.4
3115.1
3507.6
3596.5
4976.2
4996.5
5026.0
5134.3
6019.4
6197.9
6214.2
6292.5
7000.0
7140.2
7305.7
7465.1
7465.5
7757.9
7889.2
8112.5
9179.6
9287.3
9554.5
9598.2
10379.2
10413.3
10500.0
10585.8
10903.0
10988.7
11067.4
11340.5
11362.7
11447.8
12021.5
12143.9
12352.8
12444.5
12581.1
13787.1
14313.3
14365.4
14464.6
14696.7
14786.4
14965.2
15043.0
15253.2
15311.6
15451.1
15545.3
15549.1
15553.3
16373.7
16374.1
16512.9
16601.3
16879.9
16956.8
17113.4
17297.1
17321.5
17606.6
17634.0
17708.3
17722.2
17745.1
18463.5
18602.6
18682.2
18732.3
19079.0
19267.4
19411.4
19565.2
19584.3
19709.5
19951.8
19980.9
20206.2
20469.8
20559.5
20655.4
20701.0
20720.9
21412.1
21447.7
21988.7
22444.1
22551.4
22603.9
22651.4
