107.7
232.5
328.5
382.4
688.1
1173.0
1233.8
1270.7
1331.4
1470.8
1477.2
1512.4
1664.0
1797.6
2198.3
2211.7
2432.6
2537.3
2678.3
2946.8
3740.4
4494.5
4642.5
4682.0
4687.1
4878.8
5105.3
5252.9
5453.5
5769.8
5874.9
5937.6
6304.4
6530.4
6553.6
6930.8
7494.9
7529.6
7654.6
7824.0
8068.1
8326.8
8434.0
8467.7
8487.7
8513.3
8533.6
8651.7
8779.2
8866.0
8914.0
8927.2
8978.8
9024.0
9051.4
9074.7
10017.9
10040.6
10362.9
10403.0
10684.9
11213.9
11868.1
12282.9
12318.1
12618.1
12777.5
12872.1
13090.1
13103.4
13180.0
13197.5
13230.7
13522.6
13756.3
15400.5
15484.7
15651.5
15741.9
15855.6
16262.5
16384.6
16699.6
16700.4
16733.9
17617.9
17761.9
17976.2
17996.8
18410.9
18707.6
18792.2
18838.5
19183.3
19557.1
19582.7
19675.1
19976.6
20493.2
20752.3
20783.0
21137.4
21500.9
21611.3
21775.9
21860.0
21904.3
22192.2
22300.0
22481.3
22495.5
22890.7
