76.3
193.0
246.6
288.2
404.7
525.4
689.9
1142.5
1301.8
1356.3
1372.7
1440.8
1512.0
1528.4
1596.2
1688.8
1841.3
1939.5
2494.6
2775.4
3077.3
3234.5
3471.3
3514.1
3521.0
3564.0
3869.0
4295.8
4551.3
4646.8
4683.3
4758.2
5465.8
5792.1
5877.2
6376.7
6793.1
7439.4
7451.2
7614.8
7620.0
7654.5
7707.5
8011.9
8169.6
8462.3
8984.9
9118.2
9332.0
9381.8
9386.1
9765.1
9801.8
9915.5
9925.0
10024.2
10161.3
10536.3
10817.9
11138.7
11582.6
11721.5
12130.9
12161.2
12245.4
12544.6
12704.7
12759.8
12850.7
12985.6
13208.5
13220.2
13242.2
13354.4
13513.7
13608.3
13617.5
13647.9
13654.9
13677.2
13928.6
14682.6
15105.0
15253.7
15370.4
15522.7
15589.2
15653.4
16299.7
16395.5
16533.8
16642.4
16643.5
17045.5
17266.0
17322.9
17435.4
17541.4
17670.7
17677.6
17812.0
18210.5
18331.6
18522.4
18680.2
19243.1
19538.5
19914.4
19945.0
19952.7
20151.5
20217.5
20334.7
20866.5
21485.6
21491.6
21697.9
22079.9
22371.7
22599.9
