191.5
205.8
767.6
771.8
901.8
986.7
1373.0
1687.7
1802.4
1825.3
2374.0
2387.8
3064.7
3522.3
4162.4
4422.9
4444.4
5340.7
5347.8
5621.1
5642.6
5692.7
5914.2
5927.9
5991.7
6037.3
6091.9
6478.9
6663.4
6682.5
6728.2
7105.9
7521.4
7537.6
7620.0
8340.3
8685.5
8703.5
8728.4
9064.1
9281.2
9285.6
9337.9
9381.7
9439.0
9628.6
9886.9
10066.5
10544.5
10764.0
10773.1
10968.7
11179.5
11907.2
12051.8
12129.0
12210.9
12266.6
12448.4
12613.1
12672.7
13404.8
13468.1
13578.8
14071.3
14289.5
14363.9
14534.7
14615.5
15146.2
15208.2
15214.5
15430.8
15508.7
15547.8
15556.6
15570.4
15736.3
16040.3
16158.7
16448.1
16871.2
17055.4
17233.2
17373.5
17550.1
18133.1
18220.8
18221.6
18661.5
19207.4
19220.7
19543.3
19566.5
19756.2
19800.7
20078.2
20359.7
20521.4
20985.6
21563.6
21905.9
22059.5
22118.9
22259.8
22817.3
