777.9
861.3
934.7
1316.2
1508.4
1518.1
2011.4
2026.9
2157.8
2207.1
2279.8
2383.4
2746.1
2869.4
3179.5
3532.0
4037.2
4210.8
4285.1
4780.6
4842.8
5076.6
5371.5
5568.2
6031.3
6125.8
6397.1
6691.6
6770.9
6772.0
6959.2
6965.7
7184.1
8026.0
8207.8
8277.2
8398.4
8406.0
8706.9
8731.4
8915.0
8944.4
9181.5
9642.7
9675.5
9712.3
10154.9
10162.6
10471.5
10492.0
10521.8
11044.7
11095.6
11299.0
11446.3
11672.1
11876.0
11972.1
11991.1
12219.0
12228.3
12422.7
12521.9
12553.4
12913.2
12994.3
13188.8
13329.6
13398.1
13409.3
13521.8
13586.7
13750.8
13896.9
14046.3
14160.7
14185.9
14865.1
15047.5
15098.0
15224.5
15341.1
15594.3
15634.6
15738.6
15948.9
16240.1
16264.3
16291.8
16305.9
16574.4
17220.0
17294.3
17543.2
17858.1
17922.7
17930.8
18069.3
18091.0
18183.0
18532.8
18749.3
19010.3
19266.3
19311.7
19319.4
19356.2
19364.1
19410.0
19450.2
19551.3
19562.0
19767.7
19883.3
20140.7
20378.9
20399.8
20574.7
20875.7
20944.5
21091.3
21234.8
21314.8
21383.1
21519.0
22400.7
22584.9
22781.7
