42.3
51.5
514.2
516.7
622.5
1530.2
1628.3
2140.3
2149.4
2424.6
2526.9
2530.2
2751.3
3025.7
3108.5
3392.1
3966.0
4017.1
4079.9
4693.8
4694.1
4901.0
5362.9
5368.4
5459.0
6092.8
6235.5
6652.2
6686.4
7231.2
7360.7
7395.1
7454.1
7575.4
7597.9
7843.6
7896.6
8115.9
8147.1
8580.8
8678.2
8793.0
9024.6
9046.5
9095.3
9394.1
9585.4
9869.9
10409.8
10488.4
11055.9
11413.4
11460.9
11524.0
11577.3
11581.6
11627.3
11763.5
11841.1
11853.5
11880.2
12024.9
12031.6
12193.6
12224.3
12236.6
12365.4
12442.3
12752.2
12771.6
12874.8
13099.1
13192.2
13340.9
13484.4
13585.6
13601.7
13668.8
14007.5
14347.7
14484.2
14505.8
14550.9
14575.5
14616.4
15215.2
15539.2
15655.7
15880.7
16069.5
16437.7
16574.7
16588.6
16783.8
16939.9
18177.9
18288.8
18378.0
18654.6
18758.5
18856.5
19057.5
19200.5
19225.0
20193.0
20242.5
20267.9
20609.9
21003.3
21035.1
21167.7
21345.8
21519.1
21523.1
21800.1
21832.8
21992.7
