85.2
729.6
774.6
801.0
830.7
922.8
952.5
1018.9
1271.5
1981.4
2350.3
2655.7
3108.7
3402.4
3563.1
3734.0
3899.3
4112.2
4149.4
4160.8
4169.7
4264.3
4269.1
4289.0
4771.9
4773.7
4955.4
5570.0
5707.5
5940.8
5978.2
6031.6
6136.7
6659.9
6721.6
6725.5
6845.0
6893.4
6964.0
7236.1
7435.6
7826.0
7901.4
7947.9
8278.9
8329.9
8396.9
9028.4
9204.5
9254.3
9480.6
9634.0
9693.4
9931.0
10338.6
10416.5
10446.0
10542.3
10654.0
11155.2
11157.7
11268.9
11335.9
11422.9
11479.1
11814.9
11996.9
12118.0
12250.4
12321.7
12483.2
12556.4
12572.3
12584.1
13282.9
13384.1
13569.1
13736.8
13939.6
14182.8
14193.7
14199.5
14239.8
14336.8
14406.4
14790.6
15032.4
15362.8
15662.7
15665.5
15716.4
15787.5
15865.7
15912.6
15955.6
16357.6
16406.8
16652.1
17036.0
17181.9
17276.9
17791.2
17870.4
18047.2
18239.7
18322.4
18546.4
19158.2
19180.4
19229.0
19544.6
19793.8
19988.7
20006.9
20133.0
20163.7
20479.6
20695.7
20798.2
21182.6
21534.7
21665.5
22175.3
22290.2
22375.5
22462.1
22507.2
22635.7
