217.3
254.8
1007.2
1078.0
1301.0
2142.1
2285.8
3077.9
3249.0
3389.0
3838.1
4109.3
5411.9
6276.7
6449.7
6976.5
7138.2
7191.4
7589.7
8088.1
8128.5
8204.7
8485.3
8667.9
8959.9
9838.2
10458.8
10743.8
10883.0
11173.7
11184.9
11255.4
11286.2
11932.3
11938.9
12134.7
12309.9
12559.5
12770.8
13073.4
13318.0
13966.9
14055.5
14322.6
14346.1
14910.7
15103.6
15308.6
15417.1
15670.5
16052.0
16866.7
16904.3
17083.5
17101.6
17197.0
17234.8
17368.2
17590.4
17747.4
17967.6
17989.6
18781.7
19080.8
19217.7
20157.8
20278.9
20551.9
20911.2
21386.2
21386.7
21541.2
21626.7
21647.3
21696.2
22259.1
22442.5
22954.5
