140.1
244.7
517.3
872.2
1042.5
1168.0
1491.2
1788.5
2348.8
3302.8
4005.9
4017.7
4101.2
4423.8
4520.8
4523.3
5229.8
5518.4
6139.8
6427.4
6614.5
7500.1
7889.8
8030.4
8344.6
8947.4
8967.3
9025.8
9054.2
9061.3
9227.6
9283.0
9322.5
10118.5
10484.6
10648.1
10885.4
10903.9
11096.8
11311.9
11692.4
11867.0
11952.4
12037.6
12151.9
12157.6
12418.9
12638.8
12783.7
12821.5
12833.1
13050.8
13251.8
13577.7
13894.1
14105.8
14585.5
14792.1
15076.1
15438.7
15480.2
15491.2
15713.7
15844.6
15892.6
15969.4
16033.6
16284.7
16598.7
16792.7
16945.5
17391.0
17513.1
17561.3
17900.2
18338.1
18367.8
18372.1
18579.1
18600.0
18714.6
18740.5
18908.9
19571.5
19644.8
19931.0
20785.7
20975.3
21026.2
21031.1
21176.1
21531.1
21536.6
21618.2
21685.3
21880.1
22090.6
22334.4
22425.0
22699.2
22773.3
22785.0
22825.0
