92.7
296.2
307.4
356.1
529.1
597.5
796.8
949.2
1677.8
1948.4
2078.2
2249.9
2659.2
2668.9
2711.8
2901.4
3453.0
4314.2
4327.7
4422.9
4854.8
4900.6
5227.5
5235.9
5259.1
5374.5
5422.6
5547.6
5650.1
5758.4
5791.5
5912.1
6008.1
6041.4
6500.1
7170.9
7659.4
7836.8
7874.2
7958.1
7976.0
8160.0
8926.6
9007.4
9454.4
9540.5
9591.2
9814.2
9817.7
9874.1
10209.6
11565.6
11659.6
11927.9
12248.8
12324.2
12340.7
12805.7
13399.5
13543.8
13698.4
14120.9
14386.7
14466.4
14823.7
14858.0
15083.4
15335.1
15408.1
15476.6
16208.7
16396.5
16916.5
17262.6
17299.5
18190.7
18277.9
18499.1
19008.4
19016.4
19375.3
19537.0
19651.6
19819.6
20236.0
20266.9
20274.3
20275.3
20320.5
20339.6
20392.5
20430.8
20647.1
20775.9
20853.5
20937.1
20997.6
21252.8
21412.3
21445.1
21477.3
21545.1
21989.5
21996.0
22000.5
22074.3
22087.5
22138.0
22300.7
22403.8
22502.5
22682.5
