371.0
384.3
884.9
1025.3
1266.2
1365.4
1735.3
1766.8
1771.1
2173.0
2179.4
2737.5
2797.3
2945.4
3049.7
3094.6
3197.9
3417.1
3734.5
3874.9
4044.3
4441.8
4446.3
4559.2
4891.9
4941.4
5760.2
5918.3
6064.8
6346.8
6421.6
6766.6
7140.6
7303.4
7756.8
8100.4
8218.7
8385.6
8731.4
8925.2
8944.9
9016.0
9065.4
9138.9
9210.8
9318.6
9385.1
9515.4
9534.5
10263.3
10339.0
10452.2
10610.8
10792.3
10954.3
10988.4
11085.6
11185.4
11221.3
11375.0
11532.9
11570.9
11618.9
12027.2
12558.9
12615.1
12720.7
12754.9
12776.0
12861.1
12882.7
13344.2
13361.9
14126.3
14295.6
14389.9
14527.9
14835.2
14883.9
14919.9
14956.0
15650.8
17067.4
17232.0
17350.1
17367.5
17767.6
18755.0
18845.3
19171.6
19235.1
19380.0
19718.3
19809.5
20105.3
20125.0
20304.6
20357.6
20475.1
20545.8
20832.2
21363.7
21472.1
21472.4
21675.3
22513.8
