194.0
434.4
566.0
1630.9
1664.9
2774.9
2936.4
3019.9
3541.5
3562.5
3755.0
3781.1
3804.8
3865.4
4169.4
4226.2
4314.7
4397.7
5462.3
5828.3
6076.0
6126.4
6143.3
6242.3
6657.6
6867.4
7476.2
7558.1
7607.0
7630.9
7830.6
7995.2
8213.4
8513.7
8841.4
9012.8
9086.2
9570.2
9579.7
9680.2
9759.2
9779.6
9915.2
9931.8
9962.0
10085.4
10113.2
10586.9
10759.7
10862.1
10941.0
11633.7
11737.6
12350.7
12703.0
12759.4
13371.0
13444.9
13609.4
13838.2
14363.1
14443.6
14532.5
14736.9
14893.4
14992.0
15883.7
15955.0
16535.4
16912.5
17371.0
17454.4
17920.7
17970.5
17996.6
18233.1
18655.9
18669.6
18868.0
19556.8
19689.5
19806.8
19936.1
20469.6
20543.3
21101.9
21183.0
21583.7
21930.2
22232.4
22404.8
22509.2
22525.3
22663.1
