48.9
389.5
486.6
637.9
868.9
1023.0
1143.3
1154.1
1235.5
1318.5
1530.3
1689.3
1919.3
2113.5
2446.2
2523.3
2615.1
2643.2
2771.9
3368.2
3369.1
3528.7
3557.4
3619.0
3632.7
4224.0
4661.4
4900.0
4930.0
5293.7
5437.1
6177.1
6213.4
6416.6
6478.9
6743.8
6819.2
7025.6
7044.0
7053.2
7203.6
7422.5
7458.0
7558.2
7738.9
7847.9
7860.5
8455.8
8645.8
8719.7
8867.4
8910.6
9065.1
9920.7
9973.7
10119.3
10309.6
10857.7
11024.7
11335.2
11356.9
11621.3
11739.6
11892.4
11987.7
12198.6
12525.3
12635.8
12713.2
12792.7
12955.6
13045.8
13069.4
13173.9
13218.2
13310.3
13366.1
13608.3
13941.5
14392.7
14831.9
14886.0
15232.8
15266.5
15347.7
15614.4
15720.5
15998.9
16297.5
16412.1
16490.0
16587.0
16778.7
16827.1
17237.1
17604.4
17639.2
17678.6
17784.9
17927.1
18721.5
19314.1
19381.2
20067.6
20098.0
20279.8
20376.7
20485.0
20671.1
21065.9
21070.5
21081.6
21221.3
21232.9
21315.1
21352.2
21476.9
21556.1
21939.6
21949.1
21976.2
22308.4
22536.3
22745.3
22870.8
