67.8
117.0
291.5
335.8
337.5
596.9
650.2
742.1
1170.9
1390.1
1639.9
1706.4
1970.8
2087.2
2281.1
2391.4
2458.7
2657.7
2755.8
3700.9
3756.2
3856.5
3916.8
4287.6
4339.6
4743.3
4773.1
5044.0
5059.0
5104.7
5386.1
6019.7
6068.0
6182.3
6832.9
7233.5
7541.2
7626.2
7781.2
7858.0
7880.2
8196.9
8273.6
8702.2
8934.9
8946.7
9015.2
9016.7
9089.9
9258.7
9301.8
9497.1
9899.2
9964.2
10054.1
10240.1
10524.0
10668.4
10690.4
10721.6
10926.1
11038.4
11162.4
11404.6
11755.0
11972.7
12590.5
12948.3
12962.1
13245.6
13504.9
13539.2
13881.3
14387.4
15237.7
15326.0
15482.4
15861.6
16218.2
16268.4
16687.1
16702.0
16773.7
16854.5
17050.8
17507.6
17546.9
17953.8
18327.4
18522.3
18561.1
18743.3
18916.1
19096.6
19381.0
20210.7
20250.8
20556.8
20675.3
20703.5
20772.3
20848.3
21239.1
21360.2
21370.9
21474.9
21487.5
21752.2
22119.3
22389.2
22460.8
