79.6
129.4
388.0
690.7
703.9
1142.9
1400.8
1599.9
1820.5
1979.7
2063.3
2303.4
2350.3
2387.2
2730.9
2882.0
3071.4
3164.9
3408.9
3466.9
3732.9
4065.0
4346.3
4506.1
4886.3
6108.7
6485.6
6936.3
7065.0
7171.0
7430.3
7721.9
8174.6
8336.3
8672.6
8864.4
9333.3
9362.4
9375.2
9579.2
9646.1
9655.4
9672.1
9692.4
10386.1
10419.4
10660.0
10719.5
10875.8
11158.5
11443.6
11472.5
11668.0
11702.9
11978.9
12166.2
12250.1
12512.4
12770.6
12962.6
13407.2
13424.5
13497.0
13500.6
14303.6
14337.2
14467.8
14607.7
14655.0
14821.2
14925.1
15174.1
15283.6
15303.4
15305.0
15603.9
15760.4
15982.9
16047.0
16214.4
16220.4
16293.7
16380.9
16654.3
17055.0
17118.6
17279.5
17834.9
18153.5
18389.5
18486.4
18712.0
18763.8
18852.5
19274.4
19357.0
19397.9
19726.2
19812.7
20703.5
20733.2
20824.9
21018.6
21414.1
21519.1
21605.7
21701.4
21858.0
22001.6
22030.0
22381.8
22475.3
22502.3
22528.5
