176.7
363.7
409.4
657.3
775.1
990.8
1736.6
1901.2
1998.8
2259.0
2387.6
2392.9
2824.2
3048.7
3150.0
3418.2
3688.9
3744.6
3748.5
3924.2
4032.3
4164.9
4889.3
5100.9
5581.9
5745.1
6201.3
6461.9
6727.0
6960.2
7351.6
7845.1
8683.0
9236.0
9356.5
9372.2
9432.0
9625.4
9814.0
10428.4
11215.1
11629.8
11786.2
11796.0
11981.4
12213.8
12294.6
12321.4
12413.8
12419.1
12446.7
12546.2
12552.5
12586.6
12672.9
12785.5
13141.6
13278.4
13554.6
13677.4
14056.0
14121.8
14148.8
14184.6
14310.7
14445.9
15106.7
15418.5
15545.5
15786.2
15792.5
15941.0
16350.1
16528.1
16601.8
17010.9
17381.0
18324.7
18491.4
18607.9
18610.9
18728.4
18763.2
18918.7
19006.5
19047.4
19081.9
19111.2
19310.0
19431.8
19528.7
19628.7
19641.0
19756.8
19815.2
19863.4
19957.0
20095.6
20157.7
20259.4
20311.2
20715.5
21152.7
21405.9
21784.1
21893.1
22300.1
22427.9
22508.8
22558.6
