25.0
278.9
459.1
548.9
1038.2
1149.0
1172.0
1456.9
1623.9
1667.6
1856.9
1919.3
2036.5
2128.0
2231.4
2285.4
2452.6
2568.4
2632.1
2635.0
2730.9
3151.0
3511.5
3524.3
3596.6
3657.6
4108.6
4211.4
4213.8
4316.1
5179.4
5565.0
5870.2
5949.2
6012.2
6250.4
6305.0
6704.9
6763.9
7459.6
8055.4
8210.7
8264.5
8688.1
8857.0
8863.7
9262.1
9611.5
9685.4
9841.7
9989.4
10189.5
10254.0
11263.6
11540.5
11571.5
11646.6
11796.3
11872.8
12216.0
12244.6
12543.0
12605.5
12802.4
12810.2
12911.8
13054.8
13133.6
13383.8
13500.0
13637.7
13690.5
13798.5
13836.3
13869.8
14053.1
14186.4
14211.4
14631.7
14694.7
14807.9
14851.5
15153.9
15159.2
15198.8
15868.2
16422.0
16437.8
16800.0
16814.5
16946.0
17048.7
17117.4
17401.7
17564.8
18080.9
18208.4
18709.7
19037.0
19047.7
19117.1
19371.7
19523.9
19950.2
20067.6
20226.9
20375.5
20456.1
20684.3
20775.1
20802.1
21209.9
21241.4
21308.4
21318.4
21415.2
21507.0
21577.5
22155.0
22824.5
22872.7
22939.1
