167.7
437.4
444.0
482.3
1008.9
1617.7
1651.9
1794.8
1906.5
2598.7
2672.2
2847.5
2877.8
3101.4
3236.6
3281.7
3427.2
3471.9
3491.9
4289.6
4305.1
4393.0
4515.0
4555.5
4598.4
4635.6
4863.5
4982.4
5231.3
5263.8
5560.9
5574.4
5826.5
5973.6
5990.2
6113.5
6117.1
6201.4
6218.3
6319.0
6707.4
6885.9
6921.9
7386.7
7779.3
8071.4
8085.2
8095.0
8825.1
9452.1
9505.1
9588.2
9721.7
9954.2
9976.5
10039.6
10329.3
10426.8
10821.9
11123.5
11136.5
11381.7
11467.2
11823.3
11861.9
12109.9
12209.0
12219.4
12911.2
13005.8
13199.8
13262.6
13353.7
13595.1
13724.6
13897.1
14016.1
14282.6
14511.3
14536.6
14567.7
15097.5
15588.3
15759.2
16033.3
16063.4
16287.3
16509.5
16614.7
16751.0
16838.8
16901.2
17192.6
17285.3
17417.7
17425.4
18159.4
18244.0
18281.4
18332.2
18402.2
18819.4
18830.1
19057.0
19169.2
19513.1
20729.7
20784.1
21373.7
21472.8
21510.9
21819.3
21851.1
21955.3
22289.5
22383.4
22687.5
