128.0
353.5
428.1
488.9
548.5
927.8
979.3
1325.9
1782.6
1893.4
2119.0
2282.6
2632.2
2782.3
2929.8
3082.8
3214.0
3243.9
3390.1
3683.9
3715.4
3744.3
3899.2
4133.8
4437.7
4506.0
4537.0
4537.9
4718.2
4938.8
5175.5
5222.6
5248.6
5283.9
5424.8
5538.8
5628.6
5635.8
5674.4
5784.9
6150.7
6186.6
6194.1
6289.3
6401.0
6610.5
6745.9
7125.6
7224.0
7574.9
7594.7
8062.8
8099.8
8140.7
8379.6
8379.7
8389.1
8790.0
9016.2
9629.6
10095.2
10804.1
11132.5
11383.2
11455.0
11476.2
11630.8
11767.3
12029.5
12031.3
12142.5
12178.0
12402.7
12485.7
12571.6
12695.3
12705.9
12775.4
13137.3
13368.2
13520.6
13601.8
13672.2
13716.1
13728.9
13934.0
14092.6
14163.4
14384.2
14865.6
14912.9
14983.7
15062.3
15066.0
15308.0
15812.8
15883.6
16176.6
16282.3
16394.2
16409.4
16580.4
16772.8
16801.4
16831.0
17185.8
17478.5
17490.9
17519.9
17612.1
17980.0
18004.1
18291.8
18441.0
18476.1
18569.1
18585.9
18843.7
19187.5
19187.6
19197.1
19360.9
19421.1
19885.6
19978.4
20839.2
20942.0
21076.0
21645.3
21746.0
21754.3
21880.4
21959.8
22048.6
22104.7
22333.9
22450.4
22547.4
22581.5
22812.6
22867.3
