170.9
395.3
783.4
1360.8
1632.2
1641.2
1691.1
1703.8
1827.8
2104.3
2157.0
2313.3
2437.8
2815.1
3023.1
3184.6
3273.1
3290.3
3384.2
4073.8
4225.1
4293.0
4368.7
4608.2
6044.4
6233.9
6296.9
6742.1
6887.3
7136.8
7387.4
7565.7
7805.2
8823.5
8862.7
9124.1
9235.6
9336.6
9429.3
9479.9
9494.0
9821.7
10401.2
10485.8
10585.6
10752.3
10852.7
11058.8
11452.8
11463.4
12564.3
12780.6
12930.8
13297.5
13531.5
13564.1
13782.1
13835.3
14133.4
14193.2
14258.8
14620.9
14842.0
15046.0
15051.6
15094.0
15265.9
15401.7
15448.0
15747.0
15892.0
16084.1
16437.4
16529.4
16820.7
17100.7
17175.2
17286.3
17590.5
17788.5
17903.4
17967.3
18021.2
18561.2
18581.0
18850.7
18925.7
18942.8
19019.7
19077.7
19340.3
19347.0
19409.0
19449.9
20136.5
21070.7
21136.3
21178.3
21205.3
21474.4
21563.5
21835.1
21837.0
21843.0
22285.7
22531.2
22645.2
22646.8
22799.2
