243.1
983.3
1121.7
1127.8
1255.7
1572.0
1637.2
1964.0
2142.6
2326.1
2377.4
2432.5
2767.9
2891.0
3174.6
3467.0
3487.1
3630.3
3712.5
3722.8
3842.2
3898.1
4091.3
4239.1
5160.3
5225.6
5235.5
5992.2
6109.9
6261.4
6530.8
6587.6
6930.4
7119.6
7276.0
7310.7
7371.8
7441.8
7958.5
8082.0
8238.4
8817.8
8937.8
9554.1
9584.8
9683.1
9929.2
10152.6
10228.1
10325.0
10327.5
10341.3
10560.6
10615.4
10784.5
10882.6
10978.9
10991.9
11296.9
11411.3
11442.7
11559.6
11602.0
12082.4
12116.7
12268.9
12689.0
12768.2
12947.9
13050.8
13095.6
13219.2
13388.2
13736.9
13960.8
14169.7
14218.9
14384.0
14419.8
14636.7
15686.9
15719.2
16247.9
16626.8
16946.5
17129.5
17268.4
17491.9
17563.4
17575.2
17727.1
18025.9
18289.0
18640.2
18671.6
18974.0
19036.2
19096.1
19533.5
19553.6
19772.2
19824.8
19870.4
20049.2
20463.2
20849.6
20974.8
21322.2
21568.0
21632.9
21728.2
21834.4
22143.6
22958.0
