181.8
281.2
698.6
765.1
1405.0
1589.7
1707.4
2111.0
2298.2
2323.3
2364.2
2482.7
2523.5
2534.8
2908.7
3151.5
3417.7
3670.4
3700.9
4088.1
4261.9
4497.0
4687.7
5211.9
5348.6
5488.7
5777.9
5906.8
6137.4
6289.7
6362.3
6377.4
6387.0
7245.2
7332.1
7401.3
7550.7
7713.5
7816.9
7890.9
8097.1
8185.2
8381.3
8400.1
8597.4
9333.4
9493.7
9828.3
9933.7
10117.9
10119.2
10125.9
10296.6
10362.7
10687.1
11087.0
11599.3
11654.3
12138.2
12520.0
12523.1
12691.0
12986.6
13036.0
13697.2
14213.0
14516.6
14567.6
14576.0
14910.6
15452.3
15696.5
15767.7
15849.7
15919.7
15930.0
16135.8
16337.3
16438.3
17213.0
17273.1
17448.7
17585.1
17671.4
17674.4
17714.5
17721.3
17723.4
17919.0
18030.0
18672.4
18989.9
18991.6
19245.4
19569.3
20005.0
20016.3
20051.4
20710.5
20983.1
21021.5
21113.6
21373.6
21532.4
21565.9
21728.9
21972.5
21989.7
22320.3
22429.7
22748.1
22777.7
