10.3
493.9
858.6
970.8
1169.8
1334.1
1671.5
1830.7
2024.7
2277.8
2278.5
2393.4
2921.9
3039.5
3066.6
3202.1
3458.4
3506.3
3572.3
3712.8
3937.9
4024.0
4070.9
4133.3
4526.1
4662.2
5022.7
5354.1
5478.2
5585.4
5644.7
5669.8
6914.7
7497.7
7794.6
7915.7
7994.4
8054.7
8147.4
8369.4
8386.8
8872.7
9103.0
9445.4
9686.0
9800.4
10021.0
10541.4
10619.0
10705.2
10746.6
10943.9
10998.1
11315.1
11359.7
11379.7
11457.0
11617.9
11653.6
12760.1
12780.5
13260.3
13407.8
13492.9
13507.3
14269.3
14514.2
14519.9
14690.3
14857.5
15085.7
15137.9
15275.7
15368.0
15726.7
15830.7
15867.3
16285.4
16574.8
16860.9
17314.5
17325.9
17502.9
17545.1
17849.4
17893.0
17927.4
17948.6
18134.0
18137.8
18165.5
18225.2
18340.2
18588.5
18607.5
18664.4
18718.2
19093.9
19233.2
19282.6
19305.9
19438.7
19529.3
19625.1
19658.0
20089.9
20175.5
20216.4
20293.1
20669.2
20694.9
21224.3
21457.3
21622.3
21849.0
21967.3
22155.4
22532.2
22600.0
22960.2
22961.9
