273.7
396.3
870.1
1090.5
1484.3
2168.7
2536.0
2718.6
2980.6
3049.1
3359.7
3364.1
3397.2
3669.0
3698.5
3783.5
4790.5
5174.0
5400.5
5447.8
5584.0
5990.9
6407.5
6525.9
6742.6
6783.1
6924.9
7219.8
7268.1
7292.6
7474.6
7495.9
7842.0
7867.3
7990.6
8156.7
8819.4
9011.8
9103.5
9169.6
9668.8
10423.5
10551.2
11123.7
12872.8
12923.7
13600.6
13681.7
13773.8
13775.5
13891.2
13916.8
14156.7
14267.7
14496.9
15025.1
15795.7
16138.4
16399.4
16460.6
16595.8
16714.7
16774.2
17251.9
17486.4
17636.9
17990.4
18077.1
18475.9
19039.6
19926.1
20049.1
20087.6
20154.9
20192.1
20719.3
20915.5
21069.4
21107.2
21292.2
21330.7
21513.9
21649.1
21663.6
22241.0
22266.1
22426.6
22472.7
22666.1
22715.1
22872.6
