204.1
380.5
715.1
912.9
958.0
1023.5
1115.0
1567.0
1976.6
2167.2
2231.8
2385.2
2846.6
3055.6
3107.3
3422.2
3628.9
3635.4
4145.4
4548.9
4602.6
4717.4
4804.2
5334.9
5403.9
5604.5
6099.2
6231.6
6395.1
6549.9
6645.7
6771.5
7207.9
7473.0
8363.6
8438.1
8731.8
8997.2
9101.6
9279.3
9450.7
9675.0
9949.8
9959.0
10321.9
10593.9
10630.2
10664.5
10665.1
10704.6
11040.6
11104.2
11600.8
11664.2
12226.7
12235.3
12256.4
12433.9
12552.4
12886.9
13074.0
13308.9
13578.6
13860.1
13875.5
14136.5
14953.3
15054.0
15168.0
15182.3
15208.6
15277.9
15338.1
15409.0
15478.0
15561.0
15574.1
15617.5
15623.7
15901.8
15992.6
16221.3
16621.4
16687.5
16775.7
16780.9
16786.2
16838.9
17000.9
17130.8
17600.1
17617.9
17701.9
17795.7
17817.1
17837.7
18003.1
18003.6
18108.0
18108.8
18268.6
18366.1
18406.8
18675.0
18858.8
18973.8
19120.3
19268.5
19330.2
19603.7
19928.1
19985.7
20049.1
20281.2
20530.3
20547.7
20937.9
21014.9
21136.2
21655.4
21846.3
21960.1
22454.0
22500.4
22783.2
