127.4
145.6
710.6
985.4
1087.2
1657.2
1723.7
1980.4
2135.8
2136.0
2176.5
2196.1
2567.7
2797.8
2936.4
2991.0
3023.2
3390.8
3408.2
3546.9
3789.9
4156.4
4193.0
4290.9
4341.6
4513.4
4541.8
4730.4
5015.4
5019.4
5077.5
5257.1
5677.7
5881.7
5889.0
5928.8
5959.6
6327.9
6481.6
7023.1
7035.1
8241.7
8558.8
8797.3
8874.0
8887.1
8945.8
9225.3
9676.2
9739.3
9846.2
9950.6
9970.1
10092.7
10395.7
10433.9
10496.2
10774.1
10849.9
11355.7
11430.7
11864.8
12221.7
12636.4
12699.6
12820.9
13269.1
13798.9
14091.2
14317.7
14440.2
14746.8
14911.2
14963.2
15034.0
15077.0
15142.0
15198.8
15244.8
15343.1
15356.8
15421.4
15519.2
15660.4
16684.9
16699.2
16798.4
16912.9
17023.7
17024.4
17096.7
17319.6
17466.5
17497.9
17630.2
17787.8
18035.5
18092.7
18110.4
18113.1
18223.4
18504.2
18572.5
18639.7
18744.6
18884.3
18894.2
19227.8
19402.7
19822.5
19989.5
20341.0
20640.9
20836.1
21524.5
21538.7
21552.1
21967.8
22026.3
22163.1
22667.6
22712.4
22911.8
