197.8
257.2
295.8
414.3
964.2
991.3
1188.4
1581.0
1592.1
2118.3
2797.0
3181.8
3521.4
3985.0
4107.6
4467.2
5147.3
5256.5
5367.0
5621.1
5821.0
5935.6
5992.7
7266.8
7316.9
7496.9
8143.7
8263.1
8314.5
8400.5
8559.5
8969.1
9150.8
9324.8
9348.5
10141.9
10553.5
10911.7
11329.7
11349.0
11473.8
11621.6
11757.2
12410.0
12425.8
12478.1
12675.2
12858.4
13421.0
13622.4
13634.3
13636.6
13682.0
13875.7
13935.8
14416.9
14428.0
14877.5
15501.7
15508.2
16045.7
16262.8
16408.5
16505.5
16563.8
16962.8
17080.3
17240.9
17845.7
17890.2
18363.7
18435.3
18602.9
18953.6
19072.2
19483.0
19933.1
19937.4
19980.8
20094.2
20296.4
20747.1
20769.7
21302.3
21316.6
21334.0
21376.9
21387.1
21409.7
21970.3
22314.9
22810.2
22819.7
