0.4
159.1
186.4
202.6
507.7
701.5
712.0
870.9
919.1
1048.9
1468.1
1521.7
1659.0
1998.3
2587.8
2717.1
2913.2
3295.6
3381.2
3432.9
4395.8
4869.8
5015.5
5310.1
5504.5
6046.3
6054.7
6461.0
7039.1
7142.9
7217.5
7290.0
7417.2
7442.6
7448.1
7631.1
7632.5
8203.0
8268.1
8493.8
8763.6
9078.5
9158.7
9187.6
9328.6
9774.1
9957.1
10052.7
10057.7
10079.6
10095.9
10346.7
10357.8
10418.8
10432.6
10597.2
10600.9
10643.8
10783.4
11135.6
11355.7
11818.6
11873.3
11961.6
12176.8
12619.2
12662.9
12864.0
13183.8
13287.0
13538.8
13718.7
13753.6
14029.4
14175.0
14178.4
14197.6
14353.5
14614.8
14964.7
15361.6
15699.8
15740.6
15884.1
15893.3
16034.7
16163.8
16458.1
16677.8
16873.3
17038.2
17097.9
17242.5
17344.4
17393.7
18053.0
18115.9
18228.6
18457.9
18572.5
18859.4
19041.7
19229.9
19263.6
19719.9
19788.6
20089.0
20153.9
20215.6
20265.8
20499.7
20514.4
21133.8
21269.3
21329.3
21347.4
21823.6
21866.1
22380.8
22435.7
22502.9
22536.5
22811.3
