34.1
162.3
507.3
635.8
844.2
847.2
982.2
1272.0
1307.0
1593.5
1836.8
2149.9
2153.3
2402.5
2410.2
2431.0
2480.0
2853.2
2934.4
3216.0
3564.3
3613.0
3922.5
4001.7
4026.9
5467.5
5662.3
6300.1
6418.6
6421.3
6492.6
6575.3
6669.1
7068.2
7145.1
7181.5
7290.5
7329.8
7627.3
8311.3
8799.7
9471.3
9473.5
9620.9
9705.5
9831.2
9996.5
10367.8
10724.2
10852.4
10925.1
11447.4
11611.7
12075.1
12199.7
12370.5
12651.2
12793.5
12835.8
12988.0
13136.4
13193.8
13221.7
13510.7
13775.0
14154.0
14229.0
14504.5
14575.8
14618.6
14655.8
14759.0
15052.9
15081.4
15304.3
15510.1
15868.6
15896.6
16134.4
16226.8
16306.1
16555.9
17352.5
17425.7
17659.2
18066.5
18477.4
19007.9
19200.7
19612.4
19739.5
19971.3
19980.0
20164.7
20557.8
20692.7
21040.0
21137.7
21266.1
21307.0
21817.4
21954.9
22367.1
