58.9
65.3
167.1
392.3
698.5
703.0
859.4
1202.6
1261.0
1759.0
1887.0
2531.5
2611.0
2735.2
3042.2
3201.2
3610.1
3842.0
4087.0
4343.4
4400.0
4542.5
4585.1
5421.2
5447.5
5565.7
5731.9
6046.0
6519.6
6551.2
6611.8
7060.1
7084.5
7175.1
7346.5
7388.6
7546.4
7636.6
8103.2
8567.2
8675.3
8732.0
8833.2
8896.0
9006.3
9165.9
9480.9
9944.8
10110.3
10136.2
10876.5
11062.7
11133.6
11460.0
11665.3
11924.2
12029.2
13620.1
13660.5
13711.7
13963.4
14016.3
14138.5
14267.6
14314.7
14432.2
14577.6
14667.9
14762.5
14771.8
14855.0
15293.1
15470.9
15694.5
16227.4
16677.3
16683.3
16991.5
17168.4
17771.2
18590.9
18681.8
18802.4
19339.5
20063.6
20222.4
20309.6
20368.3
20565.5
20575.1
20854.0
21189.7
21335.7
22059.6
22269.3
22624.6
22635.5
22922.4
