146.0
148.4
587.0
608.3
804.3
813.3
1058.4
1288.1
1884.1
1935.2
2119.5
2283.2
2314.0
2393.8
2428.7
2874.9
2966.8
3245.8
3402.3
3406.1
3510.8
3762.6
3840.1
3852.3
4524.0
4582.3
4767.3
4795.7
4881.4
4918.7
5047.3
5626.2
5646.9
5714.1
5801.5
5915.8
5971.9
6009.4
6189.0
6321.6
6461.7
7086.3
7123.0
7194.1
7317.3
7326.8
7410.9
7803.8
7976.8
8045.2
8439.1
8609.6
8773.0
8774.8
8904.1
8962.8
9623.5
9902.2
9929.4
10034.7
10099.8
10153.6
10741.1
10993.3
11003.2
11203.1
11474.1
11509.7
11928.8
11961.3
12027.0
12841.1
12983.7
13080.8
13341.7
13427.2
13473.9
13560.4
13626.8
14137.3
14294.0
14954.9
15694.7
16009.6
16072.0
16230.5
16597.9
16599.4
16885.7
17109.6
17343.7
17941.8
18001.3
18738.2
18872.7
19039.2
19119.1
19369.6
19413.8
19840.2
19864.2
20232.1
20812.6
20868.1
20969.8
21761.9
21933.8
22141.9
22172.7
22491.2
22574.0
22706.8
22754.9
22852.6
22973.3
