28.9
39.3
102.0
129.1
139.1
182.5
645.4
678.1
721.4
750.1
761.9
1255.3
1480.6
1611.2
1798.7
1847.3
1972.8
2350.5
2986.0
3187.6
3280.9
3305.5
3689.5
4179.1
4179.8
4483.5
4573.1
4688.2
4704.1
4748.9
4930.7
5248.3
5323.2
5562.0
5618.4
5769.9
5786.9
6045.3
6128.7
6160.2
6245.7
6349.2
6912.4
6932.9
7212.3
7226.2
7599.1
7723.8
7760.0
8047.5
8184.3
8208.0
8285.2
8461.2
8788.8
9148.3
9696.2
9842.5
9958.8
10100.2
10300.7
10413.3
10415.8
10432.6
10470.0
10550.6
10914.9
11266.8
11361.9
11689.8
11818.7
11874.3
12129.5
12380.9
12481.8
12794.4
13000.9
13128.9
13220.0
13449.3
14039.2
14182.1
15209.6
15515.4
15538.8
15553.1
15675.5
15740.5
16090.1
16199.8
16520.6
16871.0
17487.3
17490.9
17491.4
17892.7
18901.3
18962.2
19150.6
19362.5
19569.9
19621.9
20155.3
20365.8
20626.4
20733.3
20786.2
20862.1
20883.1
21034.5
21056.5
21213.9
21224.0
21736.5
21885.8
22466.5
22579.2
22751.3
22903.3
