4.8
212.2
213.2
632.9
713.8
812.2
815.2
1020.5
1077.7
1290.7
1356.3
2014.4
2434.1
2472.6
2526.9
2554.7
2607.9
2736.8
2968.0
3159.2
3228.2
3228.3
3527.5
3771.9
4334.5
4746.0
4775.6
5027.7
5285.1
5299.5
5580.0
5591.2
5599.7
5922.1
6010.9
6150.3
6187.3
6296.9
6313.9
6651.7
6750.4
7029.3
7301.8
7462.1
7821.9
7852.1
8041.7
8101.7
8104.4
8281.4
8340.6
8367.2
8469.4
8554.6
8771.5
8947.3
9025.6
9084.6
9212.9
9505.4
9766.3
9805.6
10040.6
10332.2
10412.4
10418.4
10721.1
10821.6
10911.1
11085.4
11238.3
11363.9
11541.5
11656.3
11744.0
12075.5
12130.4
12265.5
12407.3
12409.7
12573.5
12687.8
13104.6
13353.3
13635.6
14030.2
14187.4
14190.0
14210.4
14281.6
14304.4
14802.7
14880.8
14983.0
15211.3
15525.9
15594.9
15806.8
16086.2
16299.7
16616.4
16645.3
16675.2
16752.4
16833.8
16878.6
16947.8
17229.7
17553.6
17720.8
17889.9
17891.8
17974.4
18072.4
18103.3
18154.4
18380.6
18626.6
18893.4
19031.9
19121.3
19556.0
19610.6
19667.8
19672.4
19738.5
20275.7
20587.4
20593.7
21021.3
21115.5
21154.6
21270.6
21424.2
21670.2
21780.3
22500.0
22980.9
