65.8
342.9
460.4
495.6
610.5
703.6
1144.0
1281.8
1372.8
1924.8
2242.7
2521.9
2576.9
2827.3
2847.6
3120.3
3505.1
3714.8
3778.6
3970.4
5379.3
5400.2
5576.3
5581.9
5736.1
6116.3
6297.3
6449.5
6731.3
7144.2
7341.8
7343.4
7428.5
7570.5
8235.9
8250.2
8441.0
8616.0
8808.9
8873.9
9238.4
9361.4
9534.3
9822.6
9828.0
10105.6
10172.9
10338.3
10600.3
10736.6
10919.8
11424.2
11518.9
11528.9
11647.2
11735.6
11793.7
11808.4
12029.4
12145.6
12444.8
12546.9
12555.6
12592.5
12628.5
12753.5
13305.0
13427.0
13755.4
13946.7
13997.5
14096.9
14129.1
14392.6
14738.1
14829.7
15007.8
15270.4
15615.6
15629.7
16065.4
16310.2
16335.3
16506.0
16822.6
17101.6
17158.4
17432.7
17966.7
18013.0
18018.0
18196.0
18250.9
18734.3
19008.3
19183.7
19351.2
19456.0
20174.8
20206.9
20230.3
20240.1
20464.7
20902.3
21101.4
21427.0
21719.0
22240.3
22326.8
22605.6
22701.6
