185.9
259.1
588.9
597.9
634.0
738.6
819.6
1031.9
1256.0
1296.0
1359.2
1702.9
2119.2
2449.5
2490.3
2542.6
2897.5
3011.6
3133.2
3214.3
3262.0
3294.2
3318.5
3459.3
3712.8
3917.9
3980.7
3994.7
4035.0
4568.1
5617.0
5671.8
5853.5
5935.3
6146.5
6330.3
6511.3
7057.5
7401.3
7550.4
7657.8
7718.0
7768.0
7808.3
7892.3
7959.1
8043.9
8381.1
8845.1
8934.6
8940.0
9354.6
9844.0
9913.6
10466.5
10516.1
10570.2
10811.8
11415.9
11475.2
11598.3
12042.9
12643.1
12937.0
13161.1
13347.1
13613.2
13666.7
13820.9
13853.0
14009.6
14159.9
14244.6
14259.5
14576.8
14662.3
14870.2
14975.8
15743.3
15931.2
15969.6
16494.2
16704.8
16815.7
16995.9
17378.0
17578.5
18114.4
18643.9
18760.2
18851.4
19199.1
19367.0
19480.8
19490.9
19716.3
19839.7
19883.2
19918.3
19943.5
19979.4
20248.0
20449.5
20608.3
20990.7
20995.2
21325.4
21686.0
21689.0
21719.1
21932.3
22189.3
22331.7
22860.6
