326.6
461.1
624.7
815.9
921.2
959.6
978.7
1130.4
1402.6
1700.9
2425.2
2840.7
3208.6
3419.8
3467.5
3641.3
3756.4
3877.6
4012.9
4307.1
4576.8
4910.7
5155.0
5248.5
5292.4
5786.3
6020.8
6471.9
6647.5
6985.1
7088.5
7192.1
7196.2
7236.0
7412.0
7657.6
7842.9
8469.7
8898.1
9957.4
10099.2
10513.7
10634.8
10690.0
10927.0
10986.3
11162.1
11185.2
11191.0
11261.5
11353.3
11848.3
12189.9
12461.6
12486.2
12753.7
12977.8
13196.8
13527.4
13699.5
13746.3
13793.0
13838.0
13889.7
14537.3
14556.1
14702.0
14896.0
15459.4
15671.0
16016.4
16091.0
16277.9
16313.0
17187.5
17470.8
17805.9
17819.1
17872.5
18361.7
18443.1
18676.5
18696.6
18766.0
18782.4
19159.2
19278.1
19959.5
20162.3
21201.4
21721.5
21915.0
22239.7
22256.5
22986.4
