197.3
208.1
514.8
749.9
1774.2
1824.2
1979.3
2109.9
2158.9
2165.4
2748.7
3147.8
3427.4
3723.2
3767.1
4219.0
4355.4
4513.8
4558.4
4693.8
4719.2
4988.1
5536.3
6247.6
6470.8
6853.5
6898.2
6973.8
7909.5
8473.0
8506.1
8656.8
8797.5
8811.5
8849.6
9036.6
9754.2
9779.2
9792.1
9823.9
9870.4
10020.5
10512.3
10551.9
10571.3
10641.2
10721.8
11137.7
11278.9
11541.3
11686.0
11765.1
12470.4
12609.1
12893.4
12973.5
13082.9
13171.1
13408.8
13743.7
13787.1
13842.5
14099.0
14154.7
14199.6
14434.9
14440.2
14503.2
14514.0
15002.8
15184.1
15582.9
15655.8
15657.9
15833.2
16237.1
16802.7
16883.4
16930.6
17061.7
17213.0
17838.5
17992.7
18123.6
18495.8
18636.0
18677.5
18699.2
18759.2
18896.1
18961.9
19758.7
19892.1
20622.9
20662.4
20788.6
20889.9
20943.0
21724.4
21735.9
21784.3
22104.8
22202.9
22727.8
22733.3
22874.1
