276.1
525.2
561.2
599.3
711.4
941.5
1219.4
1570.7
1902.9
1971.9
2212.2
2408.3
2575.7
2923.0
3089.2
3263.3
3654.7
3719.7
4235.6
4426.4
4443.8
4496.9
4791.0
4918.5
5024.2
5162.1
5208.7
5249.7
5305.8
5553.0
5757.8
5949.6
6308.8
6390.8
6667.6
6694.6
6780.5
6791.8
7081.1
7152.6
7279.5
7346.5
7398.3
7449.2
7533.8
7605.0
7681.9
8108.1
9239.9
9773.9
9780.3
9816.0
10000.2
10018.1
10091.8
10172.4
10386.0
10408.9
10525.9
10689.3
10763.9
10891.5
10974.9
11283.5
11627.9
11638.3
11691.4
11885.4
11934.7
12342.8
12499.6
12904.3
12929.5
12994.1
13084.6
13562.4
13587.2
13594.6
13755.7
13846.7
14057.7
14499.5
14650.4
14860.1
14953.6
14972.3
15072.2
15337.0
15475.0
15559.6
15599.1
15660.9
15761.3
16005.0
16039.9
16669.6
16771.7
17261.3
17270.4
17531.6
17620.3
17853.1
17956.6
18049.5
18131.0
18371.4
18425.8
18974.3
18988.9
19183.7
19255.0
19265.0
19587.0
19675.8
19695.5
19735.9
19793.5
19871.6
19954.8
19974.9
19992.8
20073.8
20087.1
20223.1
20638.6
20698.5
20748.8
20767.5
20959.5
20960.1
21032.7
21224.1
21427.9
21821.1
22102.7
22191.5
22681.8
