342.3
504.0
877.8
1074.8
1395.4
1649.9
1919.3
2188.1
2321.9
2524.3
2685.2
3175.7
3380.4
3695.6
4038.9
4089.7
4094.2
4582.2
4710.5
4747.0
4753.2
5175.7
5264.9
5335.3
5538.6
6010.4
6407.7
6956.6
7146.7
7575.4
7588.5
7729.1
8073.3
8115.8
8949.6
9048.1
9292.0
9482.7
9528.2
9541.1
9589.9
9619.5
9749.5
9799.3
10182.0
10324.7
11150.1
11429.0
11727.5
11785.2
11811.5
12467.4
12489.2
12513.0
12729.5
13000.6
13047.1
13108.7
13151.6
13206.9
13754.0
13926.9
14905.6
15010.5
15032.1
15376.6
15411.9
15486.1
15583.1
15782.9
15952.3
16171.1
16631.2
17301.6
17358.2
17616.6
17627.0
17835.2
17837.3
18167.5
18378.3
18500.1
18662.0
18887.0
19002.2
19098.4
19188.9
19426.7
19621.0
19736.0
20191.6
20197.9
20550.1
20635.0
20825.8
20847.6
21209.8
21252.0
21681.0
21949.4
21984.3
22075.7
22240.7
22439.7
22543.8
22880.9
