142.5
963.9
1044.2
1143.0
2124.8
2464.9
3329.9
3430.4
3666.7
3742.0
3820.9
3873.4
4244.6
4586.7
4825.5
4967.7
5305.8
5363.3
5518.1
5530.9
5589.2
5640.0
5912.0
5947.7
6153.3
6277.4
6312.4
6380.1
6408.7
6717.1
6782.3
6889.7
7601.8
7767.6
8113.0
8191.1
8349.4
8363.4
8393.8
8555.8
8635.1
8839.3
9373.7
9521.9
9531.3
9858.7
9893.9
9990.4
10029.0
10052.8
10081.0
10186.9
10210.7
10419.0
10422.5
10457.2
10607.0
10675.2
10728.9
10808.7
11164.4
11240.7
11314.9
11523.4
11574.2
11761.4
12138.1
12273.7
12418.7
12471.0
12584.7
12639.2
12677.1
13083.5
13255.9
13446.8
13599.7
13897.2
14250.2
14319.7
14550.8
14979.4
15230.1
15499.3
15861.4
17155.3
17159.2
17263.7
17702.6
17704.6
17776.2
18229.0
18359.1
18406.4
18453.8
18829.3
19265.7
19647.8
19649.2
19707.0
19763.2
19825.4
19868.1
20050.5
20177.5
20375.6
20804.1
20829.0
21039.5
21069.7
21447.6
22177.8
22281.8
22408.9
