9.8
18.9
115.6
746.7
771.2
1009.7
1045.9
1086.1
1221.3
1484.9
1630.6
1638.7
1702.0
1796.4
2061.0
2244.9
2724.8
3398.6
3578.8
3657.8
3693.2
3733.8
3824.6
4057.6
4257.1
4763.3
4767.5
4947.2
5011.8
5036.1
5448.9
5511.5
5799.1
6260.7
6570.5
7113.8
7227.0
7386.2
7416.1
7446.5
7562.3
7684.7
7737.3
7950.7
7955.9
8292.5
8542.3
8664.3
8872.9
8894.0
8903.6
9078.4
10022.4
10035.9
10091.0
10327.5
10521.1
10606.5
10682.6
10803.2
10921.7
10993.3
11346.5
11358.2
11384.8
11789.3
11843.0
11956.1
12042.3
12099.9
12129.9
12162.8
12180.5
13773.5
13791.2
13873.4
13894.2
14142.2
14201.6
14210.8
14254.6
14367.5
14534.0
14539.4
14894.0
15478.5
15616.2
15619.5
15621.3
15782.0
16560.9
16774.4
17188.8
17216.1
17224.3
17528.1
17622.4
17639.8
18379.4
19347.7
19391.6
19730.7
19835.2
20130.4
20237.7
20584.7
20662.2
20777.5
20831.9
21060.0
21146.9
21189.1
21894.2
21910.4
22355.2
22857.6
22972.2
