73.3
205.2
396.6
667.7
695.8
792.8
956.8
1009.5
1144.5
1277.7
1838.6
2063.2
2197.4
2385.8
2389.0
2433.3
2436.6
2524.4
2568.7
2766.3
2877.4
3460.8
3605.5
4312.3
4827.0
5030.5
5094.2
5182.6
5321.4
5492.4
5509.3
5583.5
5942.7
6003.3
6004.0
6063.7
6253.3
6671.9
6986.8
7026.4
7232.0
7294.5
7330.1
7359.6
7579.4
7581.6
8120.2
8122.7
8202.6
8248.7
8417.9
8483.4
8490.8
9318.5
9379.4
9403.0
9423.7
9581.2
9612.7
10119.2
10469.0
10749.8
10938.4
11148.9
11247.5
11410.4
11444.1
11469.2
11675.6
11776.1
11842.0
11956.5
12020.7
12140.5
12862.1
12985.2
13338.6
13449.4
13665.0
13736.6
13979.6
14030.5
14530.6
14711.1
14742.3
14949.7
15039.8
15209.3
15792.1
15870.0
15956.7
16041.4
16299.0
16461.3
16750.1
16885.5
16935.1
16953.0
17812.9
17828.1
18503.7
18867.9
18880.9
18886.1
18986.4
19227.9
19393.4
19586.0
19619.6
19620.3
19780.0
20067.8
20261.1
20894.0
20967.1
21042.6
21084.6
21094.7
21452.7
21533.4
21832.5
21914.8
21985.8
22043.1
22219.4
22222.0
22622.2
22635.4
22790.8
