39.9
49.6
255.2
485.6
697.2
848.3
856.0
978.3
991.9
1203.0
1729.9
2003.4
2281.4
2549.3
2659.9
2769.9
3129.3
3227.9
3401.3
3748.6
3864.9
3990.8
4234.4
4236.0
4360.0
4407.7
4879.0
4928.4
5000.6
5036.8
5396.0
5589.9
5830.6
5942.2
6200.0
6599.9
6775.0
6904.6
7311.7
7435.9
7596.0
7801.7
7976.2
8145.7
8573.4
8760.1
9248.5
9620.5
9784.9
10019.3
10426.7
10695.5
10899.3
11156.5
11207.8
11283.0
11309.0
11486.5
11556.8
11597.6
12300.4
12305.0
12637.2
12791.4
12813.6
12921.1
12971.4
13205.3
13348.5
13552.5
14038.0
14365.7
14474.0
14510.0
14596.3
14737.8
15670.3
15743.1
15854.0
16113.6
16180.2
16338.9
16358.7
16550.1
16598.1
16629.5
16703.6
16899.5
16917.2
17087.9
17128.2
17384.6
18538.2
18539.8
19033.4
19226.5
19239.6
19840.8
20068.8
20528.2
21423.8
22049.9
22310.3
22318.2
22375.3
22539.5
22559.2
