152.8
204.3
224.7
227.7
239.9
296.0
384.2
648.4
947.3
1169.0
1237.1
1517.5
1586.6
1599.6
1662.8
2045.6
2148.1
2233.9
2432.0
2443.8
2601.9
3148.1
3277.7
3413.0
3478.6
3675.6
3742.3
3805.3
3992.2
4335.1
4724.6
4792.5
5154.2
5496.1
5945.8
6029.1
6312.4
6387.5
6408.9
6435.5
6451.8
6600.7
6601.5
6639.7
6864.1
6944.8
7012.0
7593.3
8543.2
8575.6
8925.1
9129.3
9446.7
9547.9
9699.7
9814.3
9859.0
9859.6
9867.6
9922.4
10428.6
10458.8
10493.9
11243.2
11330.5
11710.2
12206.8
12366.7
12562.6
12766.8
12774.9
13047.0
13261.6
13345.7
13404.1
13679.1
14033.8
14560.0
14618.9
14728.4
15620.3
16002.5
16232.2
16285.7
16664.8
16784.5
17190.4
17375.9
17753.4
17817.7
17935.1
18076.9
19109.0
19802.1
19992.0
20076.7
20177.9
20561.3
20655.2
20896.7
21063.3
21154.1
21230.6
21421.2
21443.7
21517.9
21903.6
21975.7
22343.3
