13.3
115.4
439.1
1255.0
1391.1
1582.7
1619.3
1774.7
1811.9
2315.5
2361.1
2390.8
2465.7
2482.7
2800.5
2800.7
3058.1
3220.4
3263.3
3342.3
3398.1
3745.5
3789.3
4317.6
4786.2
5046.7
5131.7
5153.2
5237.4
5326.9
5481.9
5505.1
5911.7
6006.7
6089.1
6268.6
6316.6
6406.6
6482.7
6484.5
6903.5
8269.9
8421.9
8626.3
8877.0
8877.9
9397.9
9788.5
9848.0
10314.3
10459.0
10687.9
10851.8
10941.3
11166.6
11575.6
11780.7
11924.7
12537.0
12716.4
12947.7
13103.3
13327.4
13383.4
13494.8
13600.6
13738.2
13802.8
13947.5
14100.4
14253.8
14371.9
14475.7
14565.6
14609.3
14732.0
14764.0
14865.9
15178.7
15350.5
15481.1
15629.2
16330.6
17064.8
17162.4
17381.3
17545.1
17581.4
18059.2
18160.1
18161.0
18232.7
18694.3
18728.5
18815.3
19016.9
19018.2
19151.5
19190.2
19460.5
19461.1
19524.9
19584.4
19795.9
19890.5
19996.7
20490.4
20749.9
20918.9
21351.9
21642.9
21663.5
21952.0
22399.7
22637.5
22718.5
22718.7
