158.3
267.8
653.3
985.9
1079.0
1532.1
1534.8
1543.0
1964.3
2321.9
2504.2
2637.1
2639.4
2829.8
2971.6
3352.5
3441.1
3519.9
3537.6
3811.2
3975.6
4030.5
4210.8
4277.3
4492.8
4587.5
4685.9
4918.3
4954.5
4959.8
5095.2
5281.2
5460.9
6006.0
6109.8
6120.9
6139.8
6249.4
6298.4
6596.3
7238.4
7239.0
7382.1
7393.1
7494.7
7584.6
7863.3
7890.9
8126.3
8220.6
8438.8
8620.2
8862.2
8920.6
9140.4
9344.2
9759.9
9974.7
10222.8
10429.8
10662.2
10750.7
10784.1
10985.9
11304.8
11329.9
11332.3
11365.3
11710.8
12079.0
12215.2
12303.4
12434.7
12713.7
13527.2
13613.2
13640.2
13894.2
14101.4
14168.4
14217.2
14332.4
14339.4
14578.5
14589.1
15233.9
15486.2
15670.8
16183.6
16184.2
16520.9
16548.9
17119.1
17396.1
17581.4
17616.0
18172.1
18190.6
18303.1
18365.6
18423.3
18533.8
18895.8
19030.8
19779.9
20108.1
20197.5
20729.0
20772.1
21128.6
21130.5
21328.6
21443.2
22050.3
22050.9
22143.0
22279.3
22441.6
22709.0
22709.5
