89.7
279.0
391.2
451.6
579.0
643.3
1269.0
1637.8
1751.0
1853.1
1916.6
2072.8
2328.6
2348.2
2500.8
2630.2
2711.7
2908.8
2953.1
2984.0
3070.3
3390.1
3740.3
3841.4
3844.5
4103.5
4291.7
4805.6
4938.7
5197.3
5219.3
5221.3
5305.9
5342.1
5549.5
5646.6
6313.6
6325.0
6647.7
6675.0
6779.0
7444.9
7682.6
7914.7
8225.5
8960.0
9134.2
9334.8
9371.3
9678.4
9712.9
10326.7
10407.2
10564.9
10592.5
10782.7
11143.1
11236.1
11719.7
12232.7
12258.0
12888.4
13609.8
13925.4
13974.0
14057.1
14108.0
14189.2
14261.4
14293.7
14347.0
14636.5
14747.2
15152.7
15192.9
15608.1
15710.2
16123.0
16484.2
16886.2
16962.1
17054.7
17099.6
17321.5
17393.9
17544.1
17560.5
17793.3
18383.3
19006.6
19049.2
19119.1
19143.0
19177.7
19364.1
19583.4
19625.4
19741.5
20077.6
21028.5
21176.8
21499.4
21506.7
22030.4
22097.9
22172.0
22183.7
22848.3
22872.6
