305.9
369.5
495.7
847.3
869.1
1159.4
2143.5
2621.2
2706.7
2846.8
2994.5
3491.1
3513.8
3562.2
3581.1
3711.9
3847.3
3969.6
4020.6
4164.4
4851.9
4882.1
4917.0
4999.3
5024.8
5054.7
5105.7
5492.5
5672.0
5803.4
5974.1
6109.5
6176.6
6192.6
6835.0
6938.9
7265.4
7283.6
7290.2
7483.5
7512.5
7708.3
7787.4
8003.0
8255.6
8258.5
8530.3
8948.6
8980.7
9273.0
9432.6
9677.2
9785.8
9835.7
10075.2
10993.4
11071.0
11779.2
12061.1
12166.7
12174.7
12406.8
12880.7
13197.2
13239.6
13367.1
13518.8
13947.3
14022.7
14052.7
14226.2
14547.4
14759.9
15273.2
15486.4
15607.0
15781.6
16346.4
16471.8
16510.1
16515.6
16519.2
16539.5
16760.9
16835.3
16950.9
17113.9
17210.4
17706.3
18534.0
18544.8
18588.9
18730.9
18819.2
18961.9
19232.6
19241.8
19251.3
19609.8
19774.0
19975.6
20451.5
20473.6
20533.4
20606.8
21218.4
21430.8
21631.5
21708.7
22625.7
22706.3
22732.1
22892.4
22981.8
