57.0
94.2
298.3
370.2
374.8
419.6
483.4
637.3
781.2
866.1
987.5
1391.6
2366.1
2427.9
2775.0
3123.2
3206.8
3379.2
3601.1
4154.7
4181.6
4239.3
4260.9
4435.5
4472.4
5009.1
5094.0
5602.2
5616.9
5655.7
5827.6
6151.3
6422.0
6599.6
6632.6
6799.3
6853.9
6875.0
7271.2
7636.9
7683.9
7773.0
8068.4
8302.1
8387.8
8871.4
8914.3
8929.5
8942.5
9293.1
9311.6
9384.1
9398.3
9965.2
9986.2
10014.6
10109.4
10307.3
10686.0
10756.3
11204.1
11208.4
11446.4
11662.4
12010.6
12324.2
12432.9
12558.2
12791.4
13258.4
13374.4
14125.8
14144.5
14166.0
14481.5
14506.8
14653.2
14791.3
15221.8
15483.4
15624.7
15628.0
16282.0
16297.7
16480.0
16862.6
17208.3
17214.1
17266.3
17483.9
17828.9
17835.3
17840.6
17920.4
17997.9
18263.8
18286.5
18339.7
18391.0
18544.3
18576.7
18703.5
18777.9
18912.8
19373.7
19562.9
19831.9
20762.0
20937.9
20938.5
21511.1
21563.1
21614.5
21615.5
22027.0
22482.8
