200.7
311.0
480.0
961.0
1089.2
1263.0
1522.4
1551.3
1595.6
1669.8
2768.1
2853.1
2967.6
2968.4
3182.6
3201.3
3343.6
3367.3
3446.8
3884.0
4002.9
4171.5
4244.7
4266.0
4310.6
5001.8
5149.7
5173.6
5527.0
5586.5
5748.7
6253.3
6698.6
6738.9
6786.1
6960.8
7023.1
7028.1
7142.4
7393.0
8112.1
8933.7
9086.2
9128.5
9157.4
9417.6
9514.6
9715.4
10078.6
10523.1
10849.9
11273.8
11345.8
11354.4
11467.0
11957.7
12011.2
12195.3
12324.4
12527.4
12748.2
12956.6
13145.2
13352.0
13460.4
13731.5
13794.6
13797.8
13852.0
14065.6
14460.7
15750.1
16427.9
16428.3
16459.0
16492.4
16589.6
16601.6
16754.3
16831.8
17202.4
17518.2
17602.0
17719.0
17917.4
17917.7
17983.5
18095.3
18164.7
18174.7
18242.6
18252.0
18300.7
18312.2
18910.6
18999.7
19130.9
19179.7
19674.4
19738.1
20513.0
20581.5
20951.6
21120.6
21438.4
21592.1
21681.6
21716.8
21759.1
21856.6
22404.1
22779.0
