134.9
302.1
459.1
663.3
934.0
973.2
1082.1
1704.0
1809.6
2053.3
2137.5
2205.8
2401.3
2509.2
3404.5
3514.2
3716.7
3793.2
3834.1
3839.7
3937.2
4394.1
4649.9
5176.2
5405.1
5445.9
5487.0
5739.4
6108.9
6144.4
6161.4
6232.6
6320.3
6908.7
6967.2
7183.2
7447.3
7658.5
7960.4
8049.9
8409.8
8505.5
8633.2
8896.8
8962.9
9095.6
9456.1
9519.4
9580.0
9783.5
9986.8
10106.1
10356.1
10759.3
10801.1
10920.5
11044.5
11053.0
11147.6
11419.1
11544.6
11772.0
11880.6
11897.2
12062.0
12139.4
12291.5
12438.1
13159.9
13245.0
13392.5
13597.1
13744.7
13805.6
14297.3
14523.4
14577.3
15389.6
15482.6
15498.5
15691.1
16075.3
16428.7
16671.8
16839.5
17309.4
17310.2
17554.6
17620.7
17739.5
17922.9
17960.4
18471.7
18554.5
18601.8
18622.0
18653.8
18884.8
19058.3
19150.6
19435.2
19464.9
19538.4
19950.9
20031.1
20168.5
20307.4
20553.5
20593.4
20732.8
21150.5
21218.8
21333.1
21732.4
22011.6
22116.7
22240.0
