60.2
331.1
388.1
395.5
507.3
534.7
615.7
641.6
671.8
1505.2
1684.8
1771.0
1983.5
2029.9
2166.1
2760.0
2833.2
3229.8
3544.3
3670.2
3740.8
3798.8
3861.3
4124.4
4136.9
4547.1
4559.7
4713.5
4809.5
5102.0
5126.0
5152.5
5264.7
5409.2
5604.8
5627.8
5830.0
5959.4
5992.7
6006.4
6472.7
6491.1
6743.2
6769.8
6887.9
7072.1
7173.5
7428.5
7545.7
8223.5
8233.5
8449.9
8715.5
8743.8
8846.5
9014.7
9058.1
9332.3
9423.0
9637.3
9647.5
9698.4
9776.3
10173.4
10388.7
10398.1
10537.5
10664.3
10689.2
10958.3
11378.2
11418.6
11530.1
11699.1
11767.6
11965.2
12021.9
12211.1
12595.7
13077.0
13109.2
13165.1
13216.6
13245.7
13440.9
13465.0
13792.9
13823.8
13921.1
14042.3
14313.3
14844.1
15314.0
15330.0
15681.5
15732.6
15803.9
16035.5
16091.0
16266.6
16521.6
16792.8
16935.2
17267.4
17534.5
17753.5
17901.8
18076.9
18153.6
18572.2
18596.9
18724.5
18758.2
18814.9
18976.1
18998.0
19019.5
19340.6
19392.6
19666.2
19677.5
20591.8
21001.9
21193.1
21229.0
21539.9
21639.0
21649.8
21755.0
21832.2
22151.3
22551.8
22624.8
22630.8
22661.5
22686.1
22980.0
