78.5
279.9
330.5
438.7
479.2
637.7
836.3
1141.1
1874.0
2449.8
2579.5
2689.7
3013.3
3027.5
3481.0
3734.1
4100.6
4211.0
4265.7
4294.8
4368.9
4370.5
4643.9
4707.4
4818.7
4840.5
4868.0
5336.1
5679.8
6041.4
6185.4
6428.8
6783.7
6875.7
7121.5
7263.2
7393.1
7418.6
7437.5
7516.4
7814.1
8120.9
8236.8
8282.4
8335.8
8660.2
8713.3
8794.8
8979.9
9427.2
9458.0
10082.5
10236.7
10664.5
10826.8
11113.5
11251.7
11644.3
11684.7
11824.2
11863.5
11906.9
12266.0
12361.8
12548.9
13177.8
13353.3
13468.1
13760.8
14020.2
14180.9
14212.0
14263.1
14297.4
14384.7
14404.9
14813.6
14874.6
14944.1
15082.0
15327.9
15495.1
15824.3
15917.6
16146.7
16159.6
16198.9
16223.7
16338.8
16556.9
16809.3
16883.5
17135.4
17146.6
17256.8
17319.7
17359.4
17375.6
17612.2
17786.5
18699.7
18836.3
18906.3
19017.7
19133.5
19197.2
19300.2
19474.3
19584.8
19608.3
19851.1
20062.3
20073.2
20311.3
20395.0
20427.7
20650.7
21103.7
21522.4
21530.2
21990.2
22066.8
22090.0
22200.0
22400.1
22485.4
22486.4
22711.4
22932.2
