197.2
510.7
1184.9
1637.7
1691.7
1734.6
3162.2
3420.9
3623.8
3713.4
4376.8
4388.7
4645.8
4672.5
4850.1
4959.8
5175.2
5210.3
5248.8
5670.1
6035.6
6365.9
6682.2
7286.6
7782.5
7854.9
7904.2
8822.4
9023.1
9109.0
9177.9
9202.7
9315.4
9461.3
9491.9
9639.7
9771.6
10087.0
10234.2
10339.9
10370.7
10383.4
10515.5
10567.4
10576.4
10630.0
10731.0
10917.3
11122.3
11137.7
11210.1
11349.7
11384.8
11405.2
11550.3
12267.6
12328.6
12387.9
12479.1
12765.9
12877.7
13423.5
13501.3
14029.9
14070.6
14364.1
14578.6
14582.7
14882.2
15188.1
15223.4
15353.4
15393.8
15610.5
15657.8
15861.8
15875.8
16087.0
16156.0
16167.1
16244.1
16262.0
16383.0
16485.5
16530.8
16549.5
17021.5
17403.9
17478.3
17485.6
17727.2
17822.7
18060.8
18334.8
18724.0
18739.7
18746.0
18812.9
18835.4
18934.5
19084.0
19114.7
19588.0
19837.9
19852.8
20195.0
20283.1
20353.9
20556.2
20631.8
20743.9
21520.3
21606.9
21680.2
21684.5
21822.7
21925.2
22185.1
22304.3
22334.2
22524.9
22650.9
22729.3
