828.2
1203.9
1468.2
1535.8
1536.9
1793.4
1891.6
3068.5
3095.8
3254.1
3298.6
3680.2
3718.5
3940.7
4103.4
4202.1
4218.1
4607.4
4798.3
4977.3
5055.9
5499.6
5681.4
5751.4
5809.1
5906.2
6171.6
6264.1
6494.4
6581.5
6598.5
6606.2
6882.6
7268.1
7461.1
8147.9
8214.5
8929.9
9053.8
9187.4
9290.7
9392.6
9544.2
9962.7
10459.7
10815.2
10937.7
11517.1
11632.5
11664.1
11895.6
12296.0
12465.3
12533.4
12619.6
12777.3
13436.9
13443.5
13678.7
14108.6
14319.9
14373.5
14998.7
15244.0
15542.0
15987.8
16089.5
16231.1
16526.5
16864.5
17048.4
17659.6
17666.8
18884.2
18998.1
19113.4
19220.1
19259.1
19582.2
19908.1
20078.3
20601.1
20840.2
20967.3
21059.0
21965.1
22272.9
22467.1
22668.8
22734.8
22854.6
