64.7
483.4
618.3
1610.5
1646.4
1935.9
2059.2
2067.7
2068.3
2247.0
2439.9
2739.4
2857.2
3141.2
3457.2
3830.8
4379.3
4433.7
4469.1
4481.0
4563.2
4880.0
4971.0
5300.4
5642.7
5972.5
6080.8
6320.7
6748.9
6983.2
7123.4
7144.6
7162.9
7348.4
7489.3
7973.7
8486.7
8718.2
8801.6
9006.4
9476.5
9704.8
9763.7
9803.3
9851.2
9873.0
9900.9
9909.6
9924.2
9945.1
10033.6
10169.8
10191.4
10212.3
10862.3
11399.6
11654.6
12674.8
13393.1
13709.1
13986.9
14307.3
14677.3
15602.4
15815.4
15853.5
15924.1
16030.2
16285.9
16463.3
16614.7
16772.4
16779.8
16786.1
16847.9
17427.6
17532.8
17604.5
17796.8
17869.4
18037.8
18041.1
18097.6
18841.8
18904.6
19231.4
19580.8
19757.5
19801.7
19813.4
20126.9
20244.0
21042.6
21256.2
21991.6
22070.6
22130.9
22543.6
22987.5
