255.3
899.2
1106.1
1137.8
1253.7
1435.1
2061.0
2173.0
2296.7
2346.4
2382.6
2470.1
2477.1
2749.3
2952.0
3001.4
3007.2
3062.1
3689.8
3708.3
3909.7
4100.2
4349.3
4360.7
4406.0
4891.6
4902.1
5103.7
5180.7
5953.9
7364.2
8556.3
8688.6
8716.9
8727.0
8805.8
9149.5
9181.7
9383.2
9425.6
9499.6
9612.7
10032.2
10209.8
10477.2
10485.0
10580.8
10786.8
10886.3
11414.4
12074.4
12586.4
12946.2
13104.1
13104.5
13105.8
13432.6
14319.3
14448.6
14719.2
14951.7
15087.9
15221.7
16082.3
16257.2
16464.3
17071.9
17144.3
17280.3
17577.2
17680.7
17765.9
17800.9
18055.9
18213.0
18252.2
18302.6
18362.8
18410.8
18683.2
18855.1
18924.7
19448.7
19462.9
19944.8
19982.9
20133.0
20146.7
20184.7
20249.7
20312.1
20506.4
20909.5
21074.2
21751.0
22058.3
22297.8
22443.8
22574.2
22714.4
22779.5
22804.0
