139.9
149.0
157.3
211.6
476.8
614.5
659.6
666.9
705.1
714.1
884.3
1057.3
1119.9
1246.3
1353.4
1382.1
1419.4
1716.2
1758.0
2195.9
2219.2
2252.0
2525.9
2650.7
2724.0
2800.0
3030.5
3299.3
3313.9
3482.9
4202.5
4558.4
5011.9
5340.3
5350.0
6023.3
6669.1
6673.2
6748.1
6751.3
7045.6
7055.0
7101.4
7117.3
7129.4
7200.2
7439.4
7810.9
8283.3
8284.0
8676.1
8801.2
8928.6
8960.0
9022.1
9324.3
9353.8
9422.7
9602.8
10235.0
10551.5
10753.3
10779.0
11206.4
11318.9
11658.4
11866.5
12014.4
12233.7
12266.9
12510.0
12533.5
12693.6
12735.1
12754.2
13139.8
13309.0
13346.1
13455.4
13534.1
13568.0
13762.8
13880.1
14216.9
14270.8
14306.9
14722.1
14910.1
15034.0
15096.8
15194.5
15287.6
15327.3
15582.6
15693.5
15786.7
15839.8
15983.7
17026.6
17603.7
17628.3
18114.6
18300.2
18873.4
18924.3
19238.1
19873.4
20721.8
21072.4
21170.9
21834.0
21834.5
21898.3
22057.2
22108.0
22176.9
22489.4
22559.1
22775.9
22968.0
