211.2
487.1
983.2
1246.2
1356.0
1568.2
1676.4
1813.0
2047.7
2146.6
2327.5
2494.2
2513.0
2787.5
2968.6
3245.5
3392.9
3451.7
3634.4
3781.4
3812.9
4253.5
4512.6
4669.5
4749.4
5168.0
5217.8
5405.9
5633.0
5707.8
6219.7
6712.0
6950.0
7146.8
7246.5
7327.1
7777.1
7792.3
8018.1
8095.8
8799.4
8857.5
8932.7
9577.3
9642.9
9715.8
9802.3
10131.2
10656.4
10910.8
10934.0
10987.0
11008.7
11179.4
11264.0
12114.7
12377.5
12531.4
12930.8
12992.6
13084.1
13247.0
13478.0
13582.7
13620.0
13623.9
13813.4
13843.5
13860.6
14023.6
14266.8
14333.8
14680.5
14812.4
14851.2
15105.7
15142.8
15637.7
16268.1
16317.4
16792.9
16975.4
18005.8
18507.7
18704.6
18952.9
19286.7
19582.3
19636.4
19642.0
20098.4
20167.1
20568.4
20595.4
20678.8
20730.7
20814.8
20887.9
21104.2
21374.7
21644.5
21920.9
22029.5
22247.0
22811.1
