447.9
1211.5
1287.1
1432.0
1447.2
2195.3
2209.0
2209.1
2214.7
2760.3
2972.7
3252.0
3345.1
3685.8
3697.6
3799.5
3842.6
3845.5
4274.2
4452.8
4543.9
5696.6
5856.7
5935.3
6538.7
6542.9
6688.1
6818.7
6915.6
6957.2
7029.1
7259.3
7350.7
7396.0
7694.9
7718.4
7735.3
8665.8
9261.7
9310.5
9527.3
9549.0
9716.1
9748.2
9887.9
10146.2
10604.3
10708.5
10870.3
10924.3
10998.5
11256.8
11606.2
11824.0
11825.5
11910.8
12306.1
12535.4
12812.3
12872.0
13336.9
13890.8
13911.8
13946.4
14262.1
14444.4
14501.6
15082.2
15371.3
16023.2
16040.7
16212.9
16769.2
17073.9
17109.9
17299.9
17621.3
18100.9
18303.2
18450.3
18819.5
18932.5
18955.1
19357.0
19662.1
19716.4
20074.3
20216.2
20458.3
20663.4
21082.2
21171.7
21354.1
21472.1
21680.1
21971.0
22133.5
22494.2
22650.5
