128.7
807.9
1344.0
1395.7
1527.8
1724.5
1944.5
2343.5
3084.9
3119.3
3150.9
3152.9
3207.9
3382.6
3654.8
3953.9
4022.2
5060.1
5223.1
5321.7
5324.4
5476.2
5510.6
5919.3
5971.6
6067.5
6124.3
6159.2
6261.7
6337.6
6593.4
6661.1
6676.9
6740.4
6887.0
6888.7
7128.5
7166.7
7393.0
7482.0
7918.9
8556.4
8679.1
8715.8
8970.7
9023.2
9026.7
9071.0
9122.6
9757.7
9862.0
9880.6
10375.1
10392.1
10900.4
11012.8
11074.8
11374.9
11383.7
11474.0
12012.9
12286.3
12515.1
12555.4
12596.2
12677.3
12910.6
13218.0
13295.1
13377.8
13622.9
13879.4
13944.5
14189.6
14226.1
14355.7
14991.5
15271.1
15536.7
15629.4
16236.7
16293.6
16455.3
16515.9
16764.1
17536.8
17769.8
18227.1
19061.9
19098.2
19223.4
19229.3
19367.9
19375.4
19917.3
20070.1
20114.5
20266.3
20985.5
21435.1
21511.5
21517.4
22280.6
22332.0
22773.7
22806.6
22874.4
22923.3
