43.8
150.2
312.1
592.9
749.7
754.5
1001.8
1541.3
1659.7
1880.6
2064.7
2176.8
2194.5
2348.4
2490.6
2666.2
3019.3
3635.2
3946.8
3974.3
3976.2
4008.1
4044.3
4470.2
4555.1
4570.2
4784.5
4794.2
5309.8
6621.9
6647.2
6669.2
6736.8
6781.7
6850.5
7105.5
7203.5
7279.8
7332.1
7335.8
7362.8
7538.1
7696.5
8017.7
8101.0
8468.6
8661.0
9115.3
9219.5
9414.1
9718.7
9828.8
10093.4
10101.5
10257.4
10377.8
10475.7
10513.7
10606.7
10669.2
10992.7
11444.4
11501.1
11644.9
11965.5
12064.6
12565.6
12830.2
12908.6
12985.7
13268.5
13384.4
13686.8
13832.2
14268.7
14373.9
14671.4
15126.4
15217.9
15339.3
15378.4
15523.0
15565.1
15923.7
16046.5
16150.9
16334.4
16434.0
16463.3
16693.3
16825.7
16829.6
16888.4
17023.3
17105.0
17360.6
17417.8
17666.1
17668.8
17724.9
17893.7
18595.8
18944.8
19117.3
19189.3
19343.5
19734.5
19917.0
20152.9
20223.4
20517.2
20549.4
20689.0
20817.2
20854.8
21088.1
21750.6
21951.6
22170.7
22398.1
22431.5
22999.8
