143.3
468.5
500.0
577.4
636.5
800.5
855.2
963.2
1188.7
1195.8
1309.6
1522.8
1651.9
1802.7
1878.6
2038.2
2249.0
2279.2
2617.3
2701.5
2717.5
2846.5
2871.6
2873.9
3013.5
3019.5
3034.6
3152.6
3890.5
4183.4
4602.7
4668.3
4773.7
4840.2
4913.3
5079.1
5217.1
5487.3
5627.9
5648.4
5662.9
6221.5
6316.3
6335.7
6362.9
6613.2
6716.7
6726.7
6782.0
6899.5
7318.0
7392.4
7590.9
7700.2
7741.8
7768.8
7774.3
8098.3
8514.4
8594.1
8922.4
9000.8
9281.8
9881.6
10037.6
10257.4
10501.6
10639.6
10714.6
11067.9
11186.6
11308.2
11441.7
11504.4
11573.1
11642.2
11841.5
11903.9
11935.0
12401.7
12505.2
12586.9
12952.6
13109.0
13189.2
13229.1
13700.8
14251.1
14306.5
14420.3
14457.3
14636.1
14647.5
14954.7
15083.4
15929.6
16139.0
16205.9
16233.0
16379.6
16639.2
16914.3
16952.8
16972.1
17455.3
18237.2
19282.0
19445.7
19768.2
20067.9
20136.7
20145.7
20156.7
20190.9
20254.3
20549.8
20632.7
20947.8
20961.9
21299.8
21312.5
21493.8
21648.9
22680.3
22907.7
22938.4
