41.6
227.7
259.3
365.9
675.6
1044.4
1120.6
1400.0
1466.8
1488.6
1596.9
2058.2
2119.6
2137.6
2203.3
2460.6
2570.3
2649.7
3227.1
3305.1
3362.4
3449.3
3506.6
3550.4
3585.5
3597.6
3926.3
4146.5
4205.9
4485.0
4551.3
4612.9
4739.2
4754.4
4794.5
4936.9
4942.2
5618.6
5721.7
6258.9
6400.9
6789.4
6908.3
7447.6
7499.0
7554.2
7647.3
7672.8
7771.7
7955.1
8172.0
8766.1
8852.4
8877.1
9397.3
10068.2
10348.7
10361.2
10558.9
10705.8
11323.2
11766.0
11784.9
12151.8
12196.3
12602.2
12795.3
12849.2
12977.9
13126.9
13221.7
13379.3
13587.4
13744.5
13798.7
14062.9
14098.3
14318.0
15680.6
16059.7
16099.3
16169.8
16592.9
16789.3
16866.1
16885.4
17114.4
17915.9
18732.8
18876.1
18948.6
19033.6
19209.3
19427.7
19463.1
20043.7
20347.7
20684.0
20706.6
20847.1
20989.4
21344.8
21764.7
21877.5
21932.5
22208.0
22358.2
22569.3
22800.3
22858.0
