171.8
232.4
433.6
989.2
1201.7
1227.4
1650.5
1687.7
1689.7
1736.5
2190.9
2531.5
2537.8
2606.7
2692.2
2804.7
2825.0
3401.8
3451.4
3535.7
3656.0
3747.9
5074.9
5134.7
5376.0
5518.1
5521.5
5713.7
5768.1
5885.5
6244.4
6327.5
6401.3
6841.6
6917.1
7481.5
7537.7
7556.4
7911.1
8092.3
8137.5
8251.8
8886.6
8901.7
9255.3
9373.2
9498.9
10106.1
10529.1
10667.6
10723.2
11010.5
11229.8
11357.1
11436.4
11728.1
11848.7
12005.0
12023.6
12305.9
12684.5
13109.2
13272.5
13527.4
13636.6
14298.1
14412.0
14427.7
14501.2
14678.6
14891.9
15029.3
15183.3
15214.6
15336.0
15529.6
15625.8
16205.7
16416.8
17077.8
17088.7
17382.5
17442.8
17446.1
17482.7
18167.9
18404.5
18474.8
19426.8
19489.3
19855.3
19973.1
20102.2
20271.6
20298.7
20462.7
20465.0
20707.4
20925.5
21246.4
21290.5
21485.3
21929.1
22027.4
22312.1
22334.6
22443.3
22765.6
