71.9
73.6
461.5
540.4
702.8
715.6
887.9
893.5
1037.2
1166.1
1557.8
1601.8
1662.4
1744.5
1830.9
1872.5
1910.3
2741.4
2772.8
2870.1
2872.1
3113.4
3695.7
3978.6
4163.1
4673.8
5431.0
5441.2
5584.4
5704.8
5717.2
5768.8
6064.1
6136.4
6160.0
6191.1
6198.9
6731.0
6802.2
6803.0
6981.0
7246.6
7401.6
7604.3
7666.2
7782.3
7974.4
8033.9
8998.9
9039.0
9839.7
10014.4
10538.0
10879.1
11227.3
11258.1
11414.3
11726.5
12553.2
12646.6
12783.0
12902.8
13024.5
13040.3
13135.4
13297.7
13616.5
13658.0
13804.4
14197.0
14365.1
14383.9
14547.9
14669.3
14729.7
15613.1
15750.2
16224.2
16612.6
16677.8
16747.5
16773.5
16857.6
16859.9
17138.4
17433.8
17526.0
17766.6
17819.5
18467.1
18546.1
18594.9
18640.8
19007.8
19596.0
19695.4
20147.5
20466.2
20555.9
21012.2
21268.0
21950.9
22206.0
22240.5
22316.2
22787.4
