172.1
409.0
594.7
1619.8
1679.5
1695.8
2040.4
2143.9
2256.9
2665.5
2971.1
3554.9
3893.9
3969.6
4044.7
4375.8
4653.5
4694.5
4800.8
4923.3
4958.3
5124.9
5466.5
5947.1
6295.0
6379.5
6860.6
7003.1
7325.5
7395.5
7441.0
7467.0
7736.7
7737.2
8043.4
8129.6
8556.5
8558.7
8639.2
8692.3
8842.4
8921.4
8943.1
8948.0
9060.5
9599.7
9642.1
10165.4
10196.5
10251.1
10388.6
10403.0
10890.1
10949.1
10968.1
11041.8
11202.2
11510.2
11552.8
11918.7
12214.6
12264.0
12578.8
12834.5
12982.4
13008.7
13216.1
13228.2
13255.6
13541.0
13550.5
13558.5
13560.5
13634.6
13653.8
13751.2
13791.7
13982.6
14337.0
14658.9
16061.9
16081.4
16087.0
16241.0
16244.2
16421.0
16644.9
16673.2
16676.7
17186.8
17193.5
17417.2
17793.2
17828.6
18361.6
18413.2
19029.4
19172.7
19337.9
19701.1
19883.0
20668.3
21073.0
21155.5
21188.1
21422.3
21441.9
21588.8
21725.2
21958.8
22162.2
22274.9
22439.8
22732.1
22746.8
22759.5
