57.6
449.9
661.2
751.0
1064.6
1517.7
1900.4
2306.9
2829.5
2920.6
2984.3
3373.9
3376.2
3407.6
3682.5
3746.3
3793.2
3872.0
4105.4
4257.5
4268.5
4671.0
4846.8
4962.4
5625.5
5910.7
6277.8
6287.3
6473.9
6673.8
6959.3
7028.1
7080.3
7107.0
7270.6
7549.6
7619.1
7845.7
7999.3
8056.4
8240.1
8536.8
8627.4
8639.8
8810.9
9356.1
9632.0
9756.4
9766.7
9769.2
9971.3
10382.7
10756.4
10931.9
10940.5
10963.7
11443.6
11514.5
11589.6
11774.1
11957.9
12691.1
13029.6
13432.1
13692.7
13705.7
14010.5
14017.5
14228.0
14249.4
14508.6
14910.4
14949.2
15031.2
15038.4
15384.8
15821.9
15838.5
15853.1
15960.2
16124.8
16247.4
16451.9
16664.9
16784.7
16796.7
17003.5
17301.6
17458.0
17570.4
17679.3
17972.9
18238.7
18458.7
18753.6
18756.9
18895.1
18897.6
19185.7
19356.1
19492.8
19641.3
19738.6
19871.2
20100.8
20319.8
20639.2
20946.9
21111.0
21143.1
21377.8
21395.8
21494.5
21505.1
21567.5
21573.2
21663.1
21750.5
21936.1
22178.8
22429.9
22559.8
22830.6
22910.2
22973.8
