0.0
119.9
273.1
337.3
585.1
692.0
852.8
1383.3
1446.8
1609.0
1697.4
1858.9
2090.0
2345.9
2475.4
2962.7
3069.0
3094.4
3175.8
3264.7
3337.9
3560.1
3683.2
4019.6
4105.5
4212.9
4543.7
4629.5
4866.3
5058.5
5135.1
5193.4
5642.5
5759.8
6006.5
6054.1
6082.5
6109.7
6335.3
6584.7
6666.9
6723.5
7049.0
7451.7
7473.2
7804.7
8097.5
8293.0
8425.1
8459.2
8645.9
9239.6
9643.0
9674.3
9872.2
9927.5
10100.6
10126.6
10187.0
10610.1
10695.2
10873.1
11176.1
11234.5
11260.7
11549.4
12795.3
12850.9
12903.6
12969.0
12987.8
13078.3
13264.0
13389.5
13476.8
13768.6
13968.9
14076.6
14110.4
14243.0
15027.1
15085.9
15113.6
15160.6
15181.9
15232.2
15625.8
16081.4
16150.0
16363.2
16513.6
16751.9
16900.8
16903.7
16904.8
16907.7
17059.1
17112.2
17920.8
18278.5
18283.6
18547.4
18674.4
18696.1
18911.5
19011.0
19215.3
19731.9
19944.2
20013.7
20141.1
20595.3
20783.2
21115.3
21182.8
21261.3
21586.8
21720.2
21841.3
21906.9
22105.4
22281.3
22566.0
22606.9
22729.9
22750.5
22828.2
