499.1
732.3
938.7
1248.2
1380.4
1389.5
1658.1
1667.9
1687.0
1923.9
2158.9
2194.2
2584.1
2778.6
2855.5
2922.7
3437.2
3804.5
3823.4
3841.6
4339.4
4520.7
4769.1
4874.4
4916.8
4959.9
5203.8
5311.2
5576.4
5591.4
6320.2
7364.3
7409.4
7417.2
7812.5
7833.0
7875.5
8187.1
9092.2
9283.0
9444.8
9736.6
9834.9
10110.1
10620.5
10686.5
11240.9
11274.3
11737.6
11949.0
12324.9
12501.4
12860.5
13003.1
13004.0
13085.1
13101.0
13192.2
13467.4
13748.6
13991.6
14349.1
14602.6
14825.5
14852.7
14985.2
15214.5
15611.5
15847.9
16048.2
16387.0
16724.0
16833.9
17212.4
17254.9
17360.0
17416.3
17458.7
17634.1
17834.8
17947.7
18003.3
19136.4
19252.3
19622.4
19701.9
19806.4
19882.1
19915.5
20007.3
20278.0
20359.0
20366.8
20665.6
20864.0
20913.5
21472.2
21688.6
21714.5
21792.0
21876.9
22171.4
22408.2
22427.7
22716.4
22726.6
22734.1
