193.9
563.2
998.0
1080.5
1152.1
1340.4
1522.1
1727.6
1753.0
1928.8
2536.7
2618.3
2937.5
3831.3
4178.4
4494.1
4530.9
5083.9
5201.1
5669.4
5857.4
5933.5
6148.3
6259.4
6922.1
6982.1
7045.5
7376.3
7406.7
7459.9
7482.7
7554.0
7623.3
7834.4
7868.5
8494.3
8635.4
8670.9
8937.8
9405.3
9953.8
10043.8
10051.6
10083.6
10189.8
10248.2
10286.6
10641.5
11181.1
11185.7
11443.5
11607.9
11792.6
11941.7
12047.4
12514.8
12810.3
12930.9
13248.2
13317.4
13843.2
13850.8
13929.3
14051.2
14359.1
14478.0
14503.3
15001.2
15171.3
15198.4
15344.3
15545.0
15993.7
16272.8
16408.4
16465.8
16489.1
16811.4
17395.3
17522.9
17761.9
18034.5
19110.1
19152.5
19161.3
19367.7
19492.0
19529.0
19756.6
19944.2
20167.0
20600.2
20881.0
20919.3
21042.0
21055.4
21280.3
21337.9
21647.4
21761.3
22490.2
22595.1
22610.6
22723.8
22957.3
