50.7
780.9
1178.7
1327.5
1385.2
1560.4
1619.9
1867.7
2286.7
2362.0
2710.2
3316.2
3691.5
3748.8
3757.7
4311.1
4395.9
4479.6
4507.6
4554.4
4917.1
4946.1
5359.1
5686.9
5690.7
5759.5
5780.6
6109.1
6488.3
6515.4
7616.1
7664.0
7834.8
7925.4
8158.8
8168.6
8368.2
8430.1
8478.4
8638.1
8744.3
9250.8
9359.7
9870.1
9880.4
9902.1
11083.2
11216.0
11618.3
12007.4
12174.0
12389.7
12475.3
12587.4
13018.0
13571.9
13600.3
13718.3
13932.7
14090.3
14145.2
14374.0
14409.4
14492.9
14685.1
14702.2
15134.2
15780.4
15844.1
15855.9
16474.8
16529.3
16965.3
17038.9
17148.2
17209.6
17220.4
17483.4
17778.0
17795.6
18509.0
18611.9
18743.0
19515.0
19567.0
19790.8
19884.2
19959.6
20045.1
20205.7
20624.7
20719.7
20737.2
20908.8
21028.0
21538.7
21891.7
22040.8
22214.8
22231.1
22359.3
22867.3
