28.8
186.8
875.2
1258.0
1365.3
1375.0
1970.8
2300.2
2320.2
2817.9
2885.2
2907.8
3250.5
3268.5
3310.1
3340.4
3466.5
3614.9
3950.7
4232.7
4507.9
4737.7
5009.3
5177.5
5211.4
5412.7
5420.8
5671.1
5896.2
6013.6
6354.1
6510.6
6791.0
6947.1
7001.5
7158.3
7457.6
7584.7
7610.1
7705.6
8066.4
8078.0
8084.9
8475.6
8495.4
8708.7
8790.2
8812.7
9139.5
9141.8
9227.9
9575.5
10330.4
10489.5
10503.4
10902.8
11088.4
11509.9
11599.6
11644.8
11739.7
11891.4
12095.2
12163.4
12538.7
12551.9
12644.5
13028.8
13238.3
13300.3
13327.9
13396.9
13555.4
13574.4
13726.8
13964.6
14109.0
14278.9
14445.5
14938.5
15154.7
15294.0
15716.5
15922.9
15973.0
16318.1
16573.3
16845.2
16982.5
17104.5
17178.2
17341.5
17668.0
17816.6
17866.6
17994.7
18000.8
18236.2
18263.6
18680.2
18894.8
19151.0
19346.1
19549.1
20027.4
20166.3
20516.8
20788.8
20946.6
21899.7
22176.9
22197.2
22248.9
22357.5
22500.1
22658.5
22765.7
