26.9
291.7
565.9
714.5
1009.3
1217.6
1767.0
1908.6
2012.5
2272.2
2358.3
2599.6
2672.6
3022.5
3137.9
3210.7
3560.6
3635.5
3704.1
3733.4
4007.1
4131.0
4224.3
4500.4
4658.7
4836.7
4877.8
5015.0
5052.0
5081.8
5180.5
5385.9
5589.4
5599.0
5641.3
5890.7
6326.6
6766.6
6973.8
7152.9
7178.1
7531.3
7597.7
7784.7
7892.9
8267.7
8426.1
8572.5
8667.1
8915.6
8933.2
8991.4
9384.2
9656.8
9964.7
10402.8
10420.1
10502.1
10509.6
10587.6
10770.3
10870.9
11044.2
11088.2
11190.1
11448.8
11510.9
11601.7
11648.3
11728.0
12162.1
12440.2
12709.7
12873.4
12913.7
12925.8
13346.5
13374.3
13582.2
14066.5
14589.2
14592.1
14620.0
14690.2
15478.0
15948.1
16166.9
16183.2
16186.7
16228.2
16515.8
16606.0
16922.6
16948.7
17049.5
17232.6
17379.7
17637.6
17950.5
17976.9
18376.2
18561.1
18739.3
19065.8
19213.0
19547.8
19556.3
19569.5
19706.5
19741.9
19827.0
19909.7
20163.1
20343.4
20494.8
20514.0
20527.7
20839.9
20889.3
21077.4
21609.9
21641.0
22374.2
22397.9
22555.8
22589.0
22762.6
22777.2
22797.0
