10.9
733.5
771.4
779.9
822.0
912.3
954.7
1004.3
1362.1
1574.1
1631.2
1764.2
2044.5
2441.6
3473.8
3734.6
3963.5
4016.8
5017.9
5027.4
5057.5
5131.4
5204.8
5210.6
5678.0
5696.5
5721.5
6033.2
6075.5
6129.6
6170.0
6447.3
6484.0
6689.8
7233.7
7296.2
7312.0
7467.6
7569.2
7981.5
8075.4
8076.9
8243.7
8319.5
8401.9
8505.1
8881.7
8996.4
9033.1
9086.9
9123.8
9262.0
9819.6
9923.4
10697.3
10966.4
11031.1
11037.5
11417.1
11683.7
11788.5
12405.6
12455.9
12495.1
12502.4
12792.6
12914.6
13043.7
13463.4
13775.8
13970.8
14149.4
14210.5
14375.1
14547.8
14753.0
14795.5
14975.5
15367.6
15819.6
15928.8
16471.9
16599.2
16670.1
16721.0
17507.3
17837.0
17846.1
17879.4
17951.4
18035.2
18213.7
18263.6
18416.9
18519.1
18771.1
18772.4
18916.3
19410.0
19599.6
19719.1
19891.3
19901.3
19913.5
20179.3
20360.0
20508.2
20676.3
20886.1
21513.8
21860.8
22132.2
22264.3
22539.2
22605.6
22973.2
