54.8
363.3
924.6
1165.0
1445.1
1450.6
1451.7
1533.2
1568.2
2563.9
2586.3
3035.2
3083.9
3250.2
3493.3
3562.0
3656.0
3955.5
3968.8
4272.7
4350.7
4414.8
4542.4
4623.5
4671.1
4949.1
5350.5
5667.9
5872.4
6268.7
7210.8
7262.0
7532.7
7672.4
8222.7
8540.1
8621.0
9080.5
9401.0
9533.2
9571.9
9821.4
10104.2
10242.9
10256.8
10538.6
10574.5
10612.2
10833.5
10868.9
11012.4
11095.6
11258.4
12045.3
12473.4
12674.4
12847.3
13078.6
13265.1
13532.5
13543.5
13937.7
13964.9
14095.4
14441.7
14509.2
15080.6
15664.8
16075.5
16261.8
16300.3
16540.8
16599.9
16605.0
16751.0
16971.8
17317.8
17754.3
17781.2
17946.1
18025.3
18267.8
18370.3
18496.9
18548.5
18609.6
18895.8
19146.0
19196.1
19805.4
19906.9
20365.4
20510.0
20795.8
20883.7
20940.0
21119.3
21123.4
21223.3
21441.1
21511.7
21589.1
21749.6
21755.2
22274.0
22474.0
22889.2
