407.3
620.8
1049.2
1098.7
1160.5
1165.0
1411.0
2117.8
2118.6
2201.7
2241.7
2327.4
2749.5
2841.7
3090.0
3090.6
3259.7
3268.9
3400.9
3409.2
3688.7
4195.0
4220.2
4405.9
4465.5
4546.6
4584.7
4757.7
4971.0
4999.3
5027.8
5079.6
5152.6
5223.7
5402.4
5419.4
5545.8
5580.0
6054.2
6201.9
6901.2
7615.8
7709.3
7735.9
8436.1
8523.2
8533.9
8551.2
8649.1
8718.9
8975.4
9148.5
9172.2
9514.6
9539.3
9638.8
9974.9
10087.9
10096.5
10155.1
10688.0
10703.4
10711.9
10832.5
10897.5
11622.9
12075.2
12437.1
12456.7
12620.9
12955.9
13427.3
13614.5
13691.6
13765.6
13768.2
13887.7
14346.5
14346.9
14378.9
14508.7
14540.9
15423.4
15449.5
15575.4
15825.5
16005.9
16261.5
16270.8
16280.6
16357.4
16404.6
16494.8
16570.3
16877.8
17162.1
17220.9
17368.8
17582.0
17646.6
17918.1
18106.5
18117.2
18386.1
18458.0
18462.6
18481.8
18829.4
18907.9
18985.7
19183.7
19243.4
19674.4
19708.7
20001.1
20342.6
20438.6
20609.6
20916.6
21176.1
21238.1
21399.2
21488.4
21793.0
21844.4
21898.6
22194.3
22726.0
22751.2
22831.1
22927.9
