188.8
266.2
842.4
928.2
953.4
1021.0
1504.7
1519.1
1720.3
1978.5
2000.8
2545.0
2657.0
3674.6
3685.8
4286.3
4333.1
4393.1
4421.2
4787.1
4865.7
5007.9
5495.1
5595.8
5610.6
5677.7
5841.7
6383.2
6452.7
6576.2
6692.9
7045.8
7649.9
7755.0
7942.8
8204.9
8480.0
8568.5
8864.7
8905.9
9331.9
9473.6
9497.8
9533.5
9547.8
9930.2
10440.8
10505.9
10592.7
10831.2
10834.1
11064.7
11100.1
11164.6
11279.4
11727.1
11761.8
11793.9
12162.6
12289.0
12695.9
12712.8
12923.3
13050.5
13290.5
13356.5
14105.7
14319.4
14338.6
14459.9
14469.8
14521.1
14521.3
14588.5
15013.4
15370.8
15686.8
15824.5
15832.4
16011.6
16053.0
16430.3
16696.5
16732.5
16877.1
17084.5
17128.6
17285.9
17387.7
17461.6
17596.3
18097.1
18227.0
18456.1
18735.7
18939.3
18978.1
19574.3
20220.5
20447.3
20467.9
20693.9
20753.8
20765.5
21177.4
21958.2
22174.6
22239.4
22428.6
22653.0
22927.0
