172.4
246.7
264.2
720.7
787.6
945.8
1112.1
1112.6
1135.2
1247.2
1293.5
1559.1
1644.8
1998.8
2128.9
2397.6
3264.0
3269.6
3510.9
3550.7
3801.1
3870.3
4197.4
4203.9
4245.9
4304.5
4315.1
4463.3
4870.9
4956.9
5036.7
5072.3
5613.3
5635.3
5721.1
5818.4
5922.1
6211.3
6215.0
6405.7
7072.4
7490.3
7537.7
7594.7
8913.9
8922.9
9022.2
9030.8
9941.1
10402.5
10472.6
10484.8
10580.1
10611.6
11597.6
11622.4
11923.9
12982.1
13705.2
13722.0
14007.8
14913.8
15152.0
15168.8
15347.3
15348.7
15413.3
15726.9
15730.2
15792.6
15795.7
15849.0
16031.4
16036.2
16141.6
16175.8
16217.8
16522.8
16874.6
17106.3
17860.7
17927.6
18165.4
18312.8
18437.8
18642.8
18680.9
18935.7
19103.3
19139.7
19156.4
19248.7
19305.2
19447.8
19600.5
19701.9
19711.4
20084.9
20090.9
20457.2
21079.6
21145.0
21147.5
21259.1
21262.9
21339.3
21350.9
21662.6
21668.3
22563.7
22670.4
22813.1
22944.8
