475.2
481.7
770.6
859.3
1060.9
1200.4
1280.0
1463.3
1488.8
1637.4
1851.5
1924.3
1958.5
2305.1
2362.7
2490.9
2612.4
2628.2
2657.5
2703.4
2832.0
3298.8
4097.7
4146.4
4193.8
4477.1
4685.4
4778.3
5072.9
5735.6
6080.2
6300.7
6738.2
6898.6
7134.9
7141.6
7278.8
7684.2
7777.3
7874.2
7960.6
8399.7
8610.7
8637.0
8656.7
8695.6
8696.6
8889.8
9038.8
9098.0
9157.6
9563.2
9875.3
9985.0
10228.3
10665.8
10714.8
10953.0
11175.2
11189.4
11200.9
11694.0
11694.6
11717.1
11736.2
11758.0
11900.4
11943.6
12247.2
12773.5
12927.2
13112.9
13246.8
13260.1
13326.9
13397.2
13531.0
13793.0
13824.9
14030.9
14037.1
14077.6
14098.0
14154.7
14173.0
14358.8
14454.7
14632.5
14876.2
15023.3
15107.0
15259.9
15290.5
15498.1
15660.3
16148.4
16188.1
16362.3
16380.4
16654.3
17696.2
18262.3
18306.7
18313.3
18436.6
19420.5
19431.6
19451.0
19497.7
19606.5
19896.8
20354.3
20385.1
20703.9
20753.9
20914.0
21040.2
21098.1
21110.4
21306.3
21642.7
22041.3
22381.1
22437.8
22687.3
22943.7
22958.4
