1.9
258.6
262.6
274.7
660.4
668.6
744.3
1073.7
1090.8
1229.8
1414.7
1511.3
1564.6
2080.6
2115.0
2356.8
2435.5
2768.2
2812.4
2850.5
3024.0
3417.2
3505.7
3764.9
3873.4
3983.7
4151.2
4327.9
4336.0
5323.0
5465.7
5481.4
5767.6
5855.9
5949.0
6009.7
6044.6
6193.2
6282.7
6876.4
7303.1
7326.6
7397.7
7532.8
7648.3
7682.7
8047.3
8096.8
8403.4
8505.0
8672.2
8678.8
8857.7
9065.0
9068.8
9091.0
9256.7
9523.4
9648.6
9660.0
10396.0
10488.6
10489.1
11300.3
11341.1
11568.9
11970.9
12100.0
12286.2
12367.6
12453.9
12715.7
12815.0
12927.0
12937.4
13048.0
13387.2
13421.6
13663.5
13748.3
13807.5
13898.7
13989.3
14150.0
14544.1
14624.6
14785.9
14898.3
15135.4
15303.1
15373.3
15419.8
15568.7
15582.2
15742.9
15808.5
15967.5
16423.8
16426.5
16639.1
16847.2
16852.3
16909.7
16976.8
17058.4
17300.1
17409.4
17410.5
17520.6
18040.7
18461.1
18486.8
18675.8
18933.1
19267.4
19333.7
19507.4
20170.1
20229.9
20811.6
20820.6
21016.4
21146.0
21853.3
21997.1
22145.9
22192.9
