441.0
801.6
812.2
1182.8
1433.5
1454.3
1454.6
1665.5
1737.1
1904.8
2053.2
2159.1
2564.2
2976.2
3107.9
3200.5
3318.1
3533.7
3585.4
3742.3
4216.1
4242.8
4374.2
4473.3
4595.7
4650.1
4724.2
5061.8
5141.3
5171.6
5179.8
5395.3
5792.4
5923.4
6105.9
6209.3
6355.1
6580.3
6638.8
6768.0
6799.8
6853.2
7088.7
7092.6
7261.9
7438.3
7463.8
8040.9
8097.9
8117.3
8395.7
8403.8
8523.5
8554.8
8862.5
8866.1
9017.4
9567.0
10112.3
11111.9
11254.0
11641.8
11645.5
12051.5
12142.8
12453.4
12506.8
12682.0
12780.8
12988.4
13238.1
13302.5
13781.2
13842.2
13915.9
13927.7
14210.3
14254.9
14378.8
14510.6
14517.6
14580.6
15341.0
15832.4
16264.0
16523.0
16540.9
16546.3
16700.8
17167.8
17379.9
17937.5
18494.8
18508.9
18861.7
19053.4
19105.9
19222.8
19356.6
19620.1
20011.2
20185.5
20237.0
20238.8
20313.3
20402.6
20539.8
20544.8
20669.5
20724.4
20975.4
21093.7
21217.1
21257.9
22459.9
