281.3
359.4
471.7
869.1
944.7
946.3
948.6
949.6
1285.6
1445.8
1474.9
1856.4
2845.3
2864.8
3031.4
3093.9
3112.7
3133.4
3309.4
3388.3
3596.5
3797.7
3817.0
3994.7
4158.5
4270.1
4286.1
4414.9
4489.0
4592.4
4733.4
5067.1
5080.8
5256.5
5314.8
5431.9
5959.2
6577.7
6833.9
6892.4
7566.9
7745.6
8360.9
8767.6
9213.9
9264.0
9272.6
9316.7
9316.8
9318.9
9353.5
9564.4
9584.2
10088.1
10132.7
10353.8
10528.7
10902.2
10914.9
11278.8
11284.1
11478.5
11599.5
11649.2
11757.9
12027.1
12059.7
12232.1
12399.1
12935.0
12939.7
13167.5
13181.1
13198.3
13222.9
13353.4
13696.8
14018.0
14038.2
14311.0
14468.9
14592.7
14677.1
14709.0
14800.6
15488.7
15605.5
15736.1
16046.5
16054.3
16077.3
16433.0
16779.5
16801.2
17521.1
17522.5
17718.6
17979.7
18032.6
18084.6
18210.0
18277.8
18376.7
18528.5
18681.0
18741.6
18933.7
19072.6
19174.4
19343.9
19444.1
19592.0
19744.0
20209.8
20297.6
20735.2
20792.5
21147.6
21153.8
21270.7
21848.9
21881.4
22059.9
22069.3
22327.1
22722.2
