454.1
627.6
715.0
725.3
733.9
1057.1
1059.6
1118.5
1283.7
1328.5
1848.0
2084.3
2224.8
2492.1
2518.5
2522.7
2782.7
3157.5
3484.7
3527.3
3617.2
4108.3
4442.8
4507.5
4562.4
4712.3
4793.6
5189.3
5423.3
5881.7
6057.3
6165.4
6249.8
6251.0
6450.4
6452.8
7077.1
7107.1
7297.4
7310.8
7351.3
7471.0
7605.6
7956.6
8147.5
8230.1
8606.4
8842.0
8959.2
9121.9
9238.2
9427.8
9478.8
9488.3
9608.5
9895.3
10391.3
10608.0
10940.8
11160.1
11239.9
11863.9
11892.9
12032.5
12033.3
12387.6
12428.7
12525.1
12546.8
12566.1
12971.1
13026.9
13084.4
13377.1
13550.1
13570.7
13827.3
14364.7
14429.0
14832.6
14884.6
14899.5
14912.2
14952.1
15014.2
15264.5
15507.7
15510.1
16043.6
16057.7
16250.8
16530.4
16876.2
17287.0
17369.7
17624.5
17700.6
17765.4
17987.7
18123.4
18200.5
18399.7
18548.3
18635.8
19213.9
19433.4
19448.6
19959.0
20448.6
20922.8
21706.2
21737.6
21882.8
22122.5
22150.4
22263.1
22405.8
22629.0
22663.4
22740.3
22831.9
22863.9
22993.7
