70.5
213.7
502.2
518.3
719.6
930.3
1203.0
1239.2
1268.1
1499.9
1711.5
1779.4
2027.5
2074.1
2337.9
2368.2
2677.9
2766.9
2799.1
2917.2
3042.3
3177.6
3222.9
3321.6
3485.1
3758.2
3847.7
3857.7
3944.3
4102.0
4142.1
4313.9
4701.6
5122.5
5367.0
5559.7
5808.0
5827.6
5842.5
5946.9
6115.3
6124.5
6699.7
6784.4
6851.1
7276.2
8036.8
8193.7
8332.8
8334.0
8389.0
8484.4
8730.7
8843.2
9411.3
9447.4
9577.9
9603.4
9648.2
9932.8
9944.0
10112.2
10182.8
10324.9
10498.4
10512.9
10891.1
11027.2
11142.3
11325.2
11335.7
11356.6
11397.1
11596.5
11834.2
12106.1
12151.6
12384.5
12423.9
12824.1
12987.9
13038.8
13301.2
13450.2
13506.2
13564.1
13743.7
13802.4
13885.8
13910.6
14131.6
14259.4
14320.1
14448.9
14784.8
14862.0
14895.3
15123.8
15285.0
15557.0
15673.6
15796.8
16182.9
16339.2
16374.6
16902.8
17320.2
17360.8
17873.6
17874.1
18524.2
18570.1
18843.5
19243.5
19369.1
19515.1
19635.5
19901.9
20081.7
20596.0
20898.3
21039.7
21603.5
21618.6
21754.9
21773.9
21892.0
22102.3
22551.2
22701.0
22726.5
22784.2
22980.0
