250.4
401.5
1023.7
1166.4
1290.4
1455.7
1630.0
1813.2
1977.8
2075.6
2306.2
2987.7
3090.4
3095.9
3201.3
3227.6
3233.3
3578.0
3714.6
4018.8
4055.5
4126.5
4325.3
5245.7
5267.0
5274.8
5460.0
5507.5
5992.2
6060.6
6359.7
6544.7
6582.0
7340.1
8197.4
8283.9
8303.5
8347.4
8667.8
8819.3
9612.4
9629.5
9723.4
9866.3
10109.2
10294.2
10418.2
10436.2
10779.7
11170.5
11497.9
11649.2
11686.4
11865.9
12057.6
12084.2
12615.1
12926.1
13132.2
13342.6
13550.7
13862.5
13872.1
13890.9
13907.0
14633.9
14879.1
15064.1
15149.2
15416.1
15902.7
16037.3
16338.2
16785.5
17375.9
17899.2
17983.8
18000.4
18176.9
18202.5
18387.5
18493.1
18515.9
19175.5
19492.7
19692.5
19761.5
19907.8
20154.3
20547.7
20885.9
20984.6
21009.7
21168.5
21359.8
21474.4
21513.0
21782.9
21859.2
22070.3
22516.9
22578.9
