216.4
220.6
407.3
413.6
612.7
658.5
714.0
986.3
999.1
1001.2
1028.0
1050.6
1111.6
1243.1
2182.8
2618.3
2654.7
3189.8
3408.0
3712.3
4007.9
4243.1
4312.5
4416.3
4561.9
4976.9
5205.0
5555.0
5597.6
5644.1
5718.0
6426.6
6490.9
6535.4
6711.5
6792.8
7463.4
8316.2
8361.9
8399.1
8476.6
8646.3
8938.2
9604.7
9639.5
9768.7
9852.6
10067.4
10170.3
10378.6
11056.1
11355.8
11424.9
11671.8
11923.1
12103.0
12105.4
12306.7
12371.9
12629.1
12964.2
13098.3
13113.0
13169.8
13500.3
13703.8
14104.6
14123.0
14145.5
14407.2
14556.3
14632.8
14923.0
14973.2
15071.7
15298.9
15763.0
15777.6
15894.1
15920.9
16053.9
16216.3
16744.2
16980.4
17032.2
17345.7
17357.7
17952.6
17953.9
18545.0
18546.3
18856.4
19204.8
19381.0
19699.3
20046.3
20862.5
20979.5
21000.1
21045.6
21140.2
21169.0
21408.0
21564.5
21716.3
21892.6
21929.6
22110.3
22672.1
22843.8
