24.4
476.5
500.7
878.7
1029.1
1284.2
1378.0
1569.2
1600.8
1803.9
1938.6
1987.8
2020.5
2130.6
2163.7
2296.5
2492.1
2781.7
2790.9
3048.0
3062.4
3280.9
3779.1
3782.3
3914.6
3987.1
4401.1
4585.9
4710.6
4777.7
4835.1
4927.3
4946.5
4981.9
4989.6
5346.1
5382.3
5394.3
5835.1
5953.4
5991.8
6016.4
6090.4
6328.2
6363.4
6377.9
6577.5
6648.0
6776.5
6982.3
7301.5
7312.6
7494.3
7641.3
7810.9
7956.8
7995.7
8117.2
8128.3
8773.8
9220.4
9314.6
9478.6
9499.6
9613.5
9621.0
9902.7
10138.4
10540.1
10683.7
11176.3
11379.6
11429.8
11430.4
11486.9
11579.6
11816.7
11892.5
11926.1
11992.3
12003.5
12009.9
12167.8
12463.3
12662.3
12799.0
12904.2
13247.2
13323.0
13580.7
13720.4
13947.4
14968.8
15147.0
15182.4
15482.9
15875.4
16083.9
16186.4
16778.9
16946.1
17066.8
17246.0
17649.9
17825.2
18505.2
18609.9
18615.9
18749.2
18846.4
19077.3
19079.7
19377.1
19703.5
19946.1
20100.6
20118.2
20168.1
20342.8
20581.0
20738.1
20989.9
21396.4
21402.7
21496.3
21523.5
21811.8
22634.2
22895.0
