242.8
495.7
758.8
909.5
924.2
1178.7
1198.8
1325.3
1480.5
1832.9
1954.1
2050.7
2210.4
2285.9
2664.8
2712.9
2808.2
3347.6
3687.0
3878.9
3921.2
4305.3
4320.2
4604.9
4675.4
4709.8
5201.9
5428.8
5459.0
6079.3
6087.4
6311.5
6398.4
6534.6
6678.9
6717.7
7125.2
7160.2
7165.7
7197.4
7357.6
7540.2
7911.7
8006.7
8305.7
8519.0
8689.0
8834.3
8848.5
9005.8
9268.6
9289.1
10281.6
10707.6
10803.4
11141.1
11366.1
11450.7
11654.8
11760.0
11766.4
12001.5
12276.8
12346.7
12675.7
13674.7
14344.2
14641.7
14916.1
15186.1
15802.7
15899.4
16037.5
16107.3
16367.3
16394.2
16812.6
16879.1
17135.4
17249.0
17371.2
17413.2
17671.9
17823.3
17828.5
17893.0
18216.8
18540.3
18808.7
18968.3
19021.6
19189.6
19444.2
19516.8
19555.5
19632.1
19778.6
19881.6
20336.9
20849.0
21296.3
21301.4
21521.4
21566.4
21728.1
21973.4
22439.2
22743.0
22850.1
22863.9
