193.3
535.9
856.0
1100.2
1268.6
1500.8
1542.3
1570.9
1653.8
1712.2
1857.1
2000.7
2245.5
2276.5
2439.9
2440.2
2635.6
2856.3
2936.4
2979.7
3002.6
3059.8
3301.7
3416.7
3471.8
3735.1
4653.8
4755.9
5199.7
6374.2
6403.1
6979.9
7076.4
7096.6
7194.4
7387.9
7429.1
7946.1
8029.9
8076.4
8745.9
8760.8
9206.5
9207.4
9516.0
9686.7
9975.0
10420.5
10432.8
10928.2
10928.3
11218.2
11285.3
11318.1
11387.1
11586.2
11961.3
12300.9
12520.7
12595.1
12604.4
12730.0
13035.9
13111.4
13203.9
13558.3
13807.9
14052.7
14335.1
14983.7
15117.5
15834.8
16124.8
16141.1
16209.4
16214.1
16310.7
16872.3
16973.7
17169.6
17183.4
17233.7
17392.2
17995.2
18200.8
18226.4
18382.3
18581.8
18745.2
18941.2
19138.9
19170.9
19197.3
19252.2
19647.0
20209.4
20395.4
20817.8
20837.5
21087.8
21095.4
21220.6
21237.5
21381.2
21436.2
21703.4
21806.8
21959.0
22143.1
22331.2
22398.0
22475.2
22534.9
22663.8
22985.1
