49.2
69.4
173.5
446.9
488.0
494.8
516.1
871.8
1288.5
1365.1
1409.4
2435.5
2566.7
2897.8
3250.6
3272.5
3303.0
3519.8
3558.5
3727.2
3772.1
4048.4
4274.1
4440.5
4536.1
4546.9
4642.0
4710.1
4716.0
4930.5
5426.0
5476.7
6209.3
7158.5
7213.7
7399.2
7579.6
8158.3
8202.0
8218.7
8315.9
8401.3
8521.2
8610.7
8634.6
8739.9
8787.6
8880.7
9350.7
9517.9
9701.3
9787.7
10055.3
10178.0
10367.1
10466.2
10676.9
12220.2
12368.1
13018.8
13070.5
13225.4
13414.3
13477.6
13720.7
13721.7
14123.1
14280.2
14475.6
14738.0
15209.7
15666.4
15842.6
16067.6
16261.2
16440.4
16854.2
16865.3
16933.7
17099.2
17299.5
17382.7
17421.0
17848.5
18044.0
18158.0
18202.0
18510.1
18609.5
18661.5
18907.8
18986.4
19213.3
19321.0
19451.3
19504.1
19588.5
19621.5
19630.5
19660.2
19891.1
20181.8
20196.6
20222.4
20288.5
20494.0
20680.2
20855.6
20877.6
21037.5
21434.7
21500.0
21849.3
21948.2
22052.1
22122.9
22132.2
22229.0
22535.4
22579.1
22811.4
22859.6
22924.9
22985.5
