477.2
1392.3
1437.8
1575.7
2113.0
2165.9
2172.5
2395.1
2731.2
2918.4
2965.9
3269.1
3378.6
3625.3
3851.1
4153.2
4529.8
4533.4
4661.7
5090.8
5092.6
5507.0
6120.0
6141.6
6256.5
6311.5
6686.6
6778.2
6930.5
7249.5
7274.3
7343.5
7363.7
7617.1
7697.5
7749.1
7896.6
8097.4
8229.1
8286.6
8389.9
8422.2
8639.7
8967.8
9286.5
10050.3
10570.4
10616.3
10666.3
10767.1
10773.3
10979.9
12245.2
12375.3
12423.9
12887.5
12953.2
12980.3
13272.3
13401.6
13510.5
13665.2
13943.6
14104.4
14179.7
14384.0
14451.9
14529.5
15557.0
15799.4
15889.4
16216.6
16453.4
16608.5
16706.5
16850.1
17239.4
17312.1
17418.3
17706.2
17795.2
18014.9
18170.3
18722.6
18781.7
19312.3
19471.1
19573.6
19981.2
20287.4
20295.0
20307.3
20482.2
20801.0
21137.5
21258.1
21271.9
21733.2
21887.7
22087.3
22193.3
22922.8
