280.3
489.5
497.9
543.0
695.6
784.7
1182.7
1691.4
2042.8
2582.9
2700.4
2983.3
2985.8
3181.0
3397.2
3753.5
3756.2
4059.5
4445.8
4719.5
4851.4
4922.8
5312.9
5579.7
5689.8
5888.6
6025.6
6032.3
6319.3
6415.5
6865.3
6922.9
7107.5
7238.1
7329.3
7432.9
7495.7
7582.3
7583.6
7589.5
7605.0
7749.4
8041.4
8384.5
8670.6
9044.2
9738.9
9862.1
9893.2
10484.4
10667.1
10722.6
10771.0
11251.0
11382.5
11588.8
11871.8
11975.9
12163.7
12341.3
12863.5
13111.3
13241.2
13360.5
13777.5
13832.0
14892.8
15322.9
15719.4
15823.1
15856.3
16157.4
16333.4
16449.4
16471.5
16828.8
17004.0
17159.3
17370.6
17666.3
17722.1
17815.0
17887.9
18009.5
18091.5
18202.1
18534.5
18624.9
18760.2
18953.8
19255.6
19838.4
19877.3
19962.3
20369.2
20504.2
20584.6
20699.2
20764.3
20782.5
20864.9
20951.4
21116.1
21233.8
21487.3
21593.8
21663.7
21813.4
22089.1
22144.1
22429.1
22567.6
22610.3
22612.8
22630.5
