145.6
249.7
412.8
591.0
866.0
1416.6
1645.2
2055.9
2329.3
2634.9
2691.5
3100.1
3282.5
3531.2
3676.4
3765.7
4086.3
4224.8
4256.2
4326.1
4361.9
4540.9
4631.7
4696.4
4898.3
4994.1
5260.4
5447.8
5508.1
5618.3
5626.2
5651.0
5842.8
5896.6
6042.9
6076.4
6356.8
6422.2
6526.4
6999.5
7363.4
7381.4
7477.9
7722.2
7953.9
8123.0
8125.8
8161.3
8261.9
8485.8
8755.7
8912.7
9209.3
9358.9
9599.3
9701.4
10350.4
10651.3
11298.8
11856.5
11940.9
12197.6
13092.3
13127.6
13133.7
13308.7
13635.4
13712.7
13739.0
13778.0
13999.9
14067.9
14123.9
14463.3
14735.7
15052.8
15294.9
15702.2
15996.5
16311.8
16454.7
16854.2
17085.7
17329.2
17793.4
17903.3
18089.1
18096.8
18180.7
18345.3
18422.5
18469.6
18573.0
18790.8
19132.9
19292.0
19669.7
20098.3
20587.0
20794.3
21481.1
22064.4
22322.4
22570.2
22989.2
