283.4
454.0
597.5
599.4
781.9
787.8
959.8
980.8
1057.1
1155.8
1275.9
1339.2
1396.2
1488.0
1647.0
1794.7
1915.2
2020.1
2153.8
2247.3
2263.6
2342.4
3160.8
3335.5
3635.4
3714.2
3733.6
4434.5
4453.8
4460.6
4507.9
4543.5
4684.0
4813.9
4864.8
4901.0
5059.9
5161.3
5177.5
5253.2
5691.7
5939.7
6246.2
6430.7
6605.9
6619.4
6942.3
7894.6
7952.8
8213.0
8730.8
8897.8
9150.1
9233.8
9327.3
9331.1
9511.5
9579.1
9802.7
9826.5
9872.0
9882.1
9899.4
9950.5
10137.7
10230.4
10282.6
10886.3
10901.2
11058.7
11246.1
11264.3
11769.6
12035.4
12150.9
12701.2
13243.4
13496.2
13861.5
13955.4
14385.6
14826.5
14940.2
15025.3
15290.7
15745.6
15768.3
16062.6
16285.1
16313.8
16434.5
16902.0
17017.4
17129.6
17275.8
17293.0
17963.9
18345.3
18414.9
18469.4
18692.6
18845.3
18923.4
19224.5
19488.3
19625.6
19775.7
19854.1
20015.2
20466.2
20562.3
20742.7
20847.1
21353.8
21508.8
21638.1
21714.7
22005.7
22140.4
22520.2
22713.5
