186.1
301.6
308.8
496.3
518.3
789.9
799.5
947.4
1086.7
1123.5
1206.1
1521.8
1710.5
1774.0
1834.0
1910.1
2050.8
2666.0
2684.8
2903.6
3067.7
3098.1
3354.3
3380.3
3919.8
4142.9
4168.7
4721.9
4752.2
5036.7
5041.4
5291.5
5446.5
5655.5
6177.3
6270.3
6399.4
6591.5
6683.7
6915.7
7864.1
8334.7
8358.6
8489.7
8625.0
8742.4
8759.1
9115.5
9537.8
9573.5
9596.0
9792.8
9823.6
9842.8
10131.5
10222.1
10249.2
10378.9
10436.6
10704.5
11041.0
11089.7
11141.0
11192.5
11277.6
11354.4
11415.3
11759.7
11859.9
11917.5
12327.2
12567.3
12749.9
12838.1
12849.7
13177.5
13344.7
13569.3
13572.0
13966.9
14051.0
14131.3
14259.4
14362.1
14440.0
14449.7
14724.5
14943.2
14977.4
15218.6
15319.7
15360.3
15802.8
15935.2
16301.4
16364.3
16524.7
16628.0
16717.5
16785.2
16859.9
17017.0
17038.1
17117.0
17311.2
17541.6
17609.5
17620.8
17711.9
17905.3
17997.9
18034.2
18120.7
18155.8
18205.9
18335.5
18896.4
19147.8
19173.0
19460.2
19495.6
19757.7
19893.0
20041.7
20057.9
20345.1
20423.0
20455.5
20613.4
20729.4
20863.5
21135.7
21348.1
21569.5
21839.2
21986.2
22226.2
22433.5
22514.5
22591.2
22910.5
22965.7
