190.7
371.1
445.0
467.9
592.6
764.1
778.7
803.7
1088.5
1182.8
1306.6
1391.9
1435.3
1491.1
1576.1
1639.8
1736.6
1939.2
2010.7
2033.1
2274.6
2406.1
2830.8
3603.4
3633.4
3849.4
3932.3
4049.0
4436.5
4859.7
4891.0
4956.7
5273.2
5601.9
5632.6
5806.5
5877.4
5917.7
5930.1
6633.2
6642.3
6676.6
6687.0
6918.3
6996.3
8405.6
9648.0
9651.5
10056.6
10079.8
10245.0
10279.9
10592.0
11260.9
11471.7
11531.1
11598.8
11732.8
11786.1
11918.6
12265.6
12268.6
12291.1
12409.7
12627.7
12702.8
12715.8
13038.6
13193.1
13446.9
13759.2
13931.5
13991.0
14023.5
14045.2
14161.7
14696.3
15145.3
15226.6
15560.8
15747.1
15935.8
16054.9
16114.5
16824.1
17413.2
17787.0
18015.6
18073.1
18194.4
18756.9
19232.7
19310.0
19325.6
19329.6
19349.1
19361.7
19629.9
19694.1
19712.6
20006.1
20357.6
20472.8
20631.3
20848.1
20910.9
20948.9
21287.2
21431.7
21536.9
21574.0
21613.9
21659.7
21751.0
21898.2
22361.4
22758.0
22828.1
22889.1
