62.8
1210.6
1604.1
1711.6
1874.1
1897.6
2011.1
2160.1
2509.5
2649.6
2795.0
2849.7
2869.7
2926.7
2935.4
3246.7
3332.7
3500.0
3633.1
3674.3
3774.5
3784.9
3821.9
4373.7
4388.6
4504.2
4634.5
4868.2
5216.9
5356.2
5551.2
5625.5
6151.9
6164.7
6260.8
6717.1
6848.4
6946.3
7110.6
7430.0
7433.2
7954.3
8308.1
8322.5
8438.6
8541.6
8575.6
8588.7
8731.4
8893.8
8911.2
9333.2
9388.0
9550.6
9639.0
9642.3
9841.0
9952.6
10202.0
10206.7
10272.9
10866.2
11451.5
11485.5
11793.2
12165.7
12241.2
12269.3
12368.3
12497.3
12860.2
12979.5
13041.8
13144.1
13185.4
13462.5
13503.0
13652.1
14193.5
14342.6
14957.4
14999.1
15235.9
15658.3
15983.1
16151.7
16319.7
16434.9
16617.1
17220.1
17556.3
17591.6
18510.0
18556.7
18600.8
18661.0
18698.2
18956.1
18977.0
19044.2
19126.6
19127.8
19305.5
19497.5
19572.9
20086.9
20148.3
20882.8
21756.9
21786.3
21855.7
21983.1
22716.7
22839.5
