285.5
330.7
474.2
931.9
1044.4
1382.6
1540.3
1622.8
2199.8
2279.2
2712.3
3449.6
3458.0
3913.8
4087.9
4179.9
4404.6
4430.1
4433.2
4692.4
4773.4
5376.6
5472.7
5517.2
5606.5
5627.6
5889.6
6155.0
6408.0
6691.3
6800.7
6849.0
7007.9
7023.9
7104.3
7623.9
7652.6
7874.0
8024.1
8333.9
8454.1
8713.1
9033.6
9211.4
10404.5
10653.9
10876.4
10982.0
11447.0
11909.5
12142.8
12162.4
12233.7
12256.4
12380.8
12491.7
12587.9
12838.6
13278.1
13545.0
13856.2
13927.9
14644.1
14802.9
15231.2
15265.1
15492.7
15595.4
15633.5
15996.6
16073.5
16089.1
16209.7
16237.6
16295.2
16409.8
16433.0
16717.2
17526.8
17900.8
17983.2
18908.3
19097.9
19462.1
19631.9
19704.6
19827.4
20013.2
20107.9
20574.0
21034.8
21165.9
21935.1
21945.9
22269.3
22312.7
