213.7
245.5
457.4
724.8
915.2
1225.3
1414.9
1761.7
1804.1
2127.4
2317.8
2445.2
2755.4
2861.4
2924.6
3084.5
3104.0
3832.3
3928.7
4358.2
4362.9
4467.3
4493.5
4621.4
4665.8
4819.0
4902.9
4923.5
5066.2
5225.5
5244.9
5419.5
5481.0
5631.1
5720.4
5786.0
6121.8
7217.7
7245.9
7449.7
7652.2
8086.8
8104.7
8206.6
8290.0
8965.2
9078.6
9224.5
9288.3
9306.2
9336.0
9470.5
9490.6
9516.7
9552.2
9557.4
9786.3
9990.0
10049.9
10157.3
10170.9
10314.3
10430.9
10752.0
10897.5
11333.2
11424.0
11472.0
11507.6
11725.2
12203.5
12246.5
12316.2
12324.4
12343.8
12484.2
12928.4
13030.0
13242.4
13350.1
13370.9
13766.3
13876.1
13995.3
14079.9
14180.3
14366.9
15328.3
15356.7
15362.0
15540.5
15552.9
15780.5
15841.8
15874.1
16389.6
16594.8
16754.5
17351.9
17539.3
17540.4
17823.3
18080.2
18160.7
18253.2
18349.7
18353.2
18434.8
18452.6
18701.3
18937.4
18985.7
19024.8
19308.0
19314.2
19756.5
20004.4
20005.1
20014.9
20235.6
20364.5
20664.4
21089.0
21234.3
21423.9
21641.0
21680.6
22105.6
22215.7
22423.2
22594.9
22669.2
22686.7
