177.8
196.5
281.6
287.0
454.3
550.0
757.4
1021.6
1023.2
1299.0
1344.4
1423.8
1445.1
1487.1
1639.7
1705.6
1711.4
1739.0
1888.6
2067.7
2086.7
2146.4
2198.8
2779.7
2934.7
3372.9
3714.1
4495.1
5274.6
5646.4
5683.5
5695.3
6057.8
6105.3
6250.9
6634.2
6690.8
6710.4
6957.3
7232.2
7312.4
7630.2
7643.7
7740.8
7955.2
8089.8
8263.3
8343.7
8572.6
8797.8
9310.6
9378.1
9448.9
9455.4
9912.8
9925.9
10378.8
10422.0
10434.4
10557.3
11390.2
11416.0
11561.3
11562.1
12301.5
12917.9
13016.6
13331.5
13442.9
13596.5
13622.7
13735.2
13782.8
13894.0
13899.9
14431.7
14594.1
14647.3
14807.6
15101.5
15147.6
15297.7
15621.5
15757.6
16046.6
16293.4
16300.9
16301.9
16489.3
16514.0
16539.8
16939.1
17188.5
17713.1
17987.0
18422.8
18425.2
18670.3
19171.8
19251.5
19793.4
20121.9
20138.1
20174.7
20302.5
20390.3
20435.1
20535.7
20646.2
20714.8
20793.9
20888.4
20948.5
21190.2
21724.8
21742.1
22299.9
22627.1
22877.5
