24.9
93.5
436.4
1033.3
1179.2
1215.1
1459.8
1718.0
1999.9
2170.9
2302.3
2370.1
2416.7
2425.0
2540.5
2898.7
3255.1
3286.8
3420.6
3482.8
3489.6
4086.2
4373.5
5155.0
5179.1
5525.9
5579.3
6025.0
6262.0
6344.8
6950.0
7387.3
7546.2
7984.5
8299.0
8533.5
8640.6
8797.0
8842.6
9380.2
9670.4
9821.5
9913.0
9967.5
10182.1
10322.5
10596.9
10687.6
11299.1
11952.9
12094.7
12127.1
12318.8
12364.0
12369.9
12488.6
12521.4
12854.5
13069.1
13181.4
13685.5
13763.5
14290.2
14293.9
14353.9
14634.0
15006.1
15096.1
15370.3
15376.1
15681.3
15755.1
16778.1
16840.1
17244.4
17520.7
17648.1
17663.5
17677.8
17706.4
17793.4
17800.4
17801.7
17986.9
18232.6
18465.1
19132.6
19249.1
19468.9
19658.6
19925.4
19950.6
19987.2
20120.1
21185.0
21205.9
21282.2
21658.1
22248.8
22261.3
22349.3
22514.9
22520.3
22694.3
22960.1
22964.7
