345.2
577.4
991.7
1109.8
1153.0
1277.7
1309.6
1367.4
1678.5
1698.9
2020.8
2766.4
2895.7
3283.1
3666.9
3832.9
4066.8
4244.4
4385.8
4794.1
5042.2
5321.6
5339.3
5481.5
5555.2
7011.4
7239.1
7284.2
7670.9
7692.5
7707.5
7792.3
8182.8
8352.4
8424.1
8724.5
8762.7
8801.5
8876.0
9164.1
9432.2
9832.2
10217.6
10532.7
10723.4
10950.0
11654.6
11846.9
11916.1
12166.2
12327.3
12447.6
12463.4
12580.5
12826.0
12836.0
12869.4
12897.0
13005.4
13062.0
13102.5
13160.8
13346.6
14003.2
14212.4
14222.2
14375.5
14458.7
14587.7
14596.7
14642.9
14882.2
14895.2
14956.7
14961.9
15088.2
15174.1
15262.8
15535.1
15984.1
16178.4
16318.7
16712.4
16982.0
17120.6
17254.8
17404.5
17433.3
17564.2
17779.6
17861.9
17919.8
18054.7
18491.7
18562.7
18860.8
18893.1
19322.5
19337.1
19412.4
19640.3
21108.8
21190.2
21349.4
21356.5
21462.6
21711.1
21864.7
21940.2
22054.6
22199.3
22636.3
22640.6
22783.0
