462.5
486.4
1178.3
1430.1
1506.8
1634.9
1679.0
1792.1
1957.9
2044.5
2385.7
2692.1
2962.1
3093.8
3339.6
3633.5
4333.6
4352.2
4399.6
4801.9
4818.2
4985.1
4987.6
5641.6
5672.8
6070.9
6151.6
6474.2
6837.2
6843.9
6859.8
7077.6
7155.5
7604.7
7677.4
7686.0
7900.8
8297.1
8416.4
8531.7
8818.8
8867.0
8904.6
9032.8
9130.2
9360.3
9409.9
9632.7
9967.5
10103.7
10198.4
10347.1
10394.2
10433.5
10729.3
10883.7
11298.4
11336.2
11498.5
11608.3
11679.0
11849.6
11958.0
12000.9
12163.2
12228.5
12342.6
12365.8
12413.8
12607.8
13244.5
13448.6
13784.0
14313.9
14334.0
14474.6
14476.4
14478.2
14979.1
16022.7
16350.6
16363.7
16372.8
16441.8
16791.8
16800.1
16808.6
16882.2
16896.4
16989.5
17034.2
17105.0
17219.5
17400.0
17409.7
17430.0
17593.7
17684.2
17692.8
17787.2
17804.0
17833.4
18049.5
18062.3
18073.5
18173.7
18201.5
18271.2
18645.9
18877.4
19111.4
19258.1
19276.8
19562.9
20062.8
20241.3
20291.0
20362.4
20790.3
20965.7
21094.8
21132.2
21272.0
21286.3
21413.3
21623.1
21693.6
21701.1
21717.5
22013.2
22035.0
22282.3
22553.7
22594.6
