40.7
98.9
208.0
310.3
322.0
1096.7
1387.3
1538.7
1722.4
1776.7
1796.2
1869.4
2071.5
2192.6
2667.7
2794.5
2823.5
2839.7
2962.2
3223.1
3332.7
3775.8
3922.5
4287.1
4444.5
4494.6
4688.5
4871.3
4910.3
5024.5
5057.1
5123.9
5134.7
5177.4
5190.8
5395.9
5468.5
5686.9
5985.1
6320.9
6614.6
6672.4
6834.5
7035.4
7256.5
7379.5
7849.1
7993.2
8172.0
8262.1
8527.3
8534.0
8721.1
9163.5
9419.9
9981.6
10275.5
10294.2
10369.9
10413.8
10582.8
10681.1
11062.1
11184.2
12000.1
12010.0
12091.2
12608.3
12810.6
12897.6
12941.7
13004.9
13027.0
13068.9
13303.8
13304.5
13325.5
13978.5
14341.4
14482.2
14900.9
14928.8
14971.6
15312.3
15924.0
16170.9
16251.5
16641.2
17063.3
17317.3
17585.6
17635.2
17652.7
17887.3
17916.9
18024.5
18612.9
18651.3
19475.1
19591.6
19757.5
20004.6
20013.8
20263.5
20834.3
21127.4
21187.3
21495.6
21902.4
21907.2
21998.9
22177.0
22244.9
22408.8
22542.4
