42.1
306.1
528.9
989.7
1003.0
1143.6
1253.2
1510.8
1800.3
1936.3
2245.3
2484.3
2654.3
2994.5
3307.6
3888.0
4541.2
4573.9
4697.6
4811.4
4863.9
5057.3
5067.5
5671.2
5813.2
5908.0
6078.3
6156.4
6200.9
6329.5
6518.6
6803.1
6818.3
7322.8
7347.7
7351.5
7995.7
8141.7
8459.2
8751.3
8823.7
8867.0
8958.4
9271.5
9393.6
9601.0
9616.9
9699.9
9713.5
9834.8
10489.6
10723.3
10821.8
10852.0
10969.9
11160.9
11187.5
11381.5
11438.9
11704.2
11746.1
12335.4
12495.2
12530.6
12536.0
12685.1
13235.7
13540.2
13596.1
13719.0
13913.1
14073.2
14291.8
14767.3
14815.5
15057.2
15278.7
15328.6
15575.0
15605.5
15987.7
16238.8
16360.6
16770.5
17034.4
17753.4
17776.8
18017.7
18056.3
18470.4
18759.1
18866.3
19137.4
19867.3
19957.0
20052.7
20183.3
20336.5
20495.7
20654.3
20725.0
20948.7
20986.5
21218.1
21313.1
21476.5
21493.0
21540.4
21803.6
21904.0
21945.5
22061.6
22876.7
