127.3
351.1
735.2
895.6
1020.7
1251.4
1287.1
1416.4
1593.0
1635.8
1853.9
2112.5
2705.6
2773.4
3104.0
3606.2
3618.9
3812.5
3865.9
3943.7
3991.4
4068.4
4093.9
4403.8
4441.7
4807.0
4826.9
5341.9
5409.3
6207.3
6463.8
6562.5
6572.9
6744.5
6805.5
7038.8
7091.8
7749.5
7767.5
8273.4
9110.4
9533.6
9793.7
9806.2
9840.6
10051.3
10492.2
10508.8
10696.0
11043.5
11114.5
12032.0
12492.7
12515.1
12537.6
12576.9
12638.2
13635.4
13713.3
14209.2
14257.2
14634.0
15011.1
15286.5
15378.2
15558.5
15625.9
15642.9
15927.3
16070.3
16184.7
16220.5
16947.4
17273.4
17420.5
18144.3
18517.0
18624.0
18654.1
18894.7
18947.2
18987.7
19322.1
19365.9
19464.5
19583.3
19681.0
19942.5
20086.5
20559.5
21025.0
21162.9
21201.0
21648.6
21661.5
21849.9
22046.1
22217.1
22404.5
22514.0
22678.1
22737.4
22815.3
22978.3
22991.2
