330.7
367.2
564.1
598.8
601.8
775.5
958.2
985.4
1021.2
1585.2
1605.0
1669.0
1867.7
2213.8
2290.8
2561.6
2593.8
2616.8
2914.9
3218.2
3507.8
3539.6
3961.0
4218.2
4525.4
4640.3
4659.1
4771.8
4862.5
5040.0
5159.0
5498.4
5681.2
5999.3
6308.0
6617.6
6631.4
6882.0
7546.6
8291.8
8365.8
8491.6
8585.7
8645.3
8672.4
8675.0
8857.4
9818.6
9829.0
10175.2
10479.0
10532.5
10643.1
10834.9
11074.0
11100.6
11121.1
11459.8
11528.0
11637.5
11979.6
12063.6
12158.5
12378.9
12949.0
13168.0
13630.0
13770.1
13825.0
13825.2
14030.4
14163.0
14328.6
14476.6
14641.5
14706.6
14993.7
15013.8
15184.6
15277.2
15306.8
15507.4
15593.7
16393.4
16471.7
16547.6
16758.7
17041.5
17507.7
17762.9
17907.0
18321.0
18468.4
18698.3
18913.8
19161.5
19290.9
19657.2
20068.8
20269.0
20517.3
21486.1
21715.1
21864.3
22087.8
22187.3
22380.9
22418.2
22447.3
22614.6
22794.6
22800.5
22824.1
22912.8
