264.8
398.5
428.2
479.0
528.0
586.2
971.1
1417.9
1548.2
1740.5
1743.2
2189.2
2200.7
2205.3
2880.9
2969.0
3010.5
3205.7
3803.0
3836.8
4025.1
4159.6
4161.4
4162.7
4167.3
4227.0
4543.6
5035.1
5486.1
5774.2
6562.4
6674.8
6758.7
7187.2
7779.4
7995.0
8158.0
8265.7
8287.2
8572.6
8805.1
8994.3
9090.5
9165.1
9397.4
9419.5
9473.4
9563.3
9726.9
9866.9
10120.8
10335.4
10535.2
10540.6
10692.9
10773.5
11128.9
11433.9
11489.6
11559.3
11595.5
12117.9
12246.0
12905.8
13190.3
13254.8
13354.0
13689.9
13985.4
14271.2
14332.9
14484.7
14584.1
14743.9
14842.3
14994.1
15106.1
15184.2
15199.0
15235.7
15634.6
16167.8
16341.0
16463.4
16552.5
16775.2
17477.5
17562.0
17659.3
17667.5
18045.2
18216.5
18353.0
18385.7
18821.2
18978.8
19075.9
19079.6
19179.0
19222.2
19683.0
20468.7
21210.2
21217.0
21709.4
21756.8
21836.9
21959.8
21981.3
22251.2
22331.6
22483.1
22489.2
22525.6
22530.8
22867.5
22918.7
