198.6
204.5
416.7
1076.8
1398.8
1822.6
1829.2
1959.7
2229.1
2255.9
2494.0
2619.3
2641.8
2702.1
2746.7
3149.3
3153.5
3311.0
3471.9
3513.5
3694.5
4165.5
4316.8
4330.0
4349.2
4447.5
4553.7
4613.2
4821.1
5042.5
5060.1
5207.4
5267.2
5451.0
5545.4
5764.2
6308.7
6504.6
6958.3
6974.7
7027.3
7133.6
7303.2
7449.2
8471.3
8716.0
8811.7
8926.8
8962.1
9734.3
9850.2
9898.2
9954.3
10215.3
10584.6
10724.0
10778.6
11120.5
11421.1
11566.4
11637.1
11690.7
11844.3
11870.7
12227.3
12332.9
12434.9
12442.0
12542.8
12627.4
12846.4
13431.5
13474.8
13595.5
13643.3
13758.6
13900.6
14147.8
14259.9
14627.3
14698.7
14812.3
15003.8
15051.2
15169.8
15239.2
15494.5
15571.3
16192.5
16482.5
17035.2
17175.0
17200.7
17302.5
18209.0
18428.6
18685.7
18703.1
18846.9
19457.3
19739.7
19850.4
20056.6
20207.0
20218.2
20490.4
20597.0
20696.4
20725.7
20799.0
21239.4
21267.7
21354.9
21512.6
21656.3
21672.9
22007.0
22014.6
22360.7
22558.9
