83.3
486.0
640.3
702.6
833.4
1103.0
1507.1
1652.5
1834.6
1914.7
2366.9
2419.2
2677.2
2904.4
2912.8
3486.8
3500.1
3789.4
3914.2
3944.3
4166.3
4260.9
4346.4
4376.4
4656.9
4697.9
5531.7
6028.3
6696.4
6754.8
6793.0
7001.4
7004.4
7102.5
7132.1
7288.6
7504.6
7516.5
7632.2
7780.4
8318.6
8484.9
9012.6
9130.7
9214.8
9738.9
9833.2
10042.8
10053.0
10145.7
10272.8
10893.1
10932.8
10936.7
11099.7
11170.8
12303.7
12831.0
13073.0
13131.0
13288.6
13406.9
13465.5
13565.5
13968.7
14047.2
14051.0
14194.5
14502.7
14763.4
14857.9
14969.3
15136.9
15215.4
15315.8
15341.4
15695.4
15724.3
15752.9
16308.2
16982.8
17242.0
17514.8
17565.2
17570.3
17684.2
17706.3
17710.7
18419.6
18524.2
18800.2
18879.1
18928.0
19276.2
19356.6
19499.2
19635.1
19803.4
19991.1
20897.0
20917.5
20928.0
20987.6
21633.0
22065.9
22090.0
22279.3
22409.5
22534.3
22720.7
22882.1
