34.9
37.1
75.9
82.6
310.3
581.1
619.7
1322.7
1762.1
1763.0
1912.9
2083.8
2104.6
2198.8
2416.2
2816.3
3345.0
3840.4
3961.4
4096.0
4457.9
4552.7
4908.3
4965.2
5078.1
5145.3
5202.6
5217.5
5618.9
5970.6
6161.8
6233.0
6374.1
6382.6
6516.5
6586.2
6638.4
6799.8
6914.7
7097.4
7728.4
7810.1
7949.5
7976.8
8120.0
8394.6
8394.7
8843.3
10061.8
10075.8
10200.5
10213.9
10355.4
10553.7
10597.6
10742.7
10788.8
11207.4
11825.4
12004.8
12079.8
12115.3
12340.3
12480.8
12823.6
13185.3
13230.5
13566.3
13615.4
14016.9
14193.0
14380.8
14400.5
14480.7
14839.6
15071.8
15083.9
15088.9
15154.3
16128.9
16231.6
16299.5
16430.1
16594.6
16765.4
16787.6
17015.6
17045.1
17203.9
17205.2
17228.9
17239.2
17252.4
17910.9
17924.9
18393.8
18504.5
18669.4
18743.5
19718.6
19759.8
20194.6
20419.3
20486.7
20517.7
21648.4
21661.9
21719.8
21819.9
22049.2
22195.5
22248.4
