174.7
227.3
266.6
316.6
336.0
629.3
849.8
1084.9
1151.1
1505.5
2098.5
2107.0
2220.5
2454.9
2721.1
2763.7
2937.2
2949.0
3152.4
3187.8
3509.9
3566.9
3684.0
3821.8
3855.7
4141.3
4444.0
4833.4
4958.5
4977.3
5058.2
5093.3
5142.5
5205.2
5247.7
5853.2
5889.9
6017.3
6323.2
6545.5
6545.9
6839.3
6892.5
7212.6
7241.7
7525.3
7548.1
7762.5
7955.7
8147.5
8364.3
8542.4
8680.0
8866.9
8935.1
9180.2
9394.9
10033.0
10213.3
10707.5
11130.1
11142.0
11268.6
11385.8
11488.4
12450.6
12513.5
12885.4
13304.2
13317.6
13955.2
14085.1
14361.3
14907.2
15068.0
15133.8
15744.1
15923.5
16922.0
16969.1
17108.8
17155.5
17313.5
17430.2
17451.1
17541.3
17604.1
17666.9
18030.0
18072.4
18213.7
18338.2
18370.0
18386.4
18438.6
18888.4
18925.2
19049.8
19194.0
19455.4
19649.9
20364.1
20397.2
20414.7
20499.8
20804.0
21055.2
21064.6
21177.4
21265.6
21438.4
21521.1
21588.6
22683.9
22707.0
22989.1
