323.8
774.3
859.1
1131.5
1150.7
1253.5
1272.7
1478.3
1684.1
2073.7
2763.8
3257.6
3736.8
3836.3
4072.1
4253.9
4644.0
4984.5
5132.8
5236.1
5822.2
6049.1
6077.8
6085.3
6286.9
6377.9
6480.9
6619.7
6937.1
7513.8
7784.8
8014.3
8080.9
8596.7
8812.2
9251.2
9615.8
10029.8
10262.9
10370.2
10778.7
11022.9
11422.2
11465.5
11558.3
11716.7
12109.7
12976.8
13087.1
13276.7
13505.1
13580.4
13636.1
13682.9
13810.5
14078.2
14630.0
14722.3
14981.2
15050.2
15465.9
15488.1
15665.3
15773.4
15775.9
16258.7
16347.6
16553.3
16622.7
16814.6
17186.4
17441.1
17610.9
17678.5
18108.7
18137.0
18516.2
18517.3
18550.7
18897.7
19421.2
19483.6
19512.8
19577.1
19656.1
20006.2
20067.1
20094.4
20171.4
20206.1
20442.4
20466.7
20752.7
21173.5
21267.1
21367.9
21396.9
21502.7
21550.0
21675.9
21843.6
22226.8
22248.3
22303.8
22560.9
22716.0
22926.6
