835.3
947.1
1113.2
1259.0
1526.4
1660.1
1817.5
1876.8
2273.8
2881.6
3377.3
3851.7
4104.4
4270.1
4475.8
4577.5
4624.9
4730.3
6048.6
6073.8
6465.3
6520.3
6578.5
6765.3
6880.1
6942.5
7168.0
7210.1
7332.7
7378.7
7876.4
7901.6
7906.0
8168.0
8542.5
8719.2
8959.0
9454.6
9529.9
9757.5
10069.1
10070.2
10157.4
10256.1
10256.6
10282.4
10603.5
10803.9
10914.2
11032.3
11068.1
11083.6
11494.2
11517.1
11891.6
12049.5
12053.9
12079.2
12142.8
12495.7
12631.4
12727.7
13205.8
13533.0
13621.5
13701.4
13786.8
13993.9
14017.0
14392.4
14443.6
14661.3
14916.5
15174.3
15675.7
15778.6
15861.7
15866.6
15869.9
16044.9
16305.7
16379.7
16841.4
16844.1
17500.7
17709.5
17881.7
18084.6
18205.6
18294.8
18331.1
18400.8
18698.4
18885.6
19037.8
19140.4
19305.1
19700.4
19979.2
20103.7
20385.2
20445.1
20635.4
21084.6
21395.9
21477.3
21803.7
21826.9
22095.7
22163.3
22239.1
22419.2
22428.5
22443.0
22727.7
22810.5
