27.7
34.2
477.8
509.4
699.7
786.7
973.7
1046.8
1183.8
1677.5
1736.6
1922.5
2064.2
2415.5
2575.1
3007.5
3301.7
3309.2
3638.8
3639.7
3663.6
3670.2
4157.3
4799.0
4855.0
4873.7
5432.0
5596.1
5677.3
6137.0
6512.2
6530.1
6595.8
6637.0
7099.4
7107.6
7224.7
7303.1
7322.2
7397.8
7501.1
7659.0
7672.3
7694.8
7913.8
7975.6
8865.3
8895.7
8973.5
9000.5
9252.0
9343.8
9411.9
9514.7
9939.0
10093.8
10159.1
10527.7
10604.2
10614.5
11132.6
11187.8
11406.2
11642.4
11650.8
11793.2
12264.1
12539.8
12809.6
13019.4
13369.1
14102.3
14189.7
14415.9
14852.9
15151.1
15330.6
15415.3
15451.8
15635.3
15783.0
16098.4
16112.0
16743.6
16932.5
17526.5
17556.5
17783.8
17909.9
18093.0
18232.1
18758.7
18979.6
19408.7
19768.2
19863.5
19885.2
20080.5
20295.5
20580.6
20607.7
20711.9
20878.9
21038.1
21397.3
22193.6
22561.8
