355.1
553.0
825.3
942.9
1295.2
1455.5
1771.6
1960.0
2342.2
2445.3
2519.9
2536.6
2559.7
2770.2
2841.0
2857.5
2976.3
3013.0
3325.3
3563.8
3660.6
3769.0
4039.3
4463.6
4654.7
4675.8
4849.3
5265.1
5512.2
5721.7
5965.7
6227.3
6325.7
6332.5
6672.2
6678.0
7130.1
7597.7
8049.8
8554.0
8565.9
8618.9
8756.5
8973.1
9098.5
9281.4
9409.0
9590.7
9729.6
9989.2
10126.7
10309.0
10928.8
11024.5
11275.4
11556.5
12038.5
12047.5
12638.4
12719.4
12753.5
12811.7
13056.2
13261.1
13485.7
13598.8
13858.6
13893.9
14425.3
14449.5
14585.6
14750.3
14751.1
15043.4
15233.6
15272.3
15285.7
16239.7
16242.8
16763.1
16838.8
16959.8
17180.8
17186.6
17273.4
17574.7
17840.5
18044.1
18133.6
18345.1
18421.2
18596.9
18694.9
18800.1
18833.8
19214.3
19246.0
19361.2
19362.1
19373.5
19640.4
19662.9
19772.6
19869.3
20155.4
20646.4
20744.0
21924.8
22188.2
22374.4
22451.3
22788.0
22874.2
