28.5
80.4
472.6
595.2
919.3
968.4
1147.5
1362.7
1511.1
1539.4
1632.9
1650.6
1686.3
1902.6
2447.1
2542.3
2675.0
2675.8
2678.4
2764.1
2827.9
2966.5
3038.6
3166.1
3247.9
3557.0
4092.4
4507.5
4507.9
4997.5
5118.8
5183.4
5311.2
5372.9
5443.9
5654.6
5980.6
6526.9
6568.5
6942.1
6989.0
7201.7
7202.2
7226.6
7381.4
7743.2
7810.9
8251.6
8263.5
8272.7
8381.2
8410.3
8495.2
8605.5
9084.8
9089.1
9162.6
9418.9
9941.6
10800.7
10843.1
11354.3
11667.7
12077.6
12110.4
12819.8
13031.6
13077.2
13654.0
13960.7
14373.9
14473.2
14480.6
14794.6
14886.1
15024.6
15108.4
15129.1
15136.4
15154.9
15462.1
15701.5
15817.9
16163.1
16277.3
16282.2
16444.3
16632.6
16671.7
16884.8
16941.4
17346.9
17569.8
17597.5
17600.4
17640.2
17652.0
17656.0
17772.4
17959.3
17977.5
18112.2
18173.5
18428.2
18814.6
18983.4
19317.3
19392.3
19483.5
19560.5
19908.2
20091.7
20108.7
20222.8
20390.8
20410.1
20862.6
20867.8
21047.5
21394.4
22001.6
22513.0
22537.1
22950.6
