95.4
556.1
574.6
735.6
870.5
906.3
1232.6
1255.6
1346.2
1698.9
1712.4
1859.1
1979.7
2028.1
2041.4
2267.2
2272.9
2401.9
2415.5
2809.2
2877.3
2978.7
3048.2
3250.4
3701.7
3888.6
4132.8
4253.2
4444.3
5053.3
5077.4
5133.0
5523.1
5566.7
5683.7
5918.8
6258.9
6343.3
6480.3
6781.3
7049.2
8580.0
8936.6
8968.9
9487.1
9637.9
9765.6
9851.3
10430.8
10565.9
11046.3
11414.7
11455.3
11504.5
11662.2
11675.2
11733.8
11976.0
12143.6
12213.6
12445.8
12588.9
12717.0
12859.1
12935.5
13167.6
13450.9
13597.7
13788.4
14078.2
14173.9
14553.6
14655.6
14741.7
14825.2
15119.6
15176.0
15225.4
15501.4
15669.9
15872.7
16094.7
16219.0
16239.3
16538.8
16683.2
16788.9
16796.3
16927.4
17007.5
17427.7
17546.7
17713.4
17856.1
17951.9
18222.0
18271.4
19073.2
19075.1
19081.5
19198.6
19774.8
20120.1
20597.6
21128.6
21450.0
21919.1
22045.2
22283.5
22586.7
22679.3
22763.7
