99.8
386.4
1002.4
1413.9
1477.5
1929.9
2025.0
2176.4
2300.9
2506.1
2612.6
2637.6
2987.9
3033.0
3476.7
3597.2
3939.1
3958.0
4053.3
4120.5
4319.3
4330.3
4675.3
4685.4
4893.7
5028.7
5135.5
5400.3
5587.9
5842.3
6037.2
6428.2
7055.0
7196.6
7587.3
7614.9
7639.3
7668.3
7692.5
7987.4
8084.7
8559.1
8758.0
9018.3
9431.1
9488.1
9558.0
9659.3
9980.2
9983.8
10590.8
11131.6
11522.3
12283.2
12305.7
12356.8
12783.0
13158.4
13553.7
13695.3
13816.1
13936.2
13970.8
14025.8
14119.3
14259.2
14696.5
14757.4
14884.4
15076.1
15177.9
15599.3
15608.7
15765.8
15895.6
16156.0
16197.6
16439.8
16601.7
16875.3
17219.9
17396.9
17775.2
17891.0
18016.1
18255.7
18370.3
18457.0
18731.3
19056.4
19228.4
19243.2
19316.1
19345.9
19654.2
19757.4
19769.7
20208.3
20242.3
20263.3
20270.7
20338.3
20517.6
20639.7
20665.4
20671.6
20822.3
21078.7
21192.1
21455.3
21635.7
21743.6
21788.4
22127.9
22345.4
22486.5
22582.7
22616.5
22923.8
22932.5
