519.6
576.0
1714.3
2146.4
2501.8
2633.1
2646.0
3484.2
3543.3
3740.9
3955.4
4250.5
4251.1
4266.0
4443.4
5331.9
5366.9
5471.3
5559.1
6075.5
6212.6
6227.5
6241.2
6307.2
6373.4
6421.6
6469.0
6639.1
6988.0
7200.9
7267.5
7291.9
7383.7
7484.6
7639.7
8040.0
8066.5
8157.1
8527.5
8681.8
8815.6
8953.4
8963.8
8997.9
9147.0
9507.0
9687.0
9965.8
10027.3
10267.5
10539.4
10624.7
10816.0
11159.3
11391.5
11446.1
11821.2
12048.6
12340.9
12983.6
13582.1
13634.9
14127.0
14590.2
14804.3
15268.9
15606.6
15682.3
16238.3
16386.4
16699.7
17228.3
17570.0
17635.7
18043.4
18204.8
18874.8
19108.4
19108.9
19121.5
19269.6
19675.3
19774.7
20268.4
20302.1
20471.7
20802.0
20816.6
20912.5
21046.3
21100.9
21295.2
21406.4
21429.5
21440.4
21557.6
21626.0
21850.6
21910.9
22097.1
22198.0
22705.1
22845.3
22918.0
